"","pid.chr","data.i","position","logratio"
"1","20074.16",1,60778,-1.42764663774875
"2","20074.16",2,61589,-0.409602838675478
"3","20074.16",3,62017,-0.487889273198291
"4","20074.16",4,85828,-1.97295102629316
"5","20074.16",5,86126,-0.405782842153181
"6","20074.16",6,86236,0.129459524407589
"7","20074.16",7,86671,-0.309203399786159
"8","20074.16",8,87801,0.136806074263791
"9","20074.16",9,89590,-0.293203375127717
"10","20074.16",10,90677,-1.28474246408442
"11","20074.16",11,91010,0.279991708671258
"12","20074.16",12,91193,-0.544537879865087
"13","20074.16",13,94808,0.509800372983013
"14","20074.16",14,95481,0.367394504015379
"15","20074.16",15,95580,-0.233615300618823
"16","20074.16",16,95672,-0.520892475983423
"17","20074.16",17,96950,-0.15578492212863
"18","20074.16",18,101263,-0.20307749932604
"19","20074.16",19,107001,-0.40995313420151
"20","20074.16",20,107162,0.440575940536582
"21","20074.16",21,107275,-0.389805187247579
"22","20074.16",22,107417,-1.13403128640123
"23","20074.16",23,110703,-0.11838652510417
"24","20074.16",24,110718,-0.0551986907452005
"25","20074.16",25,110790,0.0257217316898126
"26","20074.16",26,110871,0.670791038580293
"27","20074.16",27,114027,-0.624345288987047
"28","20074.16",28,114143,-0.400538597740359
"29","20074.16",29,114184,-0.644344459621556
"30","20074.16",30,114535,0.329529903853481
"31","20074.16",31,115072,0.546146214767233
"32","20074.16",32,115185,-0.260912010551523
"33","20074.16",33,119729,0.19074121384744
"34","20074.16",34,130406,0.211164329734825
"35","20074.16",35,130429,0.239777077776556
"36","20074.16",36,130853,0.227805240958959
"37","20074.16",37,138517,-0.998653859482625
"38","20074.16",38,138563,0.0884428882594683
"39","20074.16",39,138603,-0.427536593740656
"40","20074.16",40,138636,0.117945762632981
"41","20074.16",41,139367,0.264583425857311
"42","20074.16",42,141659,-0.643490335220847
"43","20074.16",43,143139,-0.550056948487882
"44","20074.16",44,143503,0.883128905221393
"45","20074.16",45,143877,0.157324735823113
"46","20074.16",46,143927,-0.93568457643912
"47","20074.16",47,144312,-0.181167401350819
"48","20074.16",48,144535,-0.415659693612974
"49","20074.16",49,144594,-0.48226303616416
"50","20074.16",50,145884,0.543752564687037
"51","20074.16",51,147613,-0.593748922987504
"52","20074.16",52,151851,0.063903638309414
"53","20074.16",53,152472,0.78328455898965
"54","20074.16",54,153547,0.280450574109932
"55","20074.16",55,154345,1.20802797466943
"56","20074.16",56,154742,-0.371079940858793
"57","20074.16",57,155320,-0.066569977949377
"58","20074.16",58,155358,-0.0277817554640629
"59","20074.16",59,157141,0.257587474001119
"60","20074.16",60,158341,-0.153208917625856
"61","20074.16",61,158512,-0.0101455648751916
"62","20074.16",62,159465,-0.617266879145725
"63","20074.16",63,159495,-0.911263554319027
"64","20074.16",64,161938,-0.0139162702132598
"65","20074.16",65,163110,-0.517672514451947
"66","20074.16",66,163351,-0.014747963985851
"67","20074.16",67,163598,0.976968597364535
"68","20074.16",68,163626,0.712119451763502
"69","20074.16",69,164428,0.395875574739077
"70","20074.16",70,164533,1.13735522732974
"71","20074.16",71,164935,-0.501812662064318
"72","20074.16",72,168691,-0.17307723785032
"73","20074.16",73,169359,-0.667053171218934
"74","20074.16",74,169385,-0.3317938369179
"75","20074.16",75,169412,0.092991618401685
"76","20074.16",76,169430,-0.057984777430792
"77","20074.16",77,174196,0.790352186852677
"78","20074.16",78,178824,0.0117289805907701
"79","20074.16",79,180327,0.11199152433141
"80","20074.16",80,182467,-0.835538075238774
"81","20074.16",81,183855,-1.150246889984
"82","20074.16",82,183974,0.911904629607929
"83","20074.16",83,183989,-0.80265726948753
"84","20074.16",84,184167,-0.343069997612426
"85","20074.16",85,186673,-1.72993849311894
"86","20074.16",86,186730,-0.97066962000032
"87","20074.16",87,186751,-0.889900409878768
"88","20074.16",88,193816,0.53470844056307
"89","20074.16",89,196525,0.593224527821421
"90","20074.16",90,196540,1.02963037793172
"91","20074.16",91,197049,0.67125634342769
"92","20074.16",92,197093,-0.136783563749733
"93","20074.16",93,201389,-0.330294646828005
"94","20074.16",94,204945,-0.824975188699667
"95","20074.16",95,205035,0.850574532321693
"96","20074.16",96,205144,0.284599567994511
"97","20074.16",97,205285,0.294016121734642
"98","20074.16",98,205333,-1.37959657752145
"99","20074.16",99,205679,-0.481513584883836
"100","20074.16",100,220326,0.867566192688318
"101","20074.16",101,221057,-0.42139477506833
"102","20074.16",102,232087,-1.1795586924585
"103","20074.16",103,232111,-0.550839001916525
"104","20074.16",104,232126,-1.31521568061329
"105","20074.16",105,240280,0.0973587790685686
"106","20074.16",106,240962,0.702629450396237
"107","20074.16",107,241210,0.173683537707648
"108","20074.16",108,241309,-0.180974330140178
"109","20074.16",109,249719,-0.0962208332258019
"110","20074.16",110,253589,-2.37897669035234
"111","20074.16",111,256278,0.499454611948297
"112","20074.16",112,256379,-0.24821233375248
"113","20074.16",113,257273,0.457228415036355
"114","20074.16",114,259791,0.405866944082763
"115","20074.16",115,262299,0.88022453926219
"116","20074.16",116,262394,-1.80530048666668
"117","20074.16",117,265826,-0.999037810831246
"118","20074.16",118,266579,0.183645134128332
"119","20074.16",119,269033,-0.262496201196013
"120","20074.16",120,271794,0.999946462133852
"121","20074.16",121,272928,-0.493909148997444
"122","20074.16",122,276377,0.5278691453487
"123","20074.16",123,276549,0.664906066545575
"124","20074.16",124,277458,0.0400480201919819
"125","20074.16",125,277626,0.490977900396847
"126","20074.16",126,282171,-1.6711419887239
"127","20074.16",127,293402,-0.949727096699743
"128","20074.16",128,293562,0.478653590334416
"129","20074.16",129,293915,0.393845948622615
"130","20074.16",130,294386,0.25921740504779
"131","20074.16",131,294670,-0.76724080678062
"132","20074.16",132,300641,0.264755588213981
"133","20074.16",133,303857,0.328279809870652
"134","20074.16",134,305656,-0.983726563415065
"135","20074.16",135,309155,-0.21925002253421
"136","20074.16",136,310380,0.37133376966957
"137","20074.16",137,311853,0.000967462318721246
"138","20074.16",138,312635,0.750232342252208
"139","20074.16",139,313271,-0.685517795496079
"140","20074.16",140,318413,0.546720328584283
"141","20074.16",141,319511,0.504759657323258
"142","20074.16",142,319590,-1.52050219801259
"143","20074.16",143,349221,1.07865584381253
"144","20074.16",144,349293,0.340696492591028
"145","20074.16",145,351673,-0.410889616027061
"146","20074.16",146,351689,-0.262103136665209
"147","20074.16",147,351744,0.151757691249463
"148","20074.16",148,352736,0.221782074200886
"149","20074.16",149,356105,-0.113028945902088
"150","20074.16",150,356251,0.639352640299696
"151","20074.16",151,357140,-0.188140640796263
"152","20074.16",152,357424,0.158415179943361
"153","20074.16",153,358308,0.122643807484804
"154","20074.16",154,360283,-0.564745375751128
"155","20074.16",155,360303,-0.420659848350335
"156","20074.16",156,360317,-0.331512757111544
"157","20074.16",157,360933,0.00845157275786779
"158","20074.16",158,361873,-0.31311230198923
"159","20074.16",159,364238,0.574632488322389
"160","20074.16",160,364581,-0.542199815969296
"161","20074.16",161,367984,0.385984876489252
"162","20074.16",162,369140,0.216759141941622
"163","20074.16",163,369384,0.268650506411798
"164","20074.16",164,369413,-0.00679276789525929
"165","20074.16",165,375782,-0.446270328367697
"166","20074.16",166,375900,0.803053264067311
"167","20074.16",167,376781,0.117606730864302
"168","20074.16",168,383754,0.696755054175253
"169","20074.16",169,385056,0.359607840213758
"170","20074.16",170,386414,0.646717498581435
"171","20074.16",171,386423,0.545037821336268
"172","20074.16",172,394830,0.586034164222029
"173","20074.16",173,395323,0.132641393025501
"174","20074.16",174,395396,-0.121152552662929
"175","20074.16",175,395837,-0.128848828199319
"176","20074.16",176,398643,0.444432778337267
"177","20074.16",177,400831,0.00217724352846727
"178","20074.16",178,401209,0.163172916189493
"179","20074.16",179,401227,-0.0814488459243776
"180","20074.16",180,407327,-0.949552395111517
"181","20074.16",181,407800,0.181200080070462
"182","20074.16",182,407845,0.57641530664623
"183","20074.16",183,414608,-0.223921795619966
"184","20074.16",184,416067,0.176235798747586
"185","20074.16",185,419092,-0.0419481642386828
"186","20074.16",186,419154,0.0532450964566094
"187","20074.16",187,423530,-1.13173714754887
"188","20074.16",188,430011,-0.575933366305392
"189","20074.16",189,441710,-0.00172784088035804
"190","20074.16",190,441809,-0.506660751014311
"191","20074.16",191,445898,-0.215426290528081
"192","20074.16",192,446362,0.769615001747206
"193","20074.16",193,449345,-0.151197023068909
"194","20074.16",194,453857,-1.1043835494662
"195","20074.16",195,454267,0.440546286704667
"196","20074.16",196,467585,0.339253655087391
"197","20074.16",197,470269,-0.385839229949718
"198","20074.16",198,471036,0.0688791726885754
"199","20074.16",199,480468,-0.516966726496092
"200","20074.16",200,482576,0.331508125779467
"201","20074.16",201,483017,-1.22024392519381
"202","20074.16",202,493968,0.484610575937114
"203","20074.16",203,494892,-1.10849163563459
"204","20074.16",204,496654,-0.432245757252185
"205","20074.16",205,500061,-0.508986696445728
"206","20074.16",206,500679,-0.185492372927278
"207","20074.16",207,504659,-0.677128004119194
"208","20074.16",208,507904,0.582286861851371
"209","20074.16",209,508082,-0.50264474938427
"210","20074.16",210,508628,-1.26369274187847
"211","20074.16",211,510640,-0.520046508472469
"212","20074.16",212,511080,0.579042480157159
"213","20074.16",213,511183,-1.09833497042931
"214","20074.16",214,511763,0.139882428452538
"215","20074.16",215,513776,0.141289029588686
"216","20074.16",216,514407,-0.366754180281036
"217","20074.16",217,516922,-0.164393928896974
"218","20074.16",218,522672,0.142206258613668
"219","20074.16",219,523931,-0.357487044535433
"220","20074.16",220,530380,-1.31420133968649
"221","20074.16",221,531107,-0.667945821347354
"222","20074.16",222,533465,0.496606893179282
"223","20074.16",223,534838,-0.156606116905296
"224","20074.16",224,536631,0.0199332165879014
"225","20074.16",225,536681,-1.89580738742743
"226","20074.16",226,536686,0.218352059565366
"227","20074.16",227,540343,0.0675471811598127
"228","20074.16",228,541760,-0.751322097532103
"229","20074.16",229,542029,1.05581413924167
"230","20074.16",230,542843,-1.36411602948809
"231","20074.16",231,546281,-0.875991308679736
"232","20074.16",232,547297,0.558141744784353
"233","20074.16",233,547327,0.482364620062303
"234","20074.16",234,549874,0.231039471748955
"235","20074.16",235,552621,-0.433280930048921
"236","20074.16",236,552906,0.294564138324881
"237","20074.16",237,556801,-0.152682932626989
"238","20074.16",238,556926,-0.770606607608347
"239","20074.16",239,565000,-0.301436158819015
"240","20074.16",240,572855,-0.5626385486279
"241","20074.16",241,589843,0.296379826910194
"242","20074.16",242,589861,-0.498867896261037
"243","20074.16",243,596442,-0.194362122707741
"244","20074.16",244,608264,0.10325516354884
"245","20074.16",245,612685,0.102134457396371
"246","20074.16",246,612783,1.09715490530114
"247","20074.16",247,630902,-0.0508038332445073
"248","20074.16",248,642153,-0.220549272816716
"249","20074.16",249,642209,-0.312658267247627
"250","20074.16",250,642233,-0.117972743683212
"251","20074.16",251,642362,-0.737461520188754
"252","20074.16",252,642550,-0.227029120629514
"253","20074.16",253,642610,-0.481614483705831
"254","20074.16",254,642633,-0.397362941818595
"255","20074.16",255,642744,0.110895437504859
"256","20074.16",256,642756,-0.520459774853385
"257","20074.16",257,642820,-0.151958439917307
"258","20074.16",258,642840,-0.503744584173898
"259","20074.16",259,643121,-0.143661497906415
"260","20074.16",260,643165,-0.358533896824668
"261","20074.16",261,643306,-0.379127246333392
"262","20074.16",262,643392,-0.220303316189908
"263","20074.16",263,643435,-0.279189631015471
"264","20074.16",264,643564,0.1784879393645
"265","20074.16",265,647282,0.457676040821439
"266","20074.16",266,647298,-0.254039321834486
"267","20074.16",267,647335,-0.0471730303671025
"268","20074.16",268,647347,0.339101883614425
"269","20074.16",269,647412,0.578202639755262
"270","20074.16",270,647429,0.85560172587912
"271","20074.16",271,650788,0.168859332195962
"272","20074.16",272,650885,-0.898999932547719
"273","20074.16",273,651062,0.125901199109089
"274","20074.16",274,651129,0.643756910543973
"275","20074.16",275,651251,0.0931810684466674
"276","20074.16",276,651279,-0.0854308055013453
"277","20074.16",277,651327,-0.341131728838954
"278","20074.16",278,651408,0.246937458405498
"279","20074.16",279,651526,-0.296972423965493
"280","20074.16",280,651600,-0.774010902399655
"281","20074.16",281,651714,0.133948200058597
"282","20074.16",282,651789,-1.55595419941809
"283","20074.16",283,652299,0.196551813496879
"284","20074.16",284,652784,-1.07260646847858
"285","20074.16",285,652941,0.39717498071746
"286","20074.16",286,653046,-0.616660512387156
"287","20074.16",287,653153,0.0720401437313072
"288","20074.16",288,653168,-0.790232224097338
"289","20074.16",289,653285,-1.57362200936299
"290","20074.16",290,653334,-1.17753337917439
"291","20074.16",291,653460,-0.693156915417439
"292","20074.16",292,653504,-0.621906025018213
"293","20074.16",293,653676,1.1492120341268
"294","20074.16",294,653846,-1.12270155923632
"295","20074.16",295,653863,0.21223846412375
"296","20074.16",296,655262,0.262899726130574
"297","20074.16",297,668896,0.70397800223367
"298","20074.16",298,668904,0.839795822784859
"299","20074.16",299,668968,0.699313470225111
"300","20074.16",300,668981,-0.586094888790922
"301","20074.16",301,668986,-0.515731257462904
"302","20074.16",302,677854,0.609430873164423
"303","20074.16",303,711905,-0.662320437116495
"304","20074.16",304,714155,0.122797135617619
"305","20074.16",305,716287,-0.0521226161369057
"306","20074.16",306,719933,-0.292244713178061
"307","20074.16",307,724084,0.370918636718549
"308","20074.16",308,731725,-0.0494697844677985
"309","20074.16",309,731771,-1.00157080447397
"310","20074.16",310,732044,-0.270036497191392
"311","20074.16",311,732716,0.212118735363984
"312","20074.16",312,746833,-2.91372808080951
"313","20074.16",313,751873,-0.182352896542147
"314","20074.16",314,752682,-0.90636914930753
"315","20074.16",315,754083,0.34007549737417
"316","20074.16",316,761768,-0.81756027872328
"317","20074.16",317,762954,-1.7134017375706
"318","20074.16",318,766485,-0.0388400315803947
"319","20074.16",319,772842,-1.20905680196257
"320","20074.16",320,785279,-0.306236045796939
"321","20074.16",321,788278,-0.166033064297895
"322","20074.16",322,797787,-0.189211902591918
"323","20074.16",323,798659,-0.446981066001101
"324","20074.16",324,799385,-0.0666824303506166
"325","20074.16",325,831122,0.0317845387453808
"326","20074.16",326,831464,-0.493628689720982
"327","20074.16",327,831496,-0.143527085305911
"328","20074.16",328,840378,-0.037113251768278
"329","20074.16",329,854689,0.318357465204929
"330","20074.16",330,862833,-0.569011084992987
"331","20074.16",331,869391,0.241755639983427
"332","20074.16",332,869571,-0.430552223763157
"333","20074.16",333,869925,-0.0765452138198688
"334","20074.16",334,872305,-0.222161010478912
"335","20074.16",335,872531,-0.0909065583247557
"336","20074.16",336,872942,-0.161252970160318
"337","20074.16",337,886376,-0.0911094230104972
"338","20074.16",338,898328,0.101384242488623
"339","20074.16",339,898689,0.00657741246329646
"340","20074.16",340,900209,0.0860737557205091
"341","20074.16",341,901174,0.226562236356004
"342","20074.16",342,902352,0.603426285895224
"343","20074.16",343,906887,-0.875827486752779
"344","20074.16",344,910690,0.267054327963574
"345","20074.16",345,910950,0.502265176726175
"346","20074.16",346,911309,0.380530821004155
"347","20074.16",347,911717,0.12647719938635
"348","20074.16",348,914426,0.104587225857421
"349","20074.16",349,914484,-0.579317031256426
"350","20074.16",350,914556,-0.420170327085845
"351","20074.16",351,916122,0.209775356446638
"352","20074.16",352,931686,0.0201750609285805
"353","20074.16",353,931704,0.308690198946995
"354","20074.16",354,939795,-1.18500405921713
"355","20074.16",355,946524,-0.301295742910095
"356","20074.16",356,946897,1.46053036893711
"357","20074.16",357,948775,-0.824470844147434
"358","20074.16",358,955719,0.0707406430777198
"359","20074.16",359,957885,0.287203137482599
"360","20074.16",360,959446,0.523563681466565
"361","20074.16",361,966462,0.388687792976831
"362","20074.16",362,966818,0.211880340243496
"363","20074.16",363,969152,0.58505826203243
"364","20074.16",364,970544,-0.0261439395471079
"365","20074.16",365,970598,-0.872743462523717
"366","20074.16",366,970814,-0.174470929482355
"367","20074.16",367,979236,-0.856802805176835
"368","20074.16",368,980785,0.124543152820152
"369","20074.16",369,988889,-0.128216525984318
"370","20074.16",370,988998,-0.67556539890386
"371","20074.16",371,989028,-0.242283306217673
"372","20074.16",372,989381,-0.0696897875479179
"373","20074.16",373,989469,-0.0740133019939817
"374","20074.16",374,990386,0.199798836516074
"375","20074.16",375,990815,0.042477740460261
"376","20074.16",376,992253,-0.112930088418216
"377","20074.16",377,992300,-0.302165911780176
"378","20074.16",378,992590,-0.919889429750333
"379","20074.16",379,994364,0.544416913928509
"380","20074.16",380,994887,-0.427128838824444
"381","20074.16",381,1002526,0.33922418463358
"382","20074.16",382,1004694,0.574752893315906
"383","20074.16",383,1005361,0.377769362407038
"384","20074.16",384,1005667,0.256225430880073
"385","20074.16",385,1007268,0.606562398453234
"386","20074.16",386,1007304,0.868346978192784
"387","20074.16",387,1007461,0.252561257667499
"388","20074.16",388,1007763,0.161681212120128
"389","20074.16",389,1015210,-1.316454157396
"390","20074.16",390,1016057,-0.101496297992037
"391","20074.16",391,1018192,-0.0331752176561535
"392","20074.16",392,1022326,0.911475523835969
"393","20074.16",393,1026434,-0.399402044637218
"394","20074.16",394,1028504,-0.249016958320187
"395","20074.16",395,1042595,-0.597727175771109
"396","20074.16",396,1045001,-0.0733298186198414
"397","20074.16",397,1045191,0.207523901343353
"398","20074.16",398,1045686,-1.11318512453746
"399","20074.16",399,1045721,0.533090770713298
"400","20074.16",400,1045838,0.148383026290174
"401","20074.16",401,1049309,-0.934893900541956
"402","20074.16",402,1052943,-0.0660717615037232
"403","20074.16",403,1066396,0.849856474067988
"404","20074.16",404,1066398,-0.114182160351132
"405","20074.16",405,1073515,-0.358347349843267
"406","20074.16",406,1073552,0.851719300844016
"407","20074.16",407,1078763,-0.709505706682249
"408","20074.16",408,1088797,0.534185800320041
"409","20074.16",409,1089949,-0.0115227229230026
"410","20074.16",410,1092871,0.283099601224811
"411","20074.16",411,1109435,0.119298808807303
"412","20074.16",412,1111425,-0.626287606875868
"413","20074.16",413,1113695,0.155731616707795
"414","20074.16",414,1114258,-0.336977643659067
"415","20074.16",415,1119946,0.000683338005853962
"416","20074.16",416,1127343,0.263202597731774
"417","20074.16",417,1134267,0.767044987431679
"418","20074.16",418,1134459,-1.8406076169738
"419","20074.16",419,1134683,0.321505458659783
"420","20074.16",420,1135846,0.586440980302204
"421","20074.16",421,1137527,-0.449929241106317
"422","20074.16",422,1161810,0.548448614785381
"423","20074.16",423,1179031,-1.17273961896156
"424","20074.16",424,1186466,1.0064626430657
"425","20074.16",425,1187782,-0.000860363626093097
"426","20074.16",426,1212523,0.283921483130357
"427","20074.16",427,1225628,-0.569920964438261
"428","20074.16",428,1226198,-0.506212204470088
"429","20074.16",429,1228869,-0.458153993045301
"430","20074.16",430,1234871,-0.122888188408282
"431","20074.16",431,1234911,0.189855593190126
"432","20074.16",432,1234990,-0.156560627075823
"433","20074.16",433,1235314,-1.21649423574071
"434","20074.16",434,1251281,0.397851155856423
"435","20074.16",435,1252599,-0.309523777731317
"436","20074.16",436,1253529,0.217216547497147
"437","20074.16",437,1254369,-1.01228756890181
"438","20074.16",438,1272472,0.671640031373825
"439","20074.16",439,1273292,-0.694601456791823
"440","20074.16",440,1273803,0.379122624837483
"441","20074.16",441,1274482,0.434781196552454
"442","20074.16",442,1288531,-0.219423881550298
"443","20074.16",443,1297393,-0.766774124451337
"444","20074.16",444,1297721,0.204763756063566
"445","20074.16",445,1320593,0.214071351875191
"446","20074.16",446,1320727,-0.224067995555662
"447","20074.16",447,1335621,1.12281273834776
"448","20074.16",448,1336403,-0.214931392345252
"449","20074.16",449,1336438,0.317192534414217
"450","20074.16",450,1341020,-0.778922457541682
"451","20074.16",451,1345237,-0.898612359447447
"452","20074.16",452,1345765,0.0104526270747378
"453","20074.16",453,1349188,-0.153330851110844
"454","20074.16",454,1349209,0.0826311920132756
"455","20074.16",455,1349929,0.457886286865867
"456","20074.16",456,1350199,-0.0634167895297146
"457","20074.16",457,1353677,0.090019444603282
"458","20074.16",458,1365210,-0.0293837399947678
"459","20074.16",459,1368011,-0.452236888107254
"460","20074.16",460,1369176,-0.39245861944262
"461","20074.16",461,1369730,-0.921098007248617
"462","20074.16",462,1373400,-0.175659297714787
"463","20074.16",463,1373593,0.341824063796417
"464","20074.16",464,1381917,-0.0506795874613939
"465","20074.16",465,1394507,0.00952593701344728
"466","20074.16",466,1402875,-0.625873724225534
"467","20074.16",467,1404726,0.306859959808782
"468","20074.16",468,1404831,0.169302876867103
"469","20074.16",469,1414498,-0.312786394273227
"470","20074.16",470,1415299,-0.684669613097121
"471","20074.16",471,1415331,-0.690808524731011
"472","20074.16",472,1426587,0.289835127450695
"473","20074.16",473,1432013,-0.22385861095866
"474","20074.16",474,1444319,-0.00442258024757258
"475","20074.16",475,1444729,-0.982983477079788
"476","20074.16",476,1462535,0.0108293645102284
"477","20074.16",477,1468394,-0.841075043070934
"478","20074.16",478,1469648,0.379777936809039
"479","20074.16",479,1476465,0.365147287112829
"480","20074.16",480,1498572,-0.351763067314115
"481","20074.16",481,1499377,-0.586250727081734
"482","20074.16",482,1501375,1.34271230674144
"483","20074.16",483,1504149,0.605700770994033
"484","20074.16",484,1517728,0.525500261239311
"485","20074.16",485,1517791,-0.210544896736033
"486","20074.16",486,1521556,0.753317126593735
"487","20074.16",487,1522176,-0.215059501256212
"488","20074.16",488,1522531,-0.796980118846423
"489","20074.16",489,1522670,-0.0902283033668914
"490","20074.16",490,1525779,-0.106321440509948
"491","20074.16",491,1527373,-1.07151617339907
"492","20074.16",492,1527663,-0.73913381882272
"493","20074.16",493,1527747,0.386963067782646
"494","20074.16",494,1529012,-1.59615330677053
"495","20074.16",495,1529706,-0.000674277481002683
"496","20074.16",496,1537839,-0.389206583645741
"497","20074.16",497,1538692,-0.009633504439579
"498","20074.16",498,1541539,-1.21079777041488
"499","20074.16",499,1542687,0.211171243484143
"500","20074.16",500,1542737,-0.985061052612317
"501","20074.16",501,1546861,0.386689395954579
"502","20074.16",502,1555084,-2.07743783798063
"503","20074.16",503,1559838,0.227135112617776
"504","20074.16",504,1560886,0.56976885979489
"505","20074.16",505,1561001,-0.482325348658295
"506","20074.16",506,1561769,0.539948340444702
"507","20074.16",507,1564823,0.103355779549499
"508","20074.16",508,1565351,-0.017421844971576
"509","20074.16",509,1565719,-0.165131418881414
"510","20074.16",510,1566382,-0.268420054610163
"511","20074.16",511,1567536,-0.244742796614272
"512","20074.16",512,1568402,-0.450902596371995
"513","20074.16",513,1568466,-1.52698933344066
"514","20074.16",514,1569202,0.41067155253378
"515","20074.16",515,1569252,0.115685519155003
"516","20074.16",516,1569405,0.27334058873804
"517","20074.16",517,1578984,-0.333501882389723
"518","20074.16",518,1579011,0.0100121315445953
"519","20074.16",519,1579761,0.0561156027996645
"520","20074.16",520,1580437,-0.837638868307955
"521","20074.16",521,1582307,-1.05076218277379
"522","20074.16",522,1585115,-0.259535703596822
"523","20074.16",523,1586255,-0.49093528042418
"524","20074.16",524,1587735,0.113210710870269
"525","20074.16",525,1592524,0.26286588204757
"526","20074.16",526,1593273,-0.219780307271033
"527","20074.16",527,1593606,0.115010334427037
"528","20074.16",528,1593645,0.361216731148525
"529","20074.16",529,1593843,0.337577995972121
"530","20074.16",530,1597210,0.587212511603764
"531","20074.16",531,1598792,-0.414566520044188
"532","20074.16",532,1599739,-0.259314831259776
"533","20074.16",533,1601879,-0.412207581834107
"534","20074.16",534,1602594,-0.207245110441581
"535","20074.16",535,1610071,-0.806038885461482
"536","20074.16",536,1610229,-0.234011189518226
"537","20074.16",537,1612943,-1.40447364209458
"538","20074.16",538,1613620,-0.324790021694624
"539","20074.16",539,1614240,-0.0147570635138887
"540","20074.16",540,1621829,0.711880186762818
"541","20074.16",541,1622305,-0.474232616079617
"542","20074.16",542,1624142,0.213405750109957
"543","20074.16",543,1626705,0.354176212203167
"544","20074.16",544,1626742,0.639228660266517
"545","20074.16",545,1627050,0.656229697405577
"546","20074.16",546,1627469,-0.0850295523773577
"547","20074.16",547,1631852,-2.21953435154319
"548","20074.16",548,1632561,-0.383730428940676
"549","20074.16",549,1632901,0.314321652051077
"550","20074.16",550,1633100,-0.402276943164354
"551","20074.16",551,1636501,-0.868027976443847
"552","20074.16",552,1638759,-0.162832642520215
"553","20074.16",553,1643247,0.0352085959004853
"554","20074.16",554,1643281,-1.44924073845539
"555","20074.16",555,1645338,-0.131017654935366
"556","20074.16",556,1645745,0.056983349837397
"557","20074.16",557,1646255,0.177018136456314
"558","20074.16",558,1648615,0.32719078522173
"559","20074.16",559,1650946,0.667824450419338
"560","20074.16",560,1651062,-0.48386142712292
"561","20074.16",561,1651628,0.48228153774629
"562","20074.16",562,1654846,-0.144696049233301
"563","20074.16",563,1656321,1.00785898171138
"564","20074.16",564,1656446,-0.50646249002752
"565","20074.16",565,1656765,0.360762580634064
"566","20074.16",566,1657350,0.470653435470502
"567","20074.16",567,1657625,0.157371248084766
"568","20074.16",568,1660274,-0.101963548789778
"569","20074.16",569,1665469,-0.584140188722931
"570","20074.16",570,1665665,-0.56040042036322
"571","20074.16",571,1665724,0.141081745439062
"572","20074.16",572,1668138,-0.586133251454051
"573","20074.16",573,1669654,-1.14367599828348
"574","20074.16",574,1673742,0.0287354101071591
"575","20074.16",575,1673886,-0.130033376551504
"576","20074.16",576,1679209,-0.590670101585597
"577","20074.16",577,1679439,0.80265608489503
"578","20074.16",578,1680601,-0.184096386309116
"579","20074.16",579,1682972,-0.565513751295327
"580","20074.16",580,1684327,0.00426834466530845
"581","20074.16",581,1687705,-0.185815259404592
"582","20074.16",582,1688256,-0.237189043402941
"583","20074.16",583,1688426,-0.533230362526698
"584","20074.16",584,1690398,-0.354959637019971
"585","20074.16",585,1691106,0.919325807286998
"586","20074.16",586,1691281,-0.307062291384729
"587","20074.16",587,1692205,-0.0449338780190986
"588","20074.16",588,1692659,-0.507826240122117
"589","20074.16",589,1692902,0.150297013672789
"590","20074.16",590,1693626,0.0376828599574219
"591","20074.16",591,1693965,0.00690977630972522
"592","20074.16",592,1694085,-0.600819348343236
"593","20074.16",593,1694225,-0.102623554959763
"594","20074.16",594,1695776,0.281540482846705
"595","20074.16",595,1695792,0.12095727135519
"596","20074.16",596,1699218,-1.02107707757887
"597","20074.16",597,1700378,-0.363932595130464
"598","20074.16",598,1715454,0.129945148086991
"599","20074.16",599,1718777,-0.775894839265193
"600","20074.16",600,1720084,-0.999950866823037
"601","20074.16",601,1720758,0.0865453531471232
"602","20074.16",602,1722349,0.0892641823831184
"603","20074.16",603,1722385,0.34452442327813
"604","20074.16",604,1725766,0.21630183659607
"605","20074.16",605,1726197,-0.674498195699883
"606","20074.16",606,1727109,-0.673776135896239
"607","20074.16",607,1734364,0.927785642786223
"608","20074.16",608,1735671,-0.783159763474475
"609","20074.16",609,1737834,0.074347394810558
"610","20074.16",610,1738708,-0.431851070541719
"611","20074.16",611,1741095,0.756739334970759
"612","20074.16",612,1743019,-0.414718606850951
"613","20074.16",613,1744996,-0.381192159295218
"614","20074.16",614,1746794,1.09886179032603
"615","20074.16",615,1746954,0.795376334125714
"616","20074.16",616,1751431,-0.0845113697562594
"617","20074.16",617,1751898,0.547621439893516
"618","20074.16",618,1753332,0.166263166789636
"619","20074.16",619,1753429,-0.422554791489164
"620","20074.16",620,1753678,-0.122135312495456
"621","20074.16",621,1754621,0.371493596447958
"622","20074.16",622,1758775,-0.870840502663486
"623","20074.16",623,1759794,0.130235831901525
"624","20074.16",624,1760634,-0.916362421927046
"625","20074.16",625,1761275,0.0825458063947488
"626","20074.16",626,1761319,0.0426559758566629
"627","20074.16",627,1765213,-0.171625567635956
"628","20074.16",628,1767615,-0.983630650273932
"629","20074.16",629,1769028,-0.411812280372274
"630","20074.16",630,1772070,0.548692591142347
"631","20074.16",631,1773997,0.187528631262477
"632","20074.16",632,1777266,0.434622988835732
"633","20074.16",633,1780111,-0.793550487314321
"634","20074.16",634,1781525,-0.492371821958976
"635","20074.16",635,1784142,0.138185249864427
"636","20074.16",636,1784341,-0.418258874805712
"637","20074.16",637,1790328,-0.0458182901936697
"638","20074.16",638,1798955,0.471200513157579
"639","20074.16",639,1800951,0.317133770294528
"640","20074.16",640,1801567,-0.116545069015199
"641","20074.16",641,1805108,-0.354506105542226
"642","20074.16",642,1805352,-0.382111338337616
"643","20074.16",643,1806448,-0.326027941787786
"644","20074.16",644,1807472,-0.0510611330842758
"645","20074.16",645,1811915,0.0880149605420346
"646","20074.16",646,1812972,-0.650205750553736
"647","20074.16",647,1817431,0.112557354044819
"648","20074.16",648,1834724,0.0494206054289359
"649","20074.16",649,1835551,-0.76811785023733
"650","20074.16",650,1836255,0.121412705113025
"651","20074.16",651,1847868,-0.0222825745272912
"652","20074.16",652,1847991,0.422424094059587
"653","20074.16",653,1849943,0.315967412279215
"654","20074.16",654,1850398,0.0731568144876551
"655","20074.16",655,1850446,0.00470916723945169
"656","20074.16",656,1851826,-0.308100809232217
"657","20074.16",657,1852208,-0.699139367951863
"658","20074.16",658,1852775,0.327255086552625
"659","20074.16",659,1857865,-0.42132046425231
"660","20074.16",660,1858015,-0.358990970953141
"661","20074.16",661,1858069,-0.0672859827173573
"662","20074.16",662,1861753,-0.390050417515394
"663","20074.16",663,1862673,0.892391106843859
"664","20074.16",664,1862724,-0.0685613057000136
"665","20074.16",665,1863080,0.0320259738686808
"666","20074.16",666,1863520,0.567850352933765
"667","20074.16",667,1866664,0.618496670746203
"668","20074.16",668,1872459,-0.391395997370618
"669","20074.16",669,1872906,0.318559209287392
"670","20074.16",670,1872995,-0.40723503592037
"671","20074.16",671,1875767,0.0596189695466585
"672","20074.16",672,1880232,0.535190431530656
"673","20074.16",673,1881116,0.511678737888734
"674","20074.16",674,1881704,-0.883197050921695
"675","20074.16",675,1886250,0.584082335052567
"676","20074.16",676,1889259,0.377412310588189
"677","20074.16",677,1889821,0.606426555757053
"678","20074.16",678,1890056,0.17694512794453
"679","20074.16",679,1890100,0.188415041095578
"680","20074.16",680,1891900,-1.52898038558337
"681","20074.16",681,1892260,-1.02860650246287
"682","20074.16",682,1896680,0.0588839019393141
"683","20074.16",683,1901630,-0.58772444944591
"684","20074.16",684,1901809,0.609030355739132
"685","20074.16",685,1901844,0.198339388657118
"686","20074.16",686,1901893,0.199136224066534
"687","20074.16",687,1902105,0.475791377834823
"688","20074.16",688,1903651,1.16831154586008
"689","20074.16",689,1904103,0.0613398192904633
"690","20074.16",690,1904239,-0.30266854364626
"691","20074.16",691,1904506,-1.08243228017576
"692","20074.16",692,1904587,0.0181596350412647
"693","20074.16",693,1904616,-0.361456217802854
"694","20074.16",694,1905763,-0.131288511158129
"695","20074.16",695,1905874,0.518922618863139
"696","20074.16",696,1912021,-0.592549430147812
"697","20074.16",697,1914458,-0.872929266298295
"698","20074.16",698,1914876,0.267454730672529
"699","20074.16",699,1914889,-0.797179464020926
"700","20074.16",700,1915931,-0.367779205457021
"701","20074.16",701,1916103,0.937759526235937
"702","20074.16",702,1919079,-0.567573401348863
"703","20074.16",703,1919451,0.257399253007597
"704","20074.16",704,1919854,-0.027120937423847
"705","20074.16",705,1920629,0.168673520022392
"706","20074.16",706,1920664,0.164649361141645
"707","20074.16",707,1920678,0.0637573525084365
"708","20074.16",708,1920740,0.317836847651303
"709","20074.16",709,1920757,1.41131587663612
"710","20074.16",710,1920792,0.652809592539596
"711","20074.16",711,1923704,-0.9735533131052
"712","20074.16",712,1924802,0.239106791800538
"713","20074.16",713,1925334,0.435733231479369
"714","20074.16",714,1926433,-0.544381490430938
"715","20074.16",715,1928702,0.0815654330738749
"716","20074.16",716,1929667,0.546527461327929
"717","20074.16",717,1931056,0.107476868158821
"718","20074.16",718,1933255,0.223615322123967
"719","20074.16",719,1933408,-0.0577866219052012
"720","20074.16",720,1937170,-1.23792488053019
"721","20074.16",721,1938093,-0.320264164998241
"722","20074.16",722,1940270,-0.200234289785662
"723","20074.16",723,1945226,0.47326162842275
"724","20074.16",724,1946751,-0.106413757951324
"725","20074.16",725,1947259,0.245903147106353
"726","20074.16",726,1947279,-0.226942327309909
"727","20074.16",727,1947335,0.104050958511015
"728","20074.16",728,1947413,0.288682922608694
"729","20074.16",729,1953040,0.252401744664438
"730","20074.16",730,1954300,-0.282353364663312
"731","20074.16",731,1954508,-0.297097579821473
"732","20074.16",732,1958885,-0.336264479783467
"733","20074.16",733,1960381,-1.79410814365609
"734","20074.16",734,1966189,-0.152705912570573
"735","20074.16",735,1969939,0.233747059380095
"736","20074.16",736,1972006,-0.92782546206769
"737","20074.16",737,1972548,0.628019410287259
"738","20074.16",738,1972816,0.385116673577463
"739","20074.16",739,1973093,-0.397672053299649
"740","20074.16",740,1975775,-1.2846961769384
"741","20074.16",741,1978142,0.455901195430026
"742","20074.16",742,1986405,0.0681049359646799
"743","20074.16",743,1987032,0.0983495707423918
"744","20074.16",744,1988071,-1.56362545010125
"745","20074.16",745,1997614,-0.666178190601117
"746","20074.16",746,2010857,0.53604845754979
"747","20074.16",747,2010874,-0.856437577318158
"748","20074.16",748,2010970,-2.4212787371997
"749","20074.16",749,2011007,-0.423059300081007
"750","20074.16",750,2011126,-0.115606511065206
"751","20074.16",751,2011729,-1.8136114443563
"752","20074.16",752,2021069,-1.2537427146815
"753","20074.16",753,2025206,-0.748009561335975
"754","20074.16",754,2025678,-1.18269945981056
"755","20074.16",755,2026442,-0.429030649313954
"756","20074.16",756,2032056,-0.59498275453941
"757","20074.16",757,2036048,-0.66395477010003
"758","20074.16",758,2036631,-0.866218428230809
"759","20074.16",759,2041254,-0.0388967160196678
"760","20074.16",760,2041595,-0.809364927378589
"761","20074.16",761,2045448,0.461496919835832
"762","20074.16",762,2045748,-1.12703293984144
"763","20074.16",763,2061467,-0.671227878124753
"764","20074.16",764,2062065,-0.502613976494196
"765","20074.16",765,2063827,-0.626775014983706
"766","20074.16",766,2070932,-1.67704298459549
"767","20074.16",767,2071836,-0.0366495126538817
"768","20074.16",768,2089006,-0.667762981666771
"769","20074.16",769,2097158,0.615686207979613
"770","20074.16",770,2101591,0.750997243026604
"771","20074.16",771,2101749,0.488608211946656
"772","20074.16",772,2116980,0.286667066474066
"773","20074.16",773,2119069,-0.861711207022617
"774","20074.16",774,2119108,0.00459739666293491
"775","20074.16",775,2119124,0.449528338416765
"776","20074.16",776,2119187,0.0291109222487584
"777","20074.16",777,2119304,-0.441442496710479
"778","20074.16",778,2124547,-0.0307472031907778
"779","20074.16",779,2125834,-1.0050272318851
"780","20074.16",780,2145964,-0.177183867300924
"781","20074.16",781,2146460,-0.0854417341131652
"782","20074.16",782,2178576,-0.450446414911077
"783","20074.16",783,2232795,0.870984642706852
"784","20074.16",784,2237549,-0.286217117776766
"785","20074.16",785,2237847,0.036534486787998
"786","20074.16",786,2242897,-0.840183088862774
"787","20074.16",787,2248017,0.424605381571612
"788","20074.16",788,2248438,-1.27453739869175
"789","20074.16",789,2250208,-0.250535940472905
"790","20074.16",790,2254009,-0.712547859777023
"791","20074.16",791,2256820,-0.97758071763839
"792","20074.16",792,2263516,0.500090055854638
"793","20074.16",793,2266804,0.219895257416854
"794","20074.16",794,2268349,-0.155982771795316
"795","20074.16",795,2269085,1.18555726085206
"796","20074.16",796,2270113,0.472507807863393
"797","20074.16",797,2307944,-0.721580526834522
"798","20074.16",798,2308064,-0.334293416757978
"799","20074.16",799,2311160,-0.403030614072451
"800","20074.16",800,2312340,0.151568160069274
"801","20074.16",801,2312453,0.134561497545123
"802","20074.16",802,2312475,0.335126738646017
"803","20074.16",803,2313343,-0.403632118926335
"804","20074.16",804,2315246,0.110835706020222
"805","20074.16",805,2320510,0.842565357833261
"806","20074.16",806,2323394,-0.0870708278603223
"807","20074.16",807,2324069,-0.336125600837518
"808","20074.16",808,2324303,0.142554862109166
"809","20074.16",809,2328790,-0.0825776445699198
"810","20074.16",810,2328889,0.476851034790619
"811","20074.16",811,2330169,0.155905199469019
"812","20074.16",812,2330359,-0.691137255663872
"813","20074.16",813,2331469,0.00614225047759653
"814","20074.16",814,2336394,0.0763321242722927
"815","20074.16",815,2340603,-0.360994646485951
"816","20074.16",816,2345388,0.237924076419311
"817","20074.16",817,2346658,-0.667340646576974
"818","20074.16",818,2350526,-0.866204925076528
"819","20074.16",819,2353206,-0.177358313093152
"820","20074.16",820,2354458,0.581126929850016
"821","20074.16",821,2358760,-0.0265817845658232
"822","20074.16",822,2365288,0.644219628715239
"823","20074.16",823,2367509,-0.672272778376107
"824","20074.16",824,2368014,0.777622054705826
"825","20074.16",825,2368169,-0.700761821177775
"826","20074.16",826,2368200,-0.17394431399259
"827","20074.16",827,2369071,0.236911929936356
"828","20074.16",828,2370039,0.816738809961554
"829","20074.16",829,2371351,0.0357703822433155
"830","20074.16",830,2373625,0.161659854279423
"831","20074.16",831,2375031,0.336744127790992
"832","20074.16",832,2376200,-0.0725334933667003
"833","20074.16",833,2377349,1.86137783811037
"834","20074.16",834,2377363,-0.0442034373624445
"835","20074.16",835,2377508,0.465571008313906
"836","20074.16",836,2383268,0.141351491883119
"837","20074.16",837,2387343,0.65239294937223
"838","20074.16",838,2393422,0.0158391130087709
"839","20074.16",839,2393971,-0.330037625677943
"840","20074.16",840,2394498,-0.636748688427917
"841","20074.16",841,2401820,-0.551022850663895
"842","20074.16",842,2407260,-0.328055076134277
"843","20074.16",843,2407746,-0.0413447118021839
"844","20074.16",844,2410131,0.388368381402434
"845","20074.16",845,2410152,0.484478496768321
"846","20074.16",846,2411184,-0.643902958474734
"847","20074.16",847,2412067,-0.742934323181959
"848","20074.16",848,2415030,-0.853387126608496
"849","20074.16",849,2415691,0.391200787633557
"850","20074.16",850,2415930,0.459791504209995
"851","20074.16",851,2416182,0.184339073486288
"852","20074.16",852,2418290,-0.806001889543409
"853","20074.16",853,2420372,0.296065183608483
"854","20074.16",854,2421237,-0.0271680552910425
"855","20074.16",855,2429894,-0.250417136307445
"856","20074.16",856,2430176,0.64234950157335
"857","20074.16",857,2434431,0.779880174752239
"858","20074.16",858,2435428,-0.280107772539827
"859","20074.16",859,2443770,0.124409772724419
"860","20074.16",860,2443943,0.264459020600143
"861","20074.16",861,2444194,0.948391977909187
"862","20074.16",862,2444814,-0.1640971531982
"863","20074.16",863,2445296,0.212286496640565
"864","20074.16",864,2445363,0.97510275997797
"865","20074.16",865,2445480,-0.256660931529786
"866","20074.16",866,2446021,0.319213316685384
"867","20074.16",867,2447028,-0.565609360567365
"868","20074.16",868,2454983,-0.394504206191007
"869","20074.16",869,2460377,-0.184453428340605
"870","20074.16",870,2460676,0.0182413916495401
"871","20074.16",871,2463134,0.0504642067643246
"872","20074.16",872,2463583,-1.14789295349847
"873","20074.16",873,2465053,-1.3682125478082
"874","20074.16",874,2465990,-0.191058468221518
"875","20074.16",875,2470178,0.725806117540471
"876","20074.16",876,2472151,-0.97773291684054
"877","20074.16",877,2472421,0.103703795100221
"878","20074.16",878,2476415,-0.163912128087732
"879","20074.16",879,2477129,-0.234851657944626
"880","20074.16",880,2478253,-0.117235031703147
"881","20074.16",881,2480806,-0.82297207206089
"882","20074.16",882,2483498,-1.37187280886886
"883","20074.16",883,2484783,-0.542822099192872
"884","20074.16",884,2484860,0.112463001372659
"885","20074.16",885,2488693,0.381623652960839
"886","20074.16",886,2496589,-0.563090494967697
"887","20074.16",887,2497878,0.0996547503863674
"888","20074.16",888,2498337,-0.813539975320245
"889","20074.16",889,2499011,0.231150755678597
"890","20074.16",890,2502641,1.46081651138881
"891","20074.16",891,2502796,0.0101385566673073
"892","20074.16",892,2503101,-0.412543053085039
"893","20074.16",893,2509644,-0.446219961911692
"894","20074.16",894,2527076,-0.249676382232452
"895","20074.16",895,2531869,-1.62166481604081
"896","20074.16",896,2534327,-1.02323647839953
"897","20074.16",897,2541762,-0.139476627190413
"898","20074.16",898,2542145,0.345398834872811
"899","20074.16",899,2542206,0.0511777402120401
"900","20074.16",900,2542766,-0.612164093735903
"901","20074.16",901,2555839,-0.122537258401556
"902","20074.16",902,2556244,0.122649888186021
"903","20074.16",903,2567116,0.145541113232206
"904","20074.16",904,2568807,0.40126718123915
"905","20074.16",905,2581360,0.135480813673635
"906","20074.16",906,2581463,-0.377100827422956
"907","20074.16",907,2587172,-0.0785364343686217
"908","20074.16",908,2590025,-0.133724741228216
"909","20074.16",909,2591213,-0.170797421107024
"910","20074.16",910,2594039,0.136197058532809
"911","20074.16",911,2621149,0.339143159219202
"912","20074.16",912,2635894,0.32641062142537
"913","20074.16",913,2635948,-0.843752710962058
"914","20074.16",914,2636526,-1.23676591478757
"915","20074.16",915,2638603,-0.650286657771567
"916","20074.16",916,2639897,0.198351433766894
"917","20074.16",917,2643309,-0.29297539864637
"918","20074.16",918,2645965,-0.00302282493116746
"919","20074.16",919,2646120,-0.110359451515906
"920","20074.16",920,2648741,-0.272403023157697
"921","20074.16",921,2651278,0.32302814623348
"922","20074.16",922,2651292,0.387078870733586
"923","20074.16",923,2653157,-0.332437137686517
"924","20074.16",924,2679669,-0.0110377583584214
"925","20074.16",925,2705942,-1.07054188881335
"926","20074.16",926,2705983,-1.13103062670829
"927","20074.16",927,2706796,-0.498528402580011
"928","20074.16",928,2709457,0.6733589611059
"929","20074.16",929,2711316,1.00755089658486
"930","20074.16",930,2711865,0.574177053303464
"931","20074.16",931,2712142,0.240290359648668
"932","20074.16",932,2712155,0.608162904346977
"933","20074.16",933,2714087,-0.300886900366128
"934","20074.16",934,2714125,0.0624223675128954
"935","20074.16",935,2716313,0.405352439836146
"936","20074.16",936,2716435,0.507744237128054
"937","20074.16",937,2716633,-0.268064902614805
"938","20074.16",938,2716938,0.156543882413182
"939","20074.16",939,2721964,-0.427029429179566
"940","20074.16",940,2722370,-0.848504950775903
"941","20074.16",941,2726877,0.0454564307013445
"942","20074.16",942,2729702,0.597243725091997
"943","20074.16",943,2738180,-0.625431124052084
"944","20074.16",944,2740841,-0.0329073875280503
"945","20074.16",945,2741812,-0.120767398410107
"946","20074.16",946,2747857,0.382386364044817
"947","20074.16",947,2749086,-0.556552152504605
"948","20074.16",948,2749530,-0.193657693167893
"949","20074.16",949,2750192,-0.00295760337237461
"950","20074.16",950,2753180,0.198048090924368
"951","20074.16",951,2753847,-0.802722059079066
"952","20074.16",952,2754058,-0.806514505270269
"953","20074.16",953,2754120,-0.0261388117414825
"954","20074.16",954,2755188,-0.255767200575201
"955","20074.16",955,2759499,-0.469319898700161
"956","20074.16",956,2780961,0.232289687117984
"957","20074.16",957,2781680,-0.0138809855202258
"958","20074.16",958,2781959,0.414137205153115
"959","20074.16",959,2783548,-0.332440114412804
"960","20074.16",960,2788449,-0.291359304029235
"961","20074.16",961,2791631,0.610902547291876
"962","20074.16",962,2794308,-1.14521690801727
"963","20074.16",963,2794827,0.968078769512283
"964","20074.16",964,2799693,-0.906795583722957
"965","20074.16",965,2804830,0.542539366883388
"966","20074.16",966,2805689,0.846380818608291
"967","20074.16",967,2808493,-0.657932855178314
"968","20074.16",968,2817181,-1.52887677988843
"969","20074.16",969,2817992,-0.299364241797416
"970","20074.16",970,2824930,0.645353173549416
"971","20074.16",971,2824984,0.583373428946406
"972","20074.16",972,2825816,0.624160458880081
"973","20074.16",973,2825875,-0.0235694099599435
"974","20074.16",974,2826078,0.563277756257668
"975","20074.16",975,2826704,0.0718239159508292
"976","20074.16",976,2827973,0.265903704060379
"977","20074.16",977,2839632,-0.216448153366554
"978","20074.16",978,2840138,-0.293645968436245
"979","20074.16",979,2843101,-0.776491369470265
"980","20074.16",980,2845638,0.551829741705784
"981","20074.16",981,2855026,-0.75209452078509
"982","20074.16",982,2858210,0.329045735863597
"983","20074.16",983,2859587,-1.45349965125833
"984","20074.16",984,2859598,-1.94671833670049
"985","20074.16",985,2859745,-0.239670692645152
"986","20074.16",986,2860311,-0.130002742861532
"987","20074.16",987,2860470,0.0291060285977478
"988","20074.16",988,2860529,-0.450921228651429
"989","20074.16",989,2868783,0.0895330864592907
"990","20074.16",990,2871753,-0.265006753046569
"991","20074.16",991,2873313,-0.0596388712272562
"992","20074.16",992,2873644,0.0232477348792974
"993","20074.16",993,2874444,1.0289407511883
"994","20074.16",994,2874496,0.907098523083467
"995","20074.16",995,2874754,-0.385306073468723
"996","20074.16",996,2878131,-0.186802815090798
"997","20074.16",997,2878439,0.374984234611333
"998","20074.16",998,2879279,-0.709164808643476
"999","20074.16",999,2880105,0.445603560542948
"1000","20074.16",1000,2882267,0.910243923765926
"1001","20074.16",1001,2883164,0.657549675020214
"1002","20074.16",1002,2886523,0.128009651674849
"1003","20074.16",1003,2887328,0.141737114776991
"1004","20074.16",1004,2890002,-0.155032253632532
"1005","20074.16",1005,2891406,-1.26746643264861
"1006","20074.16",1006,2895349,0.291173691192324
"1007","20074.16",1007,2897411,0.424985978949917
"1008","20074.16",1008,2899130,-0.107521376737158
"1009","20074.16",1009,2900436,-0.52978003006786
"1010","20074.16",1010,2904871,0.455766649599748
"1011","20074.16",1011,2910786,-0.607528665980314
"1012","20074.16",1012,2910973,0.0940067603409949
"1013","20074.16",1013,2911320,0.333898088643125
"1014","20074.16",1014,2911776,0.0702659091228419
"1015","20074.16",1015,2912084,0.804275261687683
"1016","20074.16",1016,2916094,0.392065774841041
"1017","20074.16",1017,2916137,-0.0157882729260219
"1018","20074.16",1018,2919714,0.426537440587318
"1019","20074.16",1019,2920241,0.00608559803237618
"1020","20074.16",1020,2920607,0.346265023086791
"1021","20074.16",1021,2920764,0.0966158643046349
"1022","20074.16",1022,2921351,0.359086352455075
"1023","20074.16",1023,2924059,-0.0897504356428778
"1024","20074.16",1024,2924208,-0.117655519909252
"1025","20074.16",1025,2924914,0.0839805507404217
"1026","20074.16",1026,2928110,0.158160532196955
"1027","20074.16",1027,2928933,0.469907359935488
"1028","20074.16",1028,2929664,0.444695886645355
"1029","20074.16",1029,2929837,-0.258197216158599
"1030","20074.16",1030,2931374,-1.23104174211219
"1031","20074.16",1031,2934174,-0.0242142365630302
"1032","20074.16",1032,2934317,-0.85844083059401
"1033","20074.16",1033,2935843,-0.653674267785614
"1034","20074.16",1034,2945248,-1.10736385302723
"1035","20074.16",1035,2945814,0.0193979714811201
"1036","20074.16",1036,2947014,-0.579741205311497
"1037","20074.16",1037,2963261,0.193014924110537
"1038","20074.16",1038,2963528,0.620595851564267
"1039","20074.16",1039,2964090,0.852304813066135
"1040","20074.16",1040,2964283,0.147227669596042
"1041","20074.16",1041,2964617,-0.73338919700687
"1042","20074.16",1042,2965470,0.695722731727098
"1043","20074.16",1043,2969092,0.491657296519054
"1044","20074.16",1044,2969698,-0.837490384590352
"1045","20074.16",1045,2969821,-0.0549350466307441
"1046","20074.16",1046,2969856,0.234098587314582
"1047","20074.16",1047,2972656,0.132184910542864
"1048","20074.16",1048,2974416,0.250646018395305
"1049","20074.16",1049,2974549,-0.744609243874227
"1050","20074.16",1050,2978495,-0.255181173368278
"1051","20074.16",1051,2979131,0.607811146691819
"1052","20074.16",1052,2989841,-1.31756596986745
"1053","20074.16",1053,2990817,-0.0993621540500795
"1054","20074.16",1054,2991354,-0.0396363939509108
"1055","20074.16",1055,2991471,0.0701488920363031
"1056","20074.16",1056,2992114,-0.156379187685793
"1057","20074.16",1057,2993027,0.148770694187077
"1058","20074.16",1058,2993376,-0.36380812677024
"1059","20074.16",1059,2993610,0.0198227580914816
"1060","20074.16",1060,2997255,-0.102044589503892
"1061","20074.16",1061,2998276,0.529519566160803
"1062","20074.16",1062,2998582,0.1286058769288
"1063","20074.16",1063,2998629,0.60488405855017
"1064","20074.16",1064,2999218,-0.158719504138993
"1065","20074.16",1065,3002825,0.0577923963335252
"1066","20074.16",1066,3003697,0.380803732526943
"1067","20074.16",1067,3004161,0.610377862222735
"1068","20074.16",1068,3004201,0.343130304072861
"1069","20074.16",1069,3007773,-1.05300495328188
"1070","20074.16",1070,3010510,0.537115701303924
"1071","20074.16",1071,3012130,-0.795697169730275
"1072","20074.16",1072,3025552,-0.876380160013503
"1073","20074.16",1073,3027296,-0.22159008164601
"1074","20074.16",1074,3027698,0.171643854057229
"1075","20074.16",1075,3029029,-0.649114265889024
"1076","20074.16",1076,3035042,-0.205776956257806
"1077","20074.16",1077,3036551,0.416064706985227
"1078","20074.16",1078,3055640,-0.661167934188871
"1079","20074.16",1079,3056242,-0.552903648140859
"1080","20074.16",1080,3056563,0.451905918532927
"1081","20074.16",1081,3056584,-0.516855825417556
"1082","20074.16",1082,3065069,-0.137025724458965
"1083","20074.16",1083,3065194,-0.0272611130200051
"1084","20074.16",1084,3065924,0.442632248499044
"1085","20074.16",1085,3066168,-0.416996987641687
"1086","20074.16",1086,3084109,0.441936514725726
"1087","20074.16",1087,3087557,-1.22511085435732
"1088","20074.16",1088,3089750,-0.359276396775184
"1089","20074.16",1089,3094109,0.759738014125012
"1090","20074.16",1090,3101639,-0.083369991836113
"1091","20074.16",1091,3102176,0.32691374049078
"1092","20074.16",1092,3102292,-0.0666085407613002
"1093","20074.16",1093,3111203,0.241218353664091
"1094","20074.16",1094,3111253,-0.91825976258186
"1095","20074.16",1095,3112084,-1.23555908168252
"1096","20074.16",1096,3112197,-0.442614119424195
"1097","20074.16",1097,3112694,-1.58339228136744
"1098","20074.16",1098,3115628,-0.98144700647258
"1099","20074.16",1099,3117354,0.0612348051966922
"1100","20074.16",1100,3117385,-0.540210037963567
"1101","20074.16",1101,3120119,-0.103266906642495
"1102","20074.16",1102,3121817,-0.463735855173618
"1103","20074.16",1103,3123561,0.217141536193444
"1104","20074.16",1104,3123686,0.651646666280009
"1105","20074.16",1105,3127654,-0.60229342625582
"1106","20074.16",1106,3133056,-0.208512331515927
"1107","20074.16",1107,3134265,-0.406886781383134
"1108","20074.16",1108,3134754,-0.226054039788654
"1109","20074.16",1109,3135291,-0.348003882919276
"1110","20074.16",1110,3135667,-0.75452496461769
"1111","20074.16",1111,3140616,-0.304782302741425
"1112","20074.16",1112,3140704,-0.290051460810248
"1113","20074.16",1113,3141713,0.29234247440749
"1114","20074.16",1114,3141939,-0.66319271029319
"1115","20074.16",1115,3146028,0.109226237532784
"1116","20074.16",1116,3146285,-0.231801363447255
"1117","20074.16",1117,3146508,-1.13151526371183
"1118","20074.16",1118,3147763,-0.0580654081093428
"1119","20074.16",1119,3148130,0.604923442196806
"1120","20074.16",1120,3148144,1.47739639193919
"1121","20074.16",1121,3149518,-0.277794719139756
"1122","20074.16",1122,3150896,-0.946255568792332
"1123","20074.16",1123,3151336,-0.360141793507116
"1124","20074.16",1124,3153899,-0.79257747862481
"1125","20074.16",1125,3154979,0.586323708621891
"1126","20074.16",1126,3155006,-0.118272959631451
"1127","20074.16",1127,3159950,-0.420108910062515
"1128","20074.16",1128,3160602,-1.70927613418629
"1129","20074.16",1129,3163732,-0.140626758819558
"1130","20074.16",1130,3163968,-0.0573440806347367
"1131","20074.16",1131,3164699,0.373496787754845
"1132","20074.16",1132,3165051,0.456792486559192
"1133","20074.16",1133,3172760,-0.455643960993477
"1134","20074.16",1134,3178098,0.069945193921618
"1135","20074.16",1135,3178900,-0.488135848764014
"1136","20074.16",1136,3181996,0.0804332193213213
"1137","20074.16",1137,3183361,-0.210675027647438
"1138","20074.16",1138,3183975,-0.819955367232947
"1139","20074.16",1139,3187733,-0.500559559184895
"1140","20074.16",1140,3189209,-0.939183971067292
"1141","20074.16",1141,3189379,-0.746830325378393
"1142","20074.16",1142,3199406,-0.252751100311103
"1143","20074.16",1143,3200621,-0.95358924258188
"1144","20074.16",1144,3200660,-0.279742685199939
"1145","20074.16",1145,3205335,0.382058610014377
"1146","20074.16",1146,3205395,-0.0106559888757776
"1147","20074.16",1147,3205764,0.444217137769502
"1148","20074.16",1148,3211321,0.248263737644222
"1149","20074.16",1149,3214686,0.582997348739046
"1150","20074.16",1150,3214964,-0.0635609637943846
"1151","20074.16",1151,3215104,1.07454876460758
"1152","20074.16",1152,3215160,0.64012332374202
"1153","20074.16",1153,3215209,0.135431929601716
"1154","20074.16",1154,3216080,-0.307067747419564
"1155","20074.16",1155,3216551,0.495446363492291
"1156","20074.16",1156,3219600,0.711655178089354
"1157","20074.16",1157,3219800,0.79693170642936
"1158","20074.16",1158,3219975,-0.449421235318625
"1159","20074.16",1159,3224100,-0.277361901868505
"1160","20074.16",1160,3230472,0.165699908053601
"1161","20074.16",1161,3230888,-0.243201326160022
"1162","20074.16",1162,3237581,-0.585739413637569
"1163","20074.16",1163,3248360,-1.70108616949525
"1164","20074.16",1164,3250228,-0.472539943034207
"1165","20074.16",1165,3250251,0.0409057991842836
"1166","20074.16",1166,3250674,1.018687633505
"1167","20074.16",1167,3251628,-0.480045760497616
"1168","20074.16",1168,3252779,-0.311261434868779
"1169","20074.16",1169,3252900,-0.344173477472439
"1170","20074.16",1170,3253161,-0.394954512189044
"1171","20074.16",1171,3254622,-0.402267877791525
"1172","20074.16",1172,3255708,-1.09423030871876
"1173","20074.16",1173,3256334,-0.785698277320246
"1174","20074.16",1174,3259823,-0.698853684414268
"1175","20074.16",1175,3263746,-0.175515782334832
"1176","20074.16",1176,3263937,1.45613205641072
"1177","20074.16",1177,3270460,0.0264503889991188
"1178","20074.16",1178,3272364,-0.115856492929041
"1179","20074.16",1179,3276869,0.0172714114820938
"1180","20074.16",1180,3277251,0.57693084851531
"1181","20074.16",1181,3277336,-0.284999605967165
"1182","20074.16",1182,3277878,-0.187565419583637
"1183","20074.16",1183,3282275,0.325872050400434
"1184","20074.16",1184,3282321,-0.0662099780002423
"1185","20074.16",1185,3282605,-0.47285620187494
"1186","20074.16",1186,3290544,-0.324639613018135
"1187","20074.16",1187,3290929,1.90540724827775
"1188","20074.16",1188,3292896,0.437165046679898
"1189","20074.16",1189,3293008,0.842047677151007
"1190","20074.16",1190,3293922,0.553642720648308
"1191","20074.16",1191,3294255,0.466404047578341
"1192","20074.16",1192,3294476,-0.808045405600455
"1193","20074.16",1193,3296230,0.77675145788105
"1194","20074.16",1194,3300045,-1.18320771124221
"1195","20074.16",1195,3301664,-0.429653645978134
"1196","20074.16",1196,3301757,0.349444497103168
"1197","20074.16",1197,3304762,-0.0847817206941457
"1198","20074.16",1198,3305365,0.719465600372877
"1199","20074.16",1199,3306757,0.107802791352755
"1200","20074.16",1200,3307438,-0.121003349827952
"1201","20074.16",1201,3308294,-0.918699751799435
"1202","20074.16",1202,3308357,0.584421974596586
"1203","20074.16",1203,3313726,-0.181545822601652
"1204","20074.16",1204,3314924,-0.869809523291199
"1205","20074.16",1205,3319193,-0.261933459570632
"1206","20074.16",1206,3320790,-0.427255945734552
"1207","20074.16",1207,3323147,-0.0739609820696785
"1208","20074.16",1208,3323446,0.0790779576177405
"1209","20074.16",1209,3327993,-1.59375460041621
"1210","20074.16",1210,3328492,-0.264849992628003
"1211","20074.16",1211,3328518,0.108957140901638
"1212","20074.16",1212,3329346,0.0869642816019267
"1213","20074.16",1213,3336047,-0.483653645506745
"1214","20074.16",1214,3336761,-0.180165913562472
"1215","20074.16",1215,3338343,0.143671175000478
"1216","20074.16",1216,3339435,0.623842450700718
"1217","20074.16",1217,3340065,-0.330418934040704
"1218","20074.16",1218,3340845,-0.117146078156594
"1219","20074.16",1219,3341112,-0.20119296300952
"1220","20074.16",1220,3346229,-0.0673979219142584
"1221","20074.16",1221,3359990,-1.24945585366907
"1222","20074.16",1222,3363561,1.18280742291807
"1223","20074.16",1223,3364321,-0.177815013739839
"1224","20074.16",1224,3364867,-0.857175310056123
"1225","20074.16",1225,3366141,0.493914757617937
"1226","20074.16",1226,3366513,0.573788116627658
"1227","20074.16",1227,3367033,-0.408840922709344
"1228","20074.16",1228,3367061,0.724569353850272
"1229","20074.16",1229,3368027,-0.0274704697206394
"1230","20074.16",1230,3368592,-0.416024868323166
"1231","20074.16",1231,3368916,-0.375007807452552
"1232","20074.16",1232,3372481,0.849761195361455
"1233","20074.16",1233,3372517,-0.202703915900681
"1234","20074.16",1234,3376243,0.529171821803014
"1235","20074.16",1235,3376687,0.096162993754863
"1236","20074.16",1236,3376824,-0.382176472128609
"1237","20074.16",1237,3381702,0.8968863784681
"1238","20074.16",1238,3382560,0.865788385790418
"1239","20074.16",1239,3390579,0.776490441297258
"1240","20074.16",1240,3391086,-0.252926374278838
"1241","20074.16",1241,3392053,0.286265177291352
"1242","20074.16",1242,3392984,-0.563568975538552
"1243","20074.16",1243,3397554,-0.371332195728399
"1244","20074.16",1244,3397914,-1.67450464380205
"1245","20074.16",1245,3398013,-0.09025045274021
"1246","20074.16",1246,3398174,0.787238275821621
"1247","20074.16",1247,3406516,-0.77606970664821
"1248","20074.16",1248,3406626,0.114532936957024
"1249","20074.16",1249,3407258,-0.230090237231933
"1250","20074.16",1250,3407349,0.2173555938814
"1251","20074.16",1251,3407489,0.243491888984091
"1252","20074.16",1252,3407682,0.8533739099386
"1253","20074.16",1253,3407843,0.0348312847155805
"1254","20074.16",1254,3408911,0.366550665519754
"1255","20074.16",1255,3409223,-0.484235473569522
"1256","20074.16",1256,3412548,-0.44523675659943
"1257","20074.16",1257,3413477,-0.51207409517677
"1258","20074.16",1258,3413572,-0.275684252116239
"1259","20074.16",1259,3413749,-0.149153976800402
"1260","20074.16",1260,3414305,0.162401445213976
"1261","20074.16",1261,3414495,0.728959705686054
"1262","20074.16",1262,3418467,0.418657381886944
"1263","20074.16",1263,3420814,0.370794611335353
"1264","20074.16",1264,3425325,0.455512719797844
"1265","20074.16",1265,3429906,0.0319654758158583
"1266","20074.16",1266,3430537,-0.414151872988214
"1267","20074.16",1267,3432216,0.195874268456315
"1268","20074.16",1268,3432270,0.0996148274827835
"1269","20074.16",1269,3432413,0.612942840984393
"1270","20074.16",1270,3432707,-0.86657973069049
"1271","20074.16",1271,3434699,0.196472745206145
"1272","20074.16",1272,3434896,-0.326046279723647
"1273","20074.16",1273,3434966,-0.0815768816782123
"1274","20074.16",1274,3437268,0.236808596872185
"1275","20074.16",1275,3437919,0.207241062884925
"1276","20074.16",1276,3439423,0.0932563716783479
"1277","20074.16",1277,3441269,-0.353429594345203
"1278","20074.16",1278,3442050,-0.205874049261362
"1279","20074.16",1279,3445112,0.686437633099547
"1280","20074.16",1280,3447596,-0.146536393442902
"1281","20074.16",1281,3449479,-0.328191475196292
"1282","20074.16",1282,3449516,-1.44183543278406
"1283","20074.16",1283,3450052,0.18036489675902
"1284","20074.16",1284,3452193,-0.737545608817147
"1285","20074.16",1285,3453076,0.573144157924154
"1286","20074.16",1286,3455079,0.647584219309036
"1287","20074.16",1287,3459427,0.244688667402092
"1288","20074.16",1288,3459698,-0.913264885060893
"1289","20074.16",1289,3464033,-0.557689149325779
"1290","20074.16",1290,3467508,0.0877709124584634
"1291","20074.16",1291,3469042,-0.350567521149333
"1292","20074.16",1292,3470826,0.394304867767274
"1293","20074.16",1293,3471060,0.728606441474125
"1294","20074.16",1294,3474517,-0.0358722087884971
"1295","20074.16",1295,3477039,-0.288754957045318
"1296","20074.16",1296,3477424,-1.29103582216795
"1297","20074.16",1297,3478866,0.0433075167370287
"1298","20074.16",1298,3480219,-0.0423547217419413
"1299","20074.16",1299,3485846,0.353296850198293
"1300","20074.16",1300,3485974,-0.692321429016425
"1301","20074.16",1301,3486038,-0.973496798694745
"1302","20074.16",1302,3486050,0.83188534502007
"1303","20074.16",1303,3486236,0.091060371448906
"1304","20074.16",1304,3486285,0.0119892703332436
"1305","20074.16",1305,3486846,0.145278107050856
"1306","20074.16",1306,3488773,0.16857587544788
"1307","20074.16",1307,3491067,-0.203695842505788
"1308","20074.16",1308,3491683,-1.03648262695765
"1309","20074.16",1309,3492048,0.411697500791623
"1310","20074.16",1310,3493102,0.573752058008849
"1311","20074.16",1311,3493240,-0.144676361217299
"1312","20074.16",1312,3494207,-0.0570867866879148
"1313","20074.16",1313,3494676,0.0679942874666439
"1314","20074.16",1314,3495832,-0.406422288680123
"1315","20074.16",1315,3497450,0.343453379898047
"1316","20074.16",1316,3497652,-0.261048808676338
"1317","20074.16",1317,3497839,0.610836116161324
"1318","20074.16",1318,3498996,-0.105048955393065
"1319","20074.16",1319,3500193,0.0758002347914655
"1320","20074.16",1320,3501220,-0.519025389161704
"1321","20074.16",1321,3501772,-0.122800034021217
"1322","20074.16",1322,3502000,-0.814220309821306
"1323","20074.16",1323,3505028,-0.784951790325132
"1324","20074.16",1324,3506222,0.0500608512011755
"1325","20074.16",1325,3506578,-0.184104290676536
"1326","20074.16",1326,3506775,-0.169181258914157
"1327","20074.16",1327,3516282,-0.00981160704970119
"1328","20074.16",1328,3517059,-0.230811778383891
"1329","20074.16",1329,3519150,0.579726222074677
"1330","20074.16",1330,3520806,0.273728968453171
"1331","20074.16",1331,3522197,-0.814890594559282
"1332","20074.16",1332,3522303,-0.282950269296153
"1333","20074.16",1333,3524864,0.179563838353353
"1334","20074.16",1334,3526647,0.252269411491914
"1335","20074.16",1335,3527077,0.627111064865644
"1336","20074.16",1336,3527091,-0.27185367602536
"1337","20074.16",1337,3532714,-1.76276114848797
"1338","20074.16",1338,3533059,-0.749316729412117
"1339","20074.16",1339,3533254,-0.144219599519503
"1340","20074.16",1340,3535028,-0.537667350763988
"1341","20074.16",1341,3535116,-0.59245537979034
"1342","20074.16",1342,3538003,-0.98492316775213
"1343","20074.16",1343,3538873,-0.199435071858743
"1344","20074.16",1344,3541252,0.229679886674786
"1345","20074.16",1345,3542421,-1.12905216757395
"1346","20074.16",1346,3543445,0.0213291151987667
"1347","20074.16",1347,3556484,-0.462098321716263
"1348","20074.16",1348,3560167,-0.0386586363362387
"1349","20074.16",1349,3560901,0.167697800308447
"1350","20074.16",1350,3561689,0.0953060498763563
"1351","20074.16",1351,3562983,-0.62424174401442
"1352","20074.16",1352,3566759,-0.0410642751155352
"1353","20074.16",1353,3567085,0.169149991189296
"1354","20074.16",1354,3569130,-0.148312926232354
"1355","20074.16",1355,3569587,-0.0309668475817562
"1356","20074.16",1356,3572093,0.963375908537611
"1357","20074.16",1357,3575270,0.758019222097404
"1358","20074.16",1358,3578396,-0.230033755239424
"1359","20074.16",1359,3578608,0.207568136414635
"1360","20074.16",1360,3582387,-0.0564784239732727
"1361","20074.16",1361,3583682,-0.40876252690844
"1362","20074.16",1362,3584179,-0.0609320627793934
"1363","20074.16",1363,3584500,-0.282527901732778
"1364","20074.16",1364,3586230,-0.712941997836337
"1365","20074.16",1365,3586987,-0.103882060296869
"1366","20074.16",1366,3588669,0.0876397330229555
"1367","20074.16",1367,3589846,-0.322041577173508
"1368","20074.16",1368,3590094,0.218321890700548
"1369","20074.16",1369,3598163,0.179881899078877
"1370","20074.16",1370,3607667,-0.0874184276745504
"1371","20074.16",1371,3608256,0.791717804185505
"1372","20074.16",1372,3609458,-0.857964335725897
"1373","20074.16",1373,3615535,-0.798807356933826
"1374","20074.16",1374,3616294,0.27796910264155
"1375","20074.16",1375,3616310,-0.691286916009315
"1376","20074.16",1376,3618857,0.0206532626115834
"1377","20074.16",1377,3627028,-1.4127971808883
"1378","20074.16",1378,3627624,-0.72176723811445
"1379","20074.16",1379,3631204,0.85237876767086
"1380","20074.16",1380,3631837,-1.0058160709277
"1381","20074.16",1381,3634746,0.73315764586084
"1382","20074.16",1382,3635148,0.471573884437652
"1383","20074.16",1383,3636250,-1.56826033607789
"1384","20074.16",1384,3640274,0.0107398610354466
"1385","20074.16",1385,3645909,0.22920462017616
"1386","20074.16",1386,3649401,0.186786675467897
"1387","20074.16",1387,3650429,1.12350716102031
"1388","20074.16",1388,3650517,-0.129456550990334
"1389","20074.16",1389,3659472,0.2156871707999
"1390","20074.16",1390,3668937,-0.273959378732244
"1391","20074.16",1391,3669813,-1.03760682600602
"1392","20074.16",1392,3672587,0.350750869331217
"1393","20074.16",1393,3674467,0.0437240677067949
"1394","20074.16",1394,3675448,-0.43317346655085
"1395","20074.16",1395,3677790,-0.0211971560532538
"1396","20074.16",1396,3681507,-0.749587114158246
"1397","20074.16",1397,3683237,-0.85457781021271
"1398","20074.16",1398,3685617,-0.725526973000566
"1399","20074.16",1399,3685782,0.198815165204309
"1400","20074.16",1400,3689678,-0.535266737356784
"1401","20074.16",1401,3691655,-1.13833428913222
"1402","20074.16",1402,3694773,-0.969156327897521
"1403","20074.16",1403,3695354,0.967151752534336
"1404","20074.16",1404,3695371,-0.302260988042848
"1405","20074.16",1405,3701578,-0.0349558666019965
"1406","20074.16",1406,3707262,-0.756837914416704
"1407","20074.16",1407,3708170,0.658646960600739
"1408","20074.16",1408,3708193,0.923915676339761
"1409","20074.16",1409,3709052,0.257693037830449
"1410","20074.16",1410,3709340,0.0289882834523958
"1411","20074.16",1411,3709523,0.694078833156596
"1412","20074.16",1412,3711656,0.751545368658987
"1413","20074.16",1413,3713704,-0.10339288998204
"1414","20074.16",1414,3714611,-0.339467447861034
"1415","20074.16",1415,3716669,0.398037800310608
"1416","20074.16",1416,3716995,-0.178350918722387
"1417","20074.16",1417,3719344,0.139814268395025
"1418","20074.16",1418,3724352,0.203922507800693
"1419","20074.16",1419,3726637,-2.83511394939264
"1420","20074.16",1420,3728111,-0.820707599320904
"1421","20074.16",1421,3730499,0.129743824204613
"1422","20074.16",1422,3731348,-0.547130956129536
"1423","20074.16",1423,3741562,-0.743470017785829
"1424","20074.16",1424,3745411,-0.0355095969697192
"1425","20074.16",1425,3746241,-0.09530551735351
"1426","20074.16",1426,3750621,-0.319419656874002
"1427","20074.16",1427,3750975,0.530001802192806
"1428","20074.16",1428,3752359,-0.920204644590283
"1429","20074.16",1429,3755623,-0.474359061189419
"1430","20074.16",1430,3756849,0.197671253141671
"1431","20074.16",1431,3761290,-0.55486116169409
"1432","20074.16",1432,3761814,-1.1218221651523
"1433","20074.16",1433,3761912,0.194263076551446
"1434","20074.16",1434,3762964,0.464761659271173
"1435","20074.16",1435,3763179,0.43301367053635
"1436","20074.16",1436,3763734,-0.370073659027608
"1437","20074.16",1437,3764793,-0.161599789215421
"1438","20074.16",1438,3769144,-0.94726048606037
"1439","20074.16",1439,3770435,-0.235345602702479
"1440","20074.16",1440,3773164,0.0292176227699601
"1441","20074.16",1441,3773626,-1.75030461859418
"1442","20074.16",1442,3773954,-0.0627454178396141
"1443","20074.16",1443,3776366,0.278609032842245
"1444","20074.16",1444,3780331,0.512961097778233
"1445","20074.16",1445,3781313,-0.416853881995627
"1446","20074.16",1446,3786186,-0.00751349890592223
"1447","20074.16",1447,3786855,0.117488367174227
"1448","20074.16",1448,3788882,0.907945846623094
"1449","20074.16",1449,3790307,-0.358865221119157
"1450","20074.16",1450,3793485,-0.113923266124726
"1451","20074.16",1451,3793641,-1.04212610861608
"1452","20074.16",1452,3794791,0.308583768683774
"1453","20074.16",1453,3795292,0.58228812595961
"1454","20074.16",1454,3795363,0.0621488009329614
"1455","20074.16",1455,3795946,-0.0127014617425383
"1456","20074.16",1456,3796455,-1.44192317914874
"1457","20074.16",1457,3798461,0.224624297510315
"1458","20074.16",1458,3799679,0.566672502442164
"1459","20074.16",1459,3800709,0.344046948169731
"1460","20074.16",1460,3801649,-1.22200435176453
"1461","20074.16",1461,3807078,0.118924487814042
"1462","20074.16",1462,3808959,-0.250539451059986
"1463","20074.16",1463,3811514,0.352817185737641
"1464","20074.16",1464,3811556,0.368608339332126
"1465","20074.16",1465,3811974,0.366511304903077
"1466","20074.16",1466,3815617,0.0187891561823328
"1467","20074.16",1467,3815777,-0.870172941233777
"1468","20074.16",1468,3816550,0.326160815756736
"1469","20074.16",1469,3817679,0.362734128528104
"1470","20074.16",1470,3819781,-0.0424271525497266
"1471","20074.16",1471,3827553,0.979430844770701
"1472","20074.16",1472,3827796,-0.0339760908264033
"1473","20074.16",1473,3827931,0.128991866731383
"1474","20074.16",1474,3828348,0.98991187431766
"1475","20074.16",1475,3828659,-0.535059588624894
"1476","20074.16",1476,3830643,0.307786059225456
"1477","20074.16",1477,3831587,1.15238658228838
"1478","20074.16",1478,3832375,0.832161056078896
"1479","20074.16",1479,3832396,-0.220355472463313
"1480","20074.16",1480,3832471,0.742335717570982
"1481","20074.16",1481,3833117,-0.82205910069086
"1482","20074.16",1482,3837403,-0.671259457378156
"1483","20074.16",1483,3838258,-0.392591510824848
"1484","20074.16",1484,3838298,-0.147657312367452
"1485","20074.16",1485,3839868,0.329664558075843
"1486","20074.16",1486,3840926,0.167408344032848
"1487","20074.16",1487,3841244,0.00491839537366534
"1488","20074.16",1488,3841487,0.723951753832428
"1489","20074.16",1489,3841671,0.763372652673334
"1490","20074.16",1490,3845706,-0.518898046710599
"1491","20074.16",1491,3846376,-0.847309915115071
"1492","20074.16",1492,3849301,-0.282439666661806
"1493","20074.16",1493,3849972,0.210773901891905
"1494","20074.16",1494,3851225,0.112697626619802
"1495","20074.16",1495,3852435,-1.02350985074131
"1496","20074.16",1496,3852530,-1.00787453156544
"1497","20074.16",1497,3855650,0.444018047869842
"1498","20074.16",1498,3856445,-0.554911284636606
"1499","20074.16",1499,3859961,0.543908643408881
"1500","20074.16",1500,3860640,-0.0662839293897601
"1501","20074.16",1501,3860682,0.0258991924473699
"1502","20074.16",1502,3862792,0.135766500921636
"1503","20074.16",1503,3863664,0.506241556931532
"1504","20074.16",1504,3864562,-0.365029028095964
"1505","20074.16",1505,3865036,0.227462036536553
"1506","20074.16",1506,3865110,0.612103086595758
"1507","20074.16",1507,3865427,-0.0192743110051445
"1508","20074.16",1508,3867081,0.0547194385600571
"1509","20074.16",1509,3868099,0.372860960023801
"1510","20074.16",1510,3869284,0.553575614588286
"1511","20074.16",1511,3869699,0.10853809571725
"1512","20074.16",1512,3871286,-0.604627029175277
"1513","20074.16",1513,3874713,0.191257998759863
"1514","20074.16",1514,3874782,0.91428454544763
"1515","20074.16",1515,3875168,0.514163944102273
"1516","20074.16",1516,3875404,1.05365849262018
"1517","20074.16",1517,3878722,-0.065303662443104
"1518","20074.16",1518,3887251,-1.10574338282416
"1519","20074.16",1519,3888922,-0.0235402525995694
"1520","20074.16",1520,3889331,0.0557576082749298
"1521","20074.16",1521,3890282,-0.597069084085144
"1522","20074.16",1522,3893142,0.0557789696128035
"1523","20074.16",1523,3893466,0.767321642732925
"1524","20074.16",1524,3896234,0.289739485962341
"1525","20074.16",1525,3896365,0.83710173129894
"1526","20074.16",1526,3896401,-0.174682731287093
"1527","20074.16",1527,3898231,0.545451438297445
"1528","20074.16",1528,3898492,-0.0484272006201696
"1529","20074.16",1529,3904521,0.264927229544699
"1530","20074.16",1530,3904546,-0.682074393606689
"1531","20074.16",1531,3905571,-0.134599522649693
"1532","20074.16",1532,3905786,-0.0999405117845305
"1533","20074.16",1533,3908456,-0.0657516561266238
"1534","20074.16",1534,3910163,-1.0094910800884
"1535","20074.16",1535,3910928,-0.249492799996712
"1536","20074.16",1536,3917883,0.271854662773205
"1537","20074.16",1537,3921792,0.562027938798846
"1538","20074.16",1538,3922395,-0.313435979397235
"1539","20074.16",1539,3922860,-0.562733733481079
"1540","20074.16",1540,3922992,0.522726844510426
"1541","20074.16",1541,3923467,0.224416873231498
"1542","20074.16",1542,3924654,0.803624269805014
"1543","20074.16",1543,3927421,0.617799278164616
"1544","20074.16",1544,3927861,-0.094075483941153
"1545","20074.16",1545,3932725,0.0048900985962117
"1546","20074.16",1546,3933345,0.241239419946734
"1547","20074.16",1547,3933998,0.625957187940794
"1548","20074.16",1548,3935274,-0.152733568787286
"1549","20074.16",1549,3935844,0.0697672176947899
"1550","20074.16",1550,3939931,-1.28806174026724
"1551","20074.16",1551,3945388,-0.405886056445588
"1552","20074.16",1552,3945852,-2.37515150332962
"1553","20074.16",1553,3951497,0.340237937533209
"1554","20074.16",1554,3953771,-1.1191360522721
"1555","20074.16",1555,3955183,-2.25140552729585
"1556","20074.16",1556,3956879,0.180365859312156
"1557","20074.16",1557,3959198,0.360917558388429
"1558","20074.16",1558,3960929,0.204831282796794
"1559","20074.16",1559,3961915,-0.179729345844646
"1560","20074.16",1560,3962848,-0.348331070729085
"1561","20074.16",1561,3963158,-0.199825424197343
"1562","20074.16",1562,3964886,0.538869271195536
"1563","20074.16",1563,3967411,0.0426997933307467
"1564","20074.16",1564,3968982,-0.421408440530526
"1565","20074.16",1565,3969175,-0.392497372336567
"1566","20074.16",1566,3969409,-0.261294404937058
"1567","20074.16",1567,3969463,0.839939394441612
"1568","20074.16",1568,3970017,0.278894585535491
"1569","20074.16",1569,3972202,-0.167671003085484
"1570","20074.16",1570,3987523,1.01625705030145
"1571","20074.16",1571,3992373,-2.41957536549613
"1572","20074.16",1572,3993253,-0.296453521839968
"1573","20074.16",1573,3993900,-0.175753662666472
"1574","20074.16",1574,3994696,0.77047329661098
"1575","20074.16",1575,3994927,-0.55139361387056
"1576","20074.16",1576,3995110,0.674843604777947
"1577","20074.16",1577,3998261,0.606901168168936
"1578","20074.16",1578,3998351,-0.389030291754302
"1579","20074.16",1579,3998415,-0.231992764295027
"1580","20074.16",1580,3998630,0.0016961749358515
"1581","20074.16",1581,4000765,0.908222974735955
"1582","20074.16",1582,4001898,0.328495363672352
"1583","20074.16",1583,4002022,0.676574513999566
"1584","20074.16",1584,4002320,-0.462974649571016
"1585","20074.16",1585,4004424,-0.0335391914746284
"1586","20074.16",1586,4005521,0.0438844283141711
"1587","20074.16",1587,4006202,0.0702665061136853
"1588","20074.16",1588,4009583,-0.241678375675548
"1589","20074.16",1589,4010712,0.181766497252383
"1590","20074.16",1590,4013467,0.0110742648752451
"1591","20074.16",1591,4014942,-0.889688351423437
"1592","20074.16",1592,4015729,0.333068703564058
"1593","20074.16",1593,4016412,0.357183560871127
"1594","20074.16",1594,4016676,-0.527717224003007
"1595","20074.16",1595,4016943,0.095097357626016
"1596","20074.16",1596,4018087,-0.192457123739856
"1597","20074.16",1597,4021625,0.431226037826296
"1598","20074.16",1598,4021734,-0.444968819782273
"1599","20074.16",1599,4022086,-1.17977871715105
"1600","20074.16",1600,4028060,0.254594153496707
"1601","20074.16",1601,4029699,-0.444082161768707
"1602","20074.16",1602,4030039,-0.0392636223842544
"1603","20074.16",1603,4031325,-0.448166819267113
"1604","20074.16",1604,4032581,-0.117255290983531
"1605","20074.16",1605,4032802,-0.331564743484702
"1606","20074.16",1606,4036155,-0.222267972621401
"1607","20074.16",1607,4037918,-0.0267713956921272
"1608","20074.16",1608,4039968,0.491402054654064
"1609","20074.16",1609,4043701,-0.646816072240273
"1610","20074.16",1610,4045116,0.0148919541756403
"1611","20074.16",1611,4045540,-1.00413959878898
"1612","20074.16",1612,4046041,0.189671699465136
"1613","20074.16",1613,4053513,0.599793822656658
"1614","20074.16",1614,4053752,-0.572891034216253
"1615","20074.16",1615,4054425,0.602559777228252
"1616","20074.16",1616,4054690,0.203426163164403
"1617","20074.16",1617,4054983,0.0882659852007102
"1618","20074.16",1618,4057133,-0.178523067197274
"1619","20074.16",1619,4057895,-0.36958622081104
"1620","20074.16",1620,4057981,-0.625525534306687
"1621","20074.16",1621,4064417,-0.966802032690583
"1622","20074.16",1622,4066924,0.562427047012293
"1623","20074.16",1623,4068071,0.597100312430867
"1624","20074.16",1624,4068798,0.324288584738381
"1625","20074.16",1625,4068813,0.375363363136072
"1626","20074.16",1626,4070115,0.562705362402983
"1627","20074.16",1627,4070333,0.294419616058819
"1628","20074.16",1628,4070433,-0.0746657838684701
"1629","20074.16",1629,4071658,0.45431136446402
"1630","20074.16",1630,4073305,-0.468245122657326
"1631","20074.16",1631,4073542,-0.44837069856272
"1632","20074.16",1632,4079823,0.857292720984163
"1633","20074.16",1633,4080115,0.711764776084647
"1634","20074.16",1634,4083105,-0.0167403518477229
"1635","20074.16",1635,4083361,0.673853869636296
"1636","20074.16",1636,4084225,0.52410714528336
"1637","20074.16",1637,4086105,-0.0375427167413074
"1638","20074.16",1638,4086861,0.11155305044867
"1639","20074.16",1639,4087067,-0.889382401219641
"1640","20074.16",1640,4087512,0.744709112148427
"1641","20074.16",1641,4089318,-0.442621696890327
"1642","20074.16",1642,4094986,0.931759270240124
"1643","20074.16",1643,4095185,-1.1487038720818
"1644","20074.16",1644,4095271,-0.77480726647217
"1645","20074.16",1645,4096359,-0.587872855843151
"1646","20074.16",1646,4096511,0.282902447216908
"1647","20074.16",1647,4099001,0.0461544645440117
"1648","20074.16",1648,4100211,-0.282269334965899
"1649","20074.16",1649,4100268,0.300038224018196
"1650","20074.16",1650,4100324,0.665159515941483
"1651","20074.16",1651,4100759,-0.334464612711252
"1652","20074.16",1652,4103709,-1.18044464231967
"1653","20074.16",1653,4104318,-1.09621242311131
"1654","20074.16",1654,4104389,-0.194261681750074
"1655","20074.16",1655,4104472,-0.0091159323294745
"1656","20074.16",1656,4104512,-0.50387686615773
"1657","20074.16",1657,4110127,0.817943209088775
"1658","20074.16",1658,4110193,-0.28787041037247
"1659","20074.16",1659,4110380,-1.01394928652802
"1660","20074.16",1660,4110852,-0.606147751555563
"1661","20074.16",1661,4113581,-0.531729232034038
"1662","20074.16",1662,4114276,0.151691032906809
"1663","20074.16",1663,4115493,0.455434659973519
"1664","20074.16",1664,4119071,0.158665063119358
"1665","20074.16",1665,4119131,-0.296980353486076
"1666","20074.16",1666,4120309,0.336423543086638
"1667","20074.16",1667,4122422,0.836213063666182
"1668","20074.16",1668,4123954,-0.217763513225112
"1669","20074.16",1669,4124300,0.444213742345547
"1670","20074.16",1670,4125506,0.0565945182894376
"1671","20074.16",1671,4125796,-0.833107579044926
"1672","20074.16",1672,4128953,0.151105885021926
"1673","20074.16",1673,4129707,0.668424367720236
"1674","20074.16",1674,4130004,-0.0538018168755654
"1675","20074.16",1675,4130155,0.225085586371415
"1676","20074.16",1676,4130204,-0.805791889557453
"1677","20074.16",1677,4130869,1.18398426167989
"1678","20074.16",1678,4132922,0.185644232651314
"1679","20074.16",1679,4133013,0.527992846424604
"1680","20074.16",1680,4133090,0.33076362252713
"1681","20074.16",1681,4133925,0.455402464951725
"1682","20074.16",1682,4136418,-1.05143777276658
"1683","20074.16",1683,4137005,-0.174463965086407
"1684","20074.16",1684,4140025,-1.33693552696268
"1685","20074.16",1685,4144898,0.0851071890092161
"1686","20074.16",1686,4146947,0.0270195677372271
"1687","20074.16",1687,4147314,-0.563245713575045
"1688","20074.16",1688,4147394,0.62625058103723
"1689","20074.16",1689,4149767,0.0532289842450142
"1690","20074.16",1690,4149959,-0.566746473571641
"1691","20074.16",1691,4151587,0.636430711303968
"1692","20074.16",1692,4151999,0.135713157457878
"1693","20074.16",1693,4152190,-0.163731160568895
"1694","20074.16",1694,4152318,0.597462740426059
"1695","20074.16",1695,4154377,-0.271960820145456
"1696","20074.16",1696,4154706,0.471231430640551
"1697","20074.16",1697,4154851,1.04305952696061
"1698","20074.16",1698,4155102,0.435111132389864
"1699","20074.16",1699,4156857,0.0172724606174901
"1700","20074.16",1700,4167371,-0.671019045733455
"1701","20074.16",1701,4167512,-0.114661602684876
"1702","20074.16",1702,4168170,0.370635380150213
"1703","20074.16",1703,4169251,0.40293952403998
"1704","20074.16",1704,4169389,0.259277333855086
"1705","20074.16",1705,4170081,-0.2827697102578
"1706","20074.16",1706,4170104,0.206645907489069
"1707","20074.16",1707,4170411,1.41408239007176
"1708","20074.16",1708,4170523,1.0070929421922
"1709","20074.16",1709,4173567,0.229265729794442
"1710","20074.16",1710,4173628,0.678023813961006
"1711","20074.16",1711,4173727,0.826288725867735
"1712","20074.16",1712,4173983,-0.725032891801856
"1713","20074.16",1713,4175359,0.539972277235651
"1714","20074.16",1714,4177529,-0.361329054568386
"1715","20074.16",1715,4178473,-0.0237135043903089
"1716","20074.16",1716,4179531,0.0620467208464701
"1717","20074.16",1717,4180337,0.563614206909203
"1718","20074.16",1718,4180652,-0.484637596161201
"1719","20074.16",1719,4181916,-0.254203370385738
"1720","20074.16",1720,4182905,-0.0754804313667838
"1721","20074.16",1721,4184191,0.841103871011636
"1722","20074.16",1722,4184208,-0.400139090066123
"1723","20074.16",1723,4184764,0.0843715946814063
"1724","20074.16",1724,4185097,-1.31625398083546
"1725","20074.16",1725,4185926,-0.561212834879026
"1726","20074.16",1726,4193831,0.232791636335282
"1727","20074.16",1727,4194688,0.154177932044616
"1728","20074.16",1728,4198827,0.691981291371255
"1729","20074.16",1729,4200594,-0.268159359281372
"1730","20074.16",1730,4202646,-0.999470860381248
"1731","20074.16",1731,4202742,-0.0992865172734998
"1732","20074.16",1732,4203265,-0.746564378113122
"1733","20074.16",1733,4203985,-0.640032770531963
"1734","20074.16",1734,4206013,0.641536519658994
"1735","20074.16",1735,4206105,0.00936187388806875
"1736","20074.16",1736,4206208,-0.923125477993556
"1737","20074.16",1737,4207121,-0.0193370795780456
"1738","20074.16",1738,4208247,0.265031923170331
"1739","20074.16",1739,4208421,0.329367557690012
"1740","20074.16",1740,4209841,0.303085821182465
"1741","20074.16",1741,4209989,-0.536641743443082
"1742","20074.16",1742,4210034,0.633723376691608
"1743","20074.16",1743,4212804,-0.423031076850372
"1744","20074.16",1744,4212915,-0.760871629121643
"1745","20074.16",1745,4212933,-1.33356223000693
"1746","20074.16",1746,4212949,-0.517425138308814
"1747","20074.16",1747,4212964,-0.287433780227977
"1748","20074.16",1748,4215400,-0.807084897054565
"1749","20074.16",1749,4215506,-1.40869661103929
"1750","20074.16",1750,4215595,0.687679056056917
"1751","20074.16",1751,4215719,-0.542454867063699
"1752","20074.16",1752,4215979,-0.385795710412312
"1753","20074.16",1753,4216215,0.311353191440092
"1754","20074.16",1754,4217856,-0.354155961690014
"1755","20074.16",1755,4220116,-0.53995423994398
"1756","20074.16",1756,4220191,-0.14293429832486
"1757","20074.16",1757,4220264,0.951292920903836
"1758","20074.16",1758,4220284,0.560973713279341
"1759","20074.16",1759,4220303,0.344302372302283
"1760","20074.16",1760,4220303,0.467665627246093
"1761","20074.16",1761,4220343,0.51397697734448
"1762","20074.16",1762,4220380,-0.333775950902725
"1763","20074.16",1763,4220463,0.492688308638919
"1764","20074.16",1764,4222239,1.29979697652433
"1765","20074.16",1765,4222512,-0.731917748121353
"1766","20074.16",1766,4225688,0.519362341482185
"1767","20074.16",1767,4225821,0.26284408466995
"1768","20074.16",1768,4226988,0.969150732111513
"1769","20074.16",1769,4227004,0.38066817603583
"1770","20074.16",1770,4227248,-0.306298740170905
"1771","20074.16",1771,4227319,-0.890496181292177
"1772","20074.16",1772,4227552,-0.844028925725459
"1773","20074.16",1773,4227589,0.202478171427467
"1774","20074.16",1774,4227594,-0.593456257457201
"1775","20074.16",1775,4227922,0.577880884756593
"1776","20074.16",1776,4227962,-0.179386144546769
"1777","20074.16",1777,4227978,0.212511745615174
"1778","20074.16",1778,4236335,-0.208587703673883
"1779","20074.16",1779,4236346,0.458085875702724
"1780","20074.16",1780,4236410,0.234275571670205
"1781","20074.16",1781,4237399,0.620889238224177
"1782","20074.16",1782,4237623,0.449160212263652
"1783","20074.16",1783,4239760,-0.51514839948284
"1784","20074.16",1784,4239826,0.793841066089482
"1785","20074.16",1785,4240086,-0.406210953085497
"1786","20074.16",1786,4240103,-0.0551111174597612
"1787","20074.16",1787,4240892,0.189972403059069
"1788","20074.16",1788,4240931,0.432389073241612
"1789","20074.16",1789,4240982,-0.121874351303969
"1790","20074.16",1790,4244783,0.194351881939735
"1791","20074.16",1791,4245909,0.783335044852692
"1792","20074.16",1792,4246257,-0.625220468889815
"1793","20074.16",1793,4246439,0.553841042559926
"1794","20074.16",1794,4246982,-0.0312358764065053
"1795","20074.16",1795,4247575,-0.335473653517622
"1796","20074.16",1796,4248810,0.26353431213128
"1797","20074.16",1797,4248850,0.099283015377078
"1798","20074.16",1798,4248951,0.547668996364982
"1799","20074.16",1799,4249284,0.328733706975439
"1800","20074.16",1800,4249349,-0.415952638183931
"1801","20074.16",1801,4249652,-0.86432702244375
"1802","20074.16",1802,4250023,0.714746634300561
"1803","20074.16",1803,4250057,-0.249875511157797
"1804","20074.16",1804,4250072,0.0530569965256795
"1805","20074.16",1805,4250091,0.341513509140762
"1806","20074.16",1806,4250915,0.512961532353786
"1807","20074.16",1807,4254916,0.859069533068122
"1808","20074.16",1808,4258091,-0.34451285159403
"1809","20074.16",1809,4258173,-0.518597439371773
"1810","20074.16",1810,4264223,0.291085805024067
"1811","20074.16",1811,4264300,0.0906404650409263
"1812","20074.16",1812,4266716,0.599868889149893
"1813","20074.16",1813,4267085,0.407154434736262
"1814","20074.16",1814,4268606,0.100040872938919
"1815","20074.16",1815,4268935,0.00162145196335128
"1816","20074.16",1816,4269816,0.0820282261138168
"1817","20074.16",1817,4273981,-0.258137631825083
"1818","20074.16",1818,4281346,1.03608183459379
"1819","20074.16",1819,4281414,-0.218824541062027
"1820","20074.16",1820,4281943,-0.087556783745093
"1821","20074.16",1821,4283829,-0.280530023307672
"1822","20074.16",1822,4284531,0.809701775296022
"1823","20074.16",1823,4288435,-1.67007124438172
"1824","20074.16",1824,4288923,-0.404718645721713
"1825","20074.16",1825,4289224,-0.312544630270371
"1826","20074.16",1826,4294231,-0.546124867330894
"1827","20074.16",1827,4294755,-0.8642436261367
"1828","20074.16",1828,4295467,0.637513058684626
"1829","20074.16",1829,4297651,0.175029012567203
"1830","20074.16",1830,4297877,-0.398958830854033
"1831","20074.16",1831,4300029,-0.263824783485156
"1832","20074.16",1832,4300650,0.0824784991481113
"1833","20074.16",1833,4304153,-0.739813847182396
"1834","20074.16",1834,4304349,0.242712857522792
"1835","20074.16",1835,4305204,-0.538598672563326
"1836","20074.16",1836,4312467,-0.490667230741384
"1837","20074.16",1837,4312746,-0.540060039038631
"1838","20074.16",1838,4317811,-0.0690684960104111
"1839","20074.16",1839,4324293,0.225238881660524
"1840","20074.16",1840,4324386,-0.564946447229185
"1841","20074.16",1841,4331551,0.101657274324451
"1842","20074.16",1842,4335130,0.125372929211555
"1843","20074.16",1843,4345917,-1.24992946031312
"1844","20074.16",1844,4347504,0.294617565564658
"1845","20074.16",1845,4351662,-0.314399220956388
"1846","20074.16",1846,4354042,-0.94918201392856
"1847","20074.16",1847,4359792,-0.212664939247177
"1848","20074.16",1848,4360314,0.39707925726385
"1849","20074.16",1849,4361244,-0.886023526725488
"1850","20074.16",1850,4380630,-0.68260886894639
"1851","20074.16",1851,4381623,-0.236906710133351
"1852","20074.16",1852,4381810,-0.236279660212193
"1853","20074.16",1853,4382607,-0.309354762228761
"1854","20074.16",1854,4389927,-0.112855186958174
"1855","20074.16",1855,4391040,0.282664929261359
"1856","20074.16",1856,4391599,-0.310326656869894
"1857","20074.16",1857,4391733,0.576379438607355
"1858","20074.16",1858,4395241,-0.299058617698337
"1859","20074.16",1859,4395975,-0.378223955076537
"1860","20074.16",1860,4403075,0.365623059598032
"1861","20074.16",1861,4406896,0.894745776754386
"1862","20074.16",1862,4415323,0.0139530341928289
"1863","20074.16",1863,4415410,-0.755958792361349
"1864","20074.16",1864,4416101,-0.206571234578478
"1865","20074.16",1865,4417338,-0.387938138784515
"1866","20074.16",1866,4417645,0.337604316367185
"1867","20074.16",1867,4433672,-0.86578946224034
"1868","20074.16",1868,4434198,-0.35711413153928
"1869","20074.16",1869,4439131,0.974921583107604
"1870","20074.16",1870,4439209,-0.578031507544219
"1871","20074.16",1871,4440247,-0.498489040299558
"1872","20074.16",1872,4440397,0.34108216483859
"1873","20074.16",1873,4440472,-1.86782086877754
"1874","20074.16",1874,4443542,0.305236165130595
"1875","20074.16",1875,4445327,-0.519289811054292
"1876","20074.16",1876,4445568,-0.445124269033419
"1877","20074.16",1877,4459950,-0.89566187372239
"1878","20074.16",1878,4460133,0.378497851338474
"1879","20074.16",1879,4460805,0.0856534349716247
"1880","20074.16",1880,4463351,0.673086301946777
"1881","20074.16",1881,4470736,-0.496265059720271
"1882","20074.16",1882,4472220,-0.917462755182027
"1883","20074.16",1883,4473671,-0.486023739008077
"1884","20074.16",1884,4475641,0.669073261754755
"1885","20074.16",1885,4477546,0.95645498074682
"1886","20074.16",1886,4480682,0.348653129196653
"1887","20074.16",1887,4485987,0.328529609421264
"1888","20074.16",1888,4487454,-1.00568720025484
"1889","20074.16",1889,4487540,1.25358657478298
"1890","20074.16",1890,4490975,0.0157366073462306
"1891","20074.16",1891,4491190,0.737128961045305
"1892","20074.16",1892,4493151,-0.272156813755357
"1893","20074.16",1893,4496608,0.434167908828356
"1894","20074.16",1894,4496943,0.267060963973292
"1895","20074.16",1895,4500122,0.388846780392023
"1896","20074.16",1896,4500254,-0.638188466608697
"1897","20074.16",1897,4501321,-0.142932426559504
"1898","20074.16",1898,4502410,0.559761165170758
"1899","20074.16",1899,4502514,0.688888560659893
"1900","20074.16",1900,4503309,-0.528845143635362
"1901","20074.16",1901,4503770,0.00950614428225194
"1902","20074.16",1902,4507032,-0.558562357659195
"1903","20074.16",1903,4507063,0.0802624984202849
"1904","20074.16",1904,4508252,-1.00995575918311
"1905","20074.16",1905,4511204,-0.0902397518213816
"1906","20074.16",1906,4511288,-0.191965080010636
"1907","20074.16",1907,4515334,0.173602676246275
"1908","20074.16",1908,4516092,-0.584908444692208
"1909","20074.16",1909,4518653,0.691245591334506
"1910","20074.16",1910,4518754,0.0747072366694939
"1911","20074.16",1911,4519260,-1.35120666904843
"1912","20074.16",1912,4521270,0.102952291803233
"1913","20074.16",1913,4521749,-0.322014003579111
"1914","20074.16",1914,4523224,0.492231424399303
"1915","20074.16",1915,4525265,-0.0033010171614789
"1916","20074.16",1916,4525283,0.223650247877639
"1917","20074.16",1917,4535557,-0.509680262231803
"1918","20074.16",1918,4536165,0.0938020728410702
"1919","20074.16",1919,4536555,0.261598185748235
"1920","20074.16",1920,4536934,-0.166466415354395
"1921","20074.16",1921,4538561,-0.662362335219817
"1922","20074.16",1922,4539156,0.927856533758564
"1923","20074.16",1923,4539236,0.594778906019019
"1924","20074.16",1924,4540227,0.557252220063563
"1925","20074.16",1925,4540885,0.514152862917171
"1926","20074.16",1926,4542117,-0.164897713280669
"1927","20074.16",1927,4542404,-0.215819969548316
"1928","20074.16",1928,4542871,0.488170187653709
"1929","20074.16",1929,4545960,-0.793240108803917
"1930","20074.16",1930,4546586,-0.603460015409626
"1931","20074.16",1931,4546986,0.142413383882886
"1932","20074.16",1932,4548992,0.0385777528521443
"1933","20074.16",1933,4549226,0.887341309722985
"1934","20074.16",1934,4549263,-0.63255828382411
"1935","20074.16",1935,4549583,-0.0673349403021506
"1936","20074.16",1936,4549674,0.539293613803653
"1937","20074.16",1937,4551831,-2.51445401454701
"1938","20074.16",1938,4553192,0.59712188556597
"1939","20074.16",1939,4558615,-0.335584909662615
"1940","20074.16",1940,4559533,0.240882038133075
"1941","20074.16",1941,4560058,0.106725855217017
"1942","20074.16",1942,4560301,0.565238819477444
"1943","20074.16",1943,4562351,0.507108883034051
"1944","20074.16",1944,4566333,-0.0125130295419877
"1945","20074.16",1945,4568769,0.93216860012914
"1946","20074.16",1946,4569149,-1.77678607973128
"1947","20074.16",1947,4569440,0.0247306180330851
"1948","20074.16",1948,4569757,-0.386820083530493
"1949","20074.16",1949,4574124,-0.220303209751315
"1950","20074.16",1950,4575862,0.00913961191855428
"1951","20074.16",1951,4577069,0.604997565054881
"1952","20074.16",1952,4579120,-0.726426698819625
"1953","20074.16",1953,4579252,0.00229695269242747
"1954","20074.16",1954,4580034,0.367943861608361
"1955","20074.16",1955,4582058,0.528715708142554
"1956","20074.16",1956,4584686,-0.359591205616126
"1957","20074.16",1957,4585440,0.129133605412663
"1958","20074.16",1958,4586222,0.314007146240722
"1959","20074.16",1959,4586529,-0.393848846528579
"1960","20074.16",1960,4586625,0.00379355556384908
"1961","20074.16",1961,4586971,-0.639403138887756
"1962","20074.16",1962,4593040,-0.272962545241632
"1963","20074.16",1963,4593741,-0.350612444293025
"1964","20074.16",1964,4594671,0.2467764452639
"1965","20074.16",1965,4595107,0.891067158367139
"1966","20074.16",1966,4595749,0.00748683540621542
"1967","20074.16",1967,4598176,-0.76124250412402
"1968","20074.16",1968,4600646,0.194422083943481
"1969","20074.16",1969,4602168,0.625833202800677
"1970","20074.16",1970,4607341,-0.18769784827792
"1971","20074.16",1971,4607591,0.275853421516756
"1972","20074.16",1972,4609126,-1.25180493303094
"1973","20074.16",1973,4609219,0.92421149233515
"1974","20074.16",1974,4610761,-1.16374354503775
"1975","20074.16",1975,4611759,-0.218407580117862
"1976","20074.16",1976,4614979,-0.298286134098797
"1977","20074.16",1977,4615295,-0.633297745989759
"1978","20074.16",1978,4620298,-0.0604867668740452
"1979","20074.16",1979,4632347,-0.522792222027449
"1980","20074.16",1980,4632623,-0.60123412699165
"1981","20074.16",1981,4632954,-0.0277468121911264
"1982","20074.16",1982,4634097,0.347700501059976
"1983","20074.16",1983,4637005,-0.334889925867
"1984","20074.16",1984,4637343,-0.308791544680755
"1985","20074.16",1985,4638559,-0.190228072906842
"1986","20074.16",1986,4649720,0.0372682680521468
"1987","20074.16",1987,4653771,-0.570298500246919
"1988","20074.16",1988,4654871,0.338690890065291
"1989","20074.16",1989,4655283,0.369494292185194
"1990","20074.16",1990,4666001,-0.694657643266966
"1991","20074.16",1991,4669162,-1.30587520655464
"1992","20074.16",1992,4671466,-0.0504961218283144
"1993","20074.16",1993,4671564,-0.0045958538202564
"1994","20074.16",1994,4671578,0.0734909022593495
"1995","20074.16",1995,4671729,0.587754020495823
"1996","20074.16",1996,4672601,-0.784924552028647
"1997","20074.16",1997,4673404,0.111350051816351
"1998","20074.16",1998,4675836,-0.407309141454577
"1999","20074.16",1999,4676595,0.664399084817018
"2000","20074.16",2000,4676648,-0.0913382914297669
"2001","20074.16",2001,4677037,-0.376517991032153
"2002","20074.16",2002,4686342,0.0566532621614924
"2003","20074.16",2003,4689558,-1.49947577130331
"2004","20074.16",2004,4691042,-0.127700852185304
"2005","20074.16",2005,4692091,-0.463469160295039
"2006","20074.16",2006,4692113,-0.0756810192982336
"2007","20074.16",2007,4696627,-0.310303713509247
"2008","20074.16",2008,4696654,0.266856698525578
"2009","20074.16",2009,4704433,0.252797047500857
"2010","20074.16",2010,4704961,0.512911836137238
"2011","20074.16",2011,4706379,0.0107879294944029
"2012","20074.16",2012,4713442,-1.042186880006
"2013","20074.16",2013,4714639,-0.0323261662518348
"2014","20074.16",2014,4716514,0.0198657877098034
"2015","20074.16",2015,4716974,-0.289282422979974
"2016","20074.16",2016,4718631,0.132745002921883
"2017","20074.16",2017,4719120,-1.10265445861767
"2018","20074.16",2018,4719981,0.170723584489821
"2019","20074.16",2019,4725362,-0.130582462228718
"2020","20074.16",2020,4725450,0.00899621954284324
"2021","20074.16",2021,4726008,-0.306647139628151
"2022","20074.16",2022,4736316,-0.272317134486853
"2023","20074.16",2023,4736834,0.32015297499036
"2024","20074.16",2024,4739605,-0.355150851518218
"2025","20074.16",2025,4746392,0.0335705560554791
"2026","20074.16",2026,4749718,-0.0448326862695785
"2027","20074.16",2027,4749915,0.384300834390012
"2028","20074.16",2028,4751045,-0.405325393456062
"2029","20074.16",2029,4751187,-0.795895691491343
"2030","20074.16",2030,4753079,0.21276759231069
"2031","20074.16",2031,4756679,-0.0351601184956571
"2032","20074.16",2032,4759739,-0.353845170262838
"2033","20074.16",2033,4760230,-0.00645532957496275
"2034","20074.16",2034,4763857,0.755415683602704
"2035","20074.16",2035,4765651,-0.513694130714923
"2036","20074.16",2036,4769183,1.02993388566053
"2037","20074.16",2037,4772993,0.663700979608065
"2038","20074.16",2038,4773866,-0.291337705932334
"2039","20074.16",2039,4774237,-0.292140634518289
"2040","20074.16",2040,4774355,0.191288995247759
"2041","20074.16",2041,4776858,-0.445471968470656
"2042","20074.16",2042,4780262,-0.454212855236538
"2043","20074.16",2043,4781191,0.1232897791319
"2044","20074.16",2044,4781874,0.57846091736116
"2045","20074.16",2045,4782283,0.442268515754441
"2046","20074.16",2046,4782738,-0.227849153445153
"2047","20074.16",2047,4783462,0.618430742207699
"2048","20074.16",2048,4785251,-0.0322003147642729
"2049","20074.16",2049,4786042,-0.420989256140871
"2050","20074.16",2050,4788227,-1.21315332695441
"2051","20074.16",2051,4788275,0.88803441719795
"2052","20074.16",2052,4789474,-0.212125955754437
"2053","20074.16",2053,4789511,-0.51599402280717
"2054","20074.16",2054,4794463,0.417021382745303
"2055","20074.16",2055,4794567,0.0341896690844292
"2056","20074.16",2056,4794873,0.218601063807069
"2057","20074.16",2057,4796147,0.00859478926063328
"2058","20074.16",2058,4798072,1.09482774534353
"2059","20074.16",2059,4805697,0.415945114472769
"2060","20074.16",2060,4806196,-1.5148242935631
"2061","20074.16",2061,4807313,-0.659377971283475
"2062","20074.16",2062,4808260,0.965220459245796
"2063","20074.16",2063,4814037,0.198412112302448
"2064","20074.16",2064,4814971,-0.140047377425744
"2065","20074.16",2065,4819496,0.70286535735391
"2066","20074.16",2066,4820192,-0.0399027000233749
"2067","20074.16",2067,4822518,0.188383177356664
"2068","20074.16",2068,4829365,-0.259732819805603
"2069","20074.16",2069,4831128,-0.856161432152108
"2070","20074.16",2070,4832257,-0.321507091307724
"2071","20074.16",2071,4837004,-0.269040156043232
"2072","20074.16",2072,4841380,0.383974899727911
"2073","20074.16",2073,4841427,-0.704935133611811
"2074","20074.16",2074,4855279,-0.435868080114557
"2075","20074.16",2075,4858680,-1.04047966589377
"2076","20074.16",2076,4862425,0.12361255194523
"2077","20074.16",2077,4863934,0.506521752895561
"2078","20074.16",2078,4864101,0.134201060978485
"2079","20074.16",2079,4864179,0.613496328949048
"2080","20074.16",2080,4864640,0.240937103117572
"2081","20074.16",2081,4864868,0.156850442628929
"2082","20074.16",2082,4864997,0.146102963026953
"2083","20074.16",2083,4865634,0.182422144772615
"2084","20074.16",2084,4869094,-0.185261260311733
"2085","20074.16",2085,4869658,-0.258862668337436
"2086","20074.16",2086,4870400,-0.169880288447975
"2087","20074.16",2087,4872760,-1.53103639991081
"2088","20074.16",2088,4873242,-0.338030054064819
"2089","20074.16",2089,4877258,0.902887556002468
"2090","20074.16",2090,4877553,0.939516090369644
"2091","20074.16",2091,4877959,0.0167198755261477
"2092","20074.16",2092,4878403,-0.0204676317135588
"2093","20074.16",2093,4878570,0.102182375202886
"2094","20074.16",2094,4878588,0.0332808446326212
"2095","20074.16",2095,4878889,0.521050737130186
"2096","20074.16",2096,4883598,0.212155653547957
"2097","20074.16",2097,4884127,0.667784555536001
"2098","20074.16",2098,4887671,-0.417541870500172
"2099","20074.16",2099,4889072,-0.977741202771444
"2100","20074.16",2100,4894281,-0.409401438933736
"2101","20074.16",2101,4894416,0.0182169492204416
"2102","20074.16",2102,4895038,0.713507968698216
"2103","20074.16",2103,4895320,-1.42466625859397
"2104","20074.16",2104,4895379,0.0415343971157442
"2105","20074.16",2105,4900646,0.221132025645042
"2106","20074.16",2106,4902481,-0.0465046002712013
"2107","20074.16",2107,4902609,0.070408142068092
"2108","20074.16",2108,4903189,-0.0154839932799264
"2109","20074.16",2109,4906421,0.300736510213285
"2110","20074.16",2110,4906572,0.0263921309194268
"2111","20074.16",2111,4906766,0.369692529268394
"2112","20074.16",2112,4908477,0.183547270400332
"2113","20074.16",2113,4908504,0.579668998384231
"2114","20074.16",2114,4908667,-0.09804098402104
"2115","20074.16",2115,4908714,0.289724114726298
"2116","20074.16",2116,4908846,0.332548955021267
"2117","20074.16",2117,4908956,0.411898378493784
"2118","20074.16",2118,4909315,-0.561392238525173
"2119","20074.16",2119,4916348,0.467726931320176
"2120","20074.16",2120,4916370,0.541310730548392
"2121","20074.16",2121,4916386,0.166225708033584
"2122","20074.16",2122,4919005,-0.361922049110034
"2123","20074.16",2123,4919253,0.397232209494043
"2124","20074.16",2124,4919320,0.154587687058822
"2125","20074.16",2125,4919334,-0.254191423659877
"2126","20074.16",2126,4919596,-0.249857147761254
"2127","20074.16",2127,4922189,-0.433752141036263
"2128","20074.16",2128,4922201,0.497942475957584
"2129","20074.16",2129,4923091,0.977371839204227
"2130","20074.16",2130,4923127,0.873906094082723
"2131","20074.16",2131,4923851,-0.0823696878579216
"2132","20074.16",2132,4926726,-1.30629085620312
"2133","20074.16",2133,4928257,0.552356563895301
"2134","20074.16",2134,4928339,-0.369424411966984
"2135","20074.16",2135,4928464,-0.770360736976668
"2136","20074.16",2136,4931513,-0.100369366213433
"2137","20074.16",2137,4931677,0.837048564023976
"2138","20074.16",2138,4931704,0.0362497093855998
"2139","20074.16",2139,4933907,0.606091235157032
"2140","20074.16",2140,4936205,0.326570275808316
"2141","20074.16",2141,4936280,0.321433201459038
"2142","20074.16",2142,4936532,-0.0109384713212854
"2143","20074.16",2143,4937909,0.420204297084054
"2144","20074.16",2144,4938160,0.112970752619488
"2145","20074.16",2145,4941047,-0.874853003813206
"2146","20074.16",2146,4941397,-1.03239072359117
"2147","20074.16",2147,4949111,0.395293333058876
"2148","20074.16",2148,4949815,0.0474103504127665
"2149","20074.16",2149,4949947,0.437219618471759
"2150","20074.16",2150,4952194,-0.460968312191917
"2151","20074.16",2151,4953094,0.397257091797093
"2152","20074.16",2152,4953325,0.362927086765008
"2153","20074.16",2153,4955288,-0.738136035088658
"2154","20074.16",2154,4957382,0.233812589529588
"2155","20074.16",2155,4960940,-1.02529234446084
"2156","20074.16",2156,4961477,-0.278004996174039
"2157","20074.16",2157,4965785,-0.312703211988659
"2158","20074.16",2158,4968524,0.610348293980638
"2159","20074.16",2159,4971782,-0.876134649249382
"2160","20074.16",2160,4973111,-0.0059711405702556
"2161","20074.16",2161,4974001,0.65563627005126
"2162","20074.16",2162,4977451,0.157686380068586
"2163","20074.16",2163,4977888,-0.855784481906232
"2164","20074.16",2164,4980565,-0.870328091414774
"2165","20074.16",2165,4982013,0.156090257897381
"2166","20074.16",2166,4982128,-0.0313415168764015
"2167","20074.16",2167,4982789,0.290750624235325
"2168","20074.16",2168,4983430,0.275208774309109
"2169","20074.16",2169,4983530,0.397073573844108
"2170","20074.16",2170,4983563,0.229673405127336
"2171","20074.16",2171,4983631,0.303323897890794
"2172","20074.16",2172,4985955,-0.281864347443421
"2173","20074.16",2173,4988014,-0.600378435587541
"2174","20074.16",2174,4991277,1.12707303032912
"2175","20074.16",2175,4991346,0.649944631845924
"2176","20074.16",2176,4993725,0.100684735717521
"2177","20074.16",2177,4994417,-0.305280168085305
"2178","20074.16",2178,4997323,0.555535249072789
"2179","20074.16",2179,4999985,0.735684274971189
"2180","20074.16",2180,5000158,-0.533649041770145
"2181","20074.16",2181,5000945,1.19136507885373
"2182","20074.16",2182,5001170,-0.195188745420706
"2183","20074.16",2183,5004315,0.208584518153286
"2184","20074.16",2184,5005153,-0.098902998614082
"2185","20074.16",2185,5005222,0.125001629009761
"2186","20074.16",2186,5006249,-0.299043646993701
"2187","20074.16",2187,5006375,0.0788752812593705
"2188","20074.16",2188,5007643,0.742161935814697
"2189","20074.16",2189,5010913,-0.0866925700863224
"2190","20074.16",2190,5014255,-1.04642515763063
"2191","20074.16",2191,5015708,-0.0522607623601115
"2192","20074.16",2192,5016660,-0.574963447046465
"2193","20074.16",2193,5018754,0.332466407074748
"2194","20074.16",2194,5019183,0.331246867714191
"2195","20074.16",2195,5019231,0.186598992473771
"2196","20074.16",2196,5020783,-0.208523849991576
"2197","20074.16",2197,5021659,-0.297583526074828
"2198","20074.16",2198,5021983,-0.0224010273329487
"2199","20074.16",2199,5023417,-1.90200602480472
"2200","20074.16",2200,5031095,0.0283368471609204
"2201","20074.16",2201,5032089,0.425664870498967
"2202","20074.16",2202,5032298,0.542192670589379
"2203","20074.16",2203,5032910,0.55302492446297
"2204","20074.16",2204,5033982,0.543255587783482
"2205","20074.16",2205,5035023,-0.109100630065061
"2206","20074.16",2206,5035040,-0.754276026123005
"2207","20074.16",2207,5039248,-0.174752850313278
"2208","20074.16",2208,5039998,-0.637043405237751
"2209","20074.16",2209,5042593,-0.677589384377203
"2210","20074.16",2210,5044201,-0.181461301391604
"2211","20074.16",2211,5045460,0.198819854980185
"2212","20074.16",2212,5049230,-0.873833124681394
"2213","20074.16",2213,5049314,-0.379540911412463
"2214","20074.16",2214,5050441,-0.103820433164825
"2215","20074.16",2215,5052889,0.261008907178211
"2216","20074.16",2216,5053161,0.0164256181887827
"2217","20074.16",2217,5053399,0.213433963734001
"2218","20074.16",2218,5054999,-0.69290640108904
"2219","20074.16",2219,5055941,-0.460756704400414
"2220","20074.16",2220,5056062,-0.171771415544728
"2221","20074.16",2221,5056295,0.562812352488041
"2222","20074.16",2222,5056936,0.612372521661501
"2223","20074.16",2223,5061883,0.261641341366597
"2224","20074.16",2224,5061948,0.421442265644772
"2225","20074.16",2225,5061971,0.00979724402394133
"2226","20074.16",2226,5062082,-2.43806759443387
"2227","20074.16",2227,5062358,0.0315263313839118
"2228","20074.16",2228,5063336,0.132054117306768
"2229","20074.16",2229,5067149,0.729984923538898
"2230","20074.16",2230,5067257,1.03338706259666
"2231","20074.16",2231,5068152,0.596037412140677
"2232","20074.16",2232,5069355,0.716586579272728
"2233","20074.16",2233,5069983,-0.328800192310749
"2234","20074.16",2234,5070502,0.594575417070984
"2235","20074.16",2235,5070897,-0.56598045923342
"2236","20074.16",2236,5071544,1.03999444742049
"2237","20074.16",2237,5073512,-0.634650244155996
"2238","20074.16",2238,5073773,0.979015199383773
"2239","20074.16",2239,5073887,0.056160045415103
"2240","20074.16",2240,5074952,0.0947143701477975
"2241","20074.16",2241,5075633,0.63086670181831
"2242","20074.16",2242,5077452,-0.220805939107414
"2243","20074.16",2243,5078543,-0.400288679669746
"2244","20074.16",2244,5078875,0.0244777905369711
"2245","20074.16",2245,5078915,-0.594724319935723
"2246","20074.16",2246,5080086,0.23554354415602
"2247","20074.16",2247,5080121,0.0482294543514152
"2248","20074.16",2248,5082231,-0.152655775192654
"2249","20074.16",2249,5082289,-0.00854540072911014
"2250","20074.16",2250,5091398,0.0919048746404618
"2251","20074.16",2251,5092091,-0.510568865534117
"2252","20074.16",2252,5092118,-0.632325149449537
"2253","20074.16",2253,5093595,0.419564319920702
"2254","20074.16",2254,5101291,0.244425912974248
"2255","20074.16",2255,5101635,-0.118930068541845
"2256","20074.16",2256,5103920,0.777493856296107
"2257","20074.16",2257,5107990,-0.88769719694614
"2258","20074.16",2258,5110801,-1.02788385828209
"2259","20074.16",2259,5114437,0.279811660281678
"2260","20074.16",2260,5114849,-0.140281781834052
"2261","20074.16",2261,5116161,0.021752372227839
"2262","20074.16",2262,5116535,-0.898862193155152
"2263","20074.16",2263,5117607,0.639755700104508
"2264","20074.16",2264,5119872,0.361615270888506
"2265","20074.16",2265,5120306,-0.0253752375684604
"2266","20074.16",2266,5122359,-0.522240287741566
"2267","20074.16",2267,5122681,-0.282587427991564
"2268","20074.16",2268,5122784,0.487415358061392
"2269","20074.16",2269,5123613,-0.896816171590427
"2270","20074.16",2270,5124465,0.358217178338982
"2271","20074.16",2271,5126596,-0.232158836229973
"2272","20074.16",2272,5128147,-0.0726139742854546
"2273","20074.16",2273,5129162,-1.28618785483197
"2274","20074.16",2274,5133091,-0.628893256314594
"2275","20074.16",2275,5141046,-0.626908312653984
"2276","20074.16",2276,5142284,0.312654876685673
"2277","20074.16",2277,5144019,-0.104108896014917
"2278","20074.16",2278,5145716,0.402591605574972
"2279","20074.16",2279,5152863,-1.49193811826317
"2280","20074.16",2280,5159481,-0.547604664616661
"2281","20074.16",2281,5161499,-0.233480532407404
"2282","20074.16",2282,5161774,0.669500938851013
"2283","20074.16",2283,5162492,-0.920564230811705
"2284","20074.16",2284,5164695,-0.225000128608351
"2285","20074.16",2285,5172239,0.516999929194177
"2286","20074.16",2286,5174275,0.116495884361312
"2287","20074.16",2287,5181709,0.14926222084335
"2288","20074.16",2288,5184911,-0.379108969154611
"2289","20074.16",2289,5186461,-0.412193783619582
"2290","20074.16",2290,5186713,-0.00468739212888813
"2291","20074.16",2291,5188054,0.43806516952353
"2292","20074.16",2292,5188185,0.117858482332621
"2293","20074.16",2293,5190548,0.628765542651593
"2294","20074.16",2294,5191838,0.30270284365353
"2295","20074.16",2295,5194490,0.96462591586486
"2296","20074.16",2296,5194932,0.143947137808004
"2297","20074.16",2297,5194955,0.454720277161978
"2298","20074.16",2298,5196086,0.247572085331915
"2299","20074.16",2299,5196262,0.392755415880148
"2300","20074.16",2300,5196741,0.222225290956366
"2301","20074.16",2301,5196899,-0.000549313685628938
"2302","20074.16",2302,5197237,0.679508327009969
"2303","20074.16",2303,5200515,1.24386868465046
"2304","20074.16",2304,5201599,-0.0428756632730911
"2305","20074.16",2305,5206313,-0.0213504613161053
"2306","20074.16",2306,5206511,-0.158117745283155
"2307","20074.16",2307,5208459,-1.06783063129901
"2308","20074.16",2308,5212801,0.0419418200151433
"2309","20074.16",2309,5213124,-0.26017081037172
"2310","20074.16",2310,5216718,0.0922561577415104
"2311","20074.16",2311,5220095,-0.221218361593651
"2312","20074.16",2312,5220838,-0.763629702544018
"2313","20074.16",2313,5220901,-0.195889113035887
"2314","20074.16",2314,5224389,-0.188554654463597
"2315","20074.16",2315,5225217,0.267137977692493
"2316","20074.16",2316,5225319,-0.405250026093763
"2317","20074.16",2317,5226643,0.185340557304808
"2318","20074.16",2318,5226845,0.7655414840012
"2319","20074.16",2319,5227804,-0.745080084793462
"2320","20074.16",2320,5230991,-0.701644438060962
"2321","20074.16",2321,5231059,-0.763942939416152
"2322","20074.16",2322,5231096,0.447637777922806
"2323","20074.16",2323,5231188,-0.840410232577064
"2324","20074.16",2324,5232759,-0.485829180192136
"2325","20074.16",2325,5233074,-0.613649087383541
"2326","20074.16",2326,5238887,0.142862039023605
"2327","20074.16",2327,5242691,0.727237136432733
"2328","20074.16",2328,5246931,0.366994563757093
"2329","20074.16",2329,5247684,-0.670557179866505
"2330","20074.16",2330,5247769,1.40508004992281
"2331","20074.16",2331,5247853,0.763108916300461
"2332","20074.16",2332,5248573,0.156513286941323
"2333","20074.16",2333,5248749,0.279664053867248
"2334","20074.16",2334,5250006,-0.131469203898358
"2335","20074.16",2335,5255775,0.282814378111079
"2336","20074.16",2336,5255874,0.110534204384619
"2337","20074.16",2337,5256452,0.167697800308447
"2338","20074.16",2338,5258261,0.613250436351268
"2339","20074.16",2339,5264399,0.81542558712197
"2340","20074.16",2340,5264786,0.277662746740627
"2341","20074.16",2341,5266256,-0.644000429713987
"2342","20074.16",2342,5269253,-0.170359658209682
"2343","20074.16",2343,5270834,0.809921993986685
"2344","20074.16",2344,5271209,-0.843876908807698
"2345","20074.16",2345,5273195,0.0278229832015908
"2346","20074.16",2346,5273716,0.0816519255093624
"2347","20074.16",2347,5275304,-0.498834497176035
"2348","20074.16",2348,5275418,0.878598745054165
"2349","20074.16",2349,5277515,0.523847031579238
"2350","20074.16",2350,5277561,0.45406400603872
"2351","20074.16",2351,5279222,-1.13941297250712
"2352","20074.16",2352,5279336,0.849497342787227
"2353","20074.16",2353,5279667,-0.227422838986111
"2354","20074.16",2354,5279741,-0.620654587861986
"2355","20074.16",2355,5281559,0.556089774048153
"2356","20074.16",2356,5281755,0.624909909277073
"2357","20074.16",2357,5281856,-0.0810391397777943
"2358","20074.16",2358,5282314,-0.835765347989405
"2359","20074.16",2359,5282675,0.302177986493404
"2360","20074.16",2360,5282748,0.113851677150849
"2361","20074.16",2361,5282862,-0.0373914300695981
"2362","20074.16",2362,5283259,-0.312705838691847
"2363","20074.16",2363,5283491,0.535498524941965
"2364","20074.16",2364,5285520,0.173609603382973
"2365","20074.16",2365,5286501,-0.271713711095928
"2366","20074.16",2366,5286845,0.777360872811637
"2367","20074.16",2367,5300647,0.72615262656267
"2368","20074.16",2368,5301992,-0.128697744303203
"2369","20074.16",2369,5302815,-0.20871852703988
"2370","20074.16",2370,5303973,-0.78793911603772
"2371","20074.16",2371,5306623,-0.0471356573650903
"2372","20074.16",2372,5310737,-0.0339879290252592
"2373","20074.16",2373,5310865,1.43061653409346
"2374","20074.16",2374,5310946,-0.89012395154069
"2375","20074.16",2375,5311539,0.751177272141198
"2376","20074.16",2376,5311865,-0.12758287708228
"2377","20074.16",2377,5316276,-0.28911970144542
"2378","20074.16",2378,5321636,-0.741992727939286
"2379","20074.16",2379,5321896,0.230335493602801
"2380","20074.16",2380,5322634,0.777625684204234
"2381","20074.16",2381,5322931,0.464482312258823
"2382","20074.16",2382,5325096,-0.14808356349284
"2383","20074.16",2383,5327184,-0.311316925639781
"2384","20074.16",2384,5327727,-0.0617785127126655
"2385","20074.16",2385,5331838,-0.170881197703356
"2386","20074.16",2386,5333126,-0.751969078004744
"2387","20074.16",2387,5333834,-0.261389665951199
"2388","20074.16",2388,5337659,-0.37574231570268
"2389","20074.16",2389,5338275,0.598668603278413
"2390","20074.16",2390,5339420,-0.427496655347912
"2391","20074.16",2391,5343421,0.166949505526304
"2392","20074.16",2392,5343637,-0.984782101261795
"2393","20074.16",2393,5346531,-0.135567575990116
"2394","20074.16",2394,5347444,0.101357313298618
"2395","20074.16",2395,5348151,0.114344671363524
"2396","20074.16",2396,5354642,0.579084426151231
"2397","20074.16",2397,5355179,-0.00811464862174738
"2398","20074.16",2398,5355351,-0.896766657894987
"2399","20074.16",2399,5355667,0.0621154976474809
"2400","20074.16",2400,5356262,-0.0293374409371872
"2401","20074.16",2401,5357573,0.778305031596786
"2402","20074.16",2402,5360634,0.454081413137483
"2403","20074.16",2403,5361795,0.256476480818951
"2404","20074.16",2404,5361834,0.285293050400564
"2405","20074.16",2405,5361883,0.818785390442376
"2406","20074.16",2406,5361923,0.274989464531518
"2407","20074.16",2407,5362480,0.704157618328717
"2408","20074.16",2408,5364284,0.258418780287864
"2409","20074.16",2409,5365646,0.148729115591292
"2410","20074.16",2410,5365989,-0.175847781997586
"2411","20074.16",2411,5370410,1.61537125013405
"2412","20074.16",2412,5370522,0.160660793021643
"2413","20074.16",2413,5372535,-0.116801811782885
"2414","20074.16",2414,5372699,-0.631260863666915
"2415","20074.16",2415,5372831,-0.415304612581842
"2416","20074.16",2416,5373940,0.0852496400148688
"2417","20074.16",2417,5376177,-0.811307500596748
"2418","20074.16",2418,5376267,-0.572040104926035
"2419","20074.16",2419,5376281,-0.921184137292273
"2420","20074.16",2420,5376329,-0.233470879839193
"2421","20074.16",2421,5376344,-0.0218967069317451
"2422","20074.16",2422,5376507,0.904152567302154
"2423","20074.16",2423,5376679,0.859100366450414
"2424","20074.16",2424,5376876,0.307001910191253
"2425","20074.16",2425,5377438,-0.538237522437078
"2426","20074.16",2426,5377487,0.0811820296246282
"2427","20074.16",2427,5377509,0.571326194908699
"2428","20074.16",2428,5377550,-0.988596980808356
"2429","20074.16",2429,5377566,-0.288062827240819
"2430","20074.16",2430,5377596,-0.0148757549416878
"2431","20074.16",2431,5377609,-0.538355648138541
"2432","20074.16",2432,5377731,0.170613288165891
"2433","20074.16",2433,5377920,-0.184941429364708
"2434","20074.16",2434,5378062,-0.31325164214084
"2435","20074.16",2435,5378116,0.0168084255411243
"2436","20074.16",2436,5378357,-0.425247491900836
"2437","20074.16",2437,5378429,0.906659193241368
"2438","20074.16",2438,5378527,0.315910101545678
"2439","20074.16",2439,5378636,-0.121542435685609
"2440","20074.16",2440,5378709,-1.15768436269613
"2441","20074.16",2441,5378745,-0.153110834171986
"2442","20074.16",2442,5378767,0.0918115132815158
"2443","20074.16",2443,5378785,1.45772907243959
"2444","20074.16",2444,5378842,0.166343213906844
"2445","20074.16",2445,5378873,-0.0305685905465127
"2446","20074.16",2446,5378913,-0.0877296042692182
"2447","20074.16",2447,5378954,0.0750046425354709
"2448","20074.16",2448,5379049,0.410128010360659
"2449","20074.16",2449,5379095,-1.46173722126019
"2450","20074.16",2450,5380160,0.42719778886624
"2451","20074.16",2451,5381053,-0.208493344729232
"2452","20074.16",2452,5381553,0.0429808177537412
"2453","20074.16",2453,5381572,-0.185713256932487
"2454","20074.16",2454,5381599,-0.0687925258653079
"2455","20074.16",2455,5381777,0.073304231580738
"2456","20074.16",2456,5381798,0.775320872931574
"2457","20074.16",2457,5381830,0.487702136683988
"2458","20074.16",2458,5381917,-0.147714821657916
"2459","20074.16",2459,5381940,0.607520595298925
"2460","20074.16",2460,5381999,0.305945704934898
"2461","20074.16",2461,5382072,0.425764562802965
"2462","20074.16",2462,5382236,-0.6502990930305
"2463","20074.16",2463,5382857,0.0499973730530998
"2464","20074.16",2464,5383367,0.433802854514036
"2465","20074.16",2465,5383576,-0.308170302924792
"2466","20074.16",2466,5383594,-0.208391789949663
"2467","20074.16",2467,5383635,0.0317350700212682
"2468","20074.16",2468,5383801,0.351919600430231
"2469","20074.16",2469,5383907,-0.437830523508794
"2470","20074.16",2470,5384319,-0.720416059750813
"2471","20074.16",2471,5384403,0.0638036199098702
"2472","20074.16",2472,5384465,0.371219722491499
"2473","20074.16",2473,5389354,-0.242379874446752
"2474","20074.16",2474,5390638,-0.387021827234254
"2475","20074.16",2475,5392273,0.156963325686235
"2476","20074.16",2476,5392296,0.829734945777255
"2477","20074.16",2477,5392358,-1.18773370173489
"2478","20074.16",2478,5392598,0.755627990710535
"2479","20074.16",2479,5393009,0.141183483540435
"2480","20074.16",2480,5393063,-0.162550645991983
"2481","20074.16",2481,5394084,-0.377537508231143
"2482","20074.16",2482,5394437,-0.270151502021609
"2483","20074.16",2483,5394461,-0.272812777767975
"2484","20074.16",2484,5395030,0.0220025482536048
"2485","20074.16",2485,5395091,0.360449248034784
"2486","20074.16",2486,5399497,-0.93906744739317
"2487","20074.16",2487,5403045,0.462227107260037
"2488","20074.16",2488,5403814,-0.0409022245289306
"2489","20074.16",2489,5405424,-0.954587364037147
"2490","20074.16",2490,5406408,0.950308524089244
"2491","20074.16",2491,5406957,-0.608887549413941
"2492","20074.16",2492,5407062,-0.0990476671100584
"2493","20074.16",2493,5409673,-0.0812193120032028
"2494","20074.16",2494,5410372,0.718332760373365
"2495","20074.16",2495,5410389,0.210070283681339
"2496","20074.16",2496,5412808,0.346437240722655
"2497","20074.16",2497,5415756,0.509045995178062
"2498","20074.16",2498,5415915,0.712547915872428
"2499","20074.16",2499,5416664,-0.191522349312915
"2500","20074.16",2500,5417715,0.429784604178304
"2501","20074.16",2501,5419425,-1.04399318496866
"2502","20074.16",2502,5420573,-0.235263702806364
"2503","20074.16",2503,5421561,-0.934868019411812
"2504","20074.16",2504,5422698,0.140120580933832
"2505","20074.16",2505,5424813,-0.210626483516743
"2506","20074.16",2506,5425168,-0.664417827586744
"2507","20074.16",2507,5425191,-0.266494277822282
"2508","20074.16",2508,5426316,0.00101391280523
"2509","20074.16",2509,5426876,0.3902222551536
"2510","20074.16",2510,5427239,0.871348967077634
"2511","20074.16",2511,5429799,0.193830608878153
"2512","20074.16",2512,5430066,-0.344309502478598
"2513","20074.16",2513,5433263,-1.25806560905504
"2514","20074.16",2514,5436488,1.1952249355236
"2515","20074.16",2515,5437297,0.487371247111803
"2516","20074.16",2516,5437610,0.44267261851659
"2517","20074.16",2517,5440659,0.5079992728451
"2518","20074.16",2518,5441125,-0.158271089622971
"2519","20074.16",2519,5441651,0.667899396821366
"2520","20074.16",2520,5445615,0.156576046810421
"2521","20074.16",2521,5446206,0.590135458718001
"2522","20074.16",2522,5447301,-0.118619848177603
"2523","20074.16",2523,5447857,0.800274025955468
"2524","20074.16",2524,5452944,0.852576808718067
"2525","20074.16",2525,5454454,-0.51158928664171
"2526","20074.16",2526,5454473,-0.87427845178314
"2527","20074.16",2527,5454486,0.143801086315387
"2528","20074.16",2528,5454823,0.519464698885016
"2529","20074.16",2529,5456071,0.974594447541565
"2530","20074.16",2530,5456397,0.229559988215368
"2531","20074.16",2531,5460292,-0.803289623814194
"2532","20074.16",2532,5460523,-0.14115007740269
"2533","20074.16",2533,5460593,-0.79942806867408
"2534","20074.16",2534,5460945,-0.181954553492313
"2535","20074.16",2535,5461015,0.573235451939868
"2536","20074.16",2536,5463913,0.0870562962942056
"2537","20074.16",2537,5464316,-0.576062714405958
"2538","20074.16",2538,5464801,0.381360150214824
"2539","20074.16",2539,5466095,-0.11698777673721
"2540","20074.16",2540,5466155,0.57559035224753
"2541","20074.16",2541,5466183,0.116812651507719
"2542","20074.16",2542,5467795,0.31472373859195
"2543","20074.16",2543,5468157,0.507145343848143
"2544","20074.16",2544,5473687,0.321266531801551
"2545","20074.16",2545,5474696,0.9677108269328
"2546","20074.16",2546,5474803,0.104469657093933
"2547","20074.16",2547,5478605,-0.650431063563055
"2548","20074.16",2548,5479168,-0.506006383926743
"2549","20074.16",2549,5483427,-0.158777002591517
"2550","20074.16",2550,5483813,-0.51649993679205
"2551","20074.16",2551,5483889,0.794881937907253
"2552","20074.16",2552,5484145,0.240523219372922
"2553","20074.16",2553,5484645,0.409807241364686
"2554","20074.16",2554,5485117,-0.041974701891986
"2555","20074.16",2555,5485627,0.810923005219878
"2556","20074.16",2556,5489530,-0.721160048912618
"2557","20074.16",2557,5489632,0.717279161727608
"2558","20074.16",2558,5491897,-0.452461132602752
"2559","20074.16",2559,5492179,0.76849913362306
"2560","20074.16",2560,5494943,0.169461433663938
"2561","20074.16",2561,5495968,0.308662322462648
"2562","20074.16",2562,5496219,0.542616201167957
"2563","20074.16",2563,5496373,0.367800757366193
"2564","20074.16",2564,5496783,0.482329722112971
"2565","20074.16",2565,5497268,-0.158055884050682
"2566","20074.16",2566,5498444,-0.192199040959161
"2567","20074.16",2567,5500375,0.918702821889478
"2568","20074.16",2568,5500712,-0.0763654208486164
"2569","20074.16",2569,5503323,0.301360492190757
"2570","20074.16",2570,5503567,-0.20978537346643
"2571","20074.16",2571,5504684,-0.124407054040805
"2572","20074.16",2572,5506152,-0.114623487824783
"2573","20074.16",2573,5506409,0.533767796816458
"2574","20074.16",2574,5507518,-0.438259343627842
"2575","20074.16",2575,5507616,0.106929986465831
"2576","20074.16",2576,5508234,0.0294368767169955
"2577","20074.16",2577,5509480,0.103364404407194
"2578","20074.16",2578,5509504,0.705247482733456
"2579","20074.16",2579,5509934,-0.343366623651404
"2580","20074.16",2580,5509964,0.656952825030248
"2581","20074.16",2581,5510607,-0.350359664210895
"2582","20074.16",2582,5516062,-0.00381001584174001
"2583","20074.16",2583,5516245,0.270211391966071
"2584","20074.16",2584,5516304,-0.264517354637961
"2585","20074.16",2585,5517329,0.681821434034767
"2586","20074.16",2586,5518032,0.247396938797922
"2587","20074.16",2587,5518259,-0.332170101858794
"2588","20074.16",2588,5518427,0.656386515042692
"2589","20074.16",2589,5518794,-0.291584740582072
"2590","20074.16",2590,5518988,-0.5452650255031
"2591","20074.16",2591,5519600,0.203284364879716
"2592","20074.16",2592,5519955,0.546584784085959
"2593","20074.16",2593,5520077,-0.155651613986613
"2594","20074.16",2594,5521176,0.202207819198928
"2595","20074.16",2595,5521376,0.473721331624584
"2596","20074.16",2596,5522823,-0.979842937251004
"2597","20074.16",2597,5525343,-0.0197184768192544
"2598","20074.16",2598,5526492,0.810553049295682
"2599","20074.16",2599,5526522,0.24228640501867
"2600","20074.16",2600,5526695,-0.58698773913969
"2601","20074.16",2601,5526708,1.27094501689238
"2602","20074.16",2602,5527411,-0.016393811539996
"2603","20074.16",2603,5528534,0.398774201190412
"2604","20074.16",2604,5529807,0.978424004786713
"2605","20074.16",2605,5529884,0.0195477517551623
"2606","20074.16",2606,5530617,0.948067362405904
"2607","20074.16",2607,5530636,0.0329315184533217
"2608","20074.16",2608,5531368,0.625224036690336
"2609","20074.16",2609,5531735,0.597662753822809
"2610","20074.16",2610,5532193,0.975065722042713
"2611","20074.16",2611,5532611,-0.555841245639538
"2612","20074.16",2612,5532879,-0.90720051586323
"2613","20074.16",2613,5539008,0.181582035598709
"2614","20074.16",2614,5539511,-0.57865639465207
"2615","20074.16",2615,5540441,-0.277742241337756
"2616","20074.16",2616,5542304,-0.0232988955265192
"2617","20074.16",2617,5542363,-0.87383302237718
"2618","20074.16",2618,5542382,-0.234118617395226
"2619","20074.16",2619,5543839,-0.748472439758622
"2620","20074.16",2620,5544444,0.79283769788627
"2621","20074.16",2621,5544523,-0.324016006958207
"2622","20074.16",2622,5544933,0.384240069546101
"2623","20074.16",2623,5548020,0.762485791513691
"2624","20074.16",2624,5548104,-1.15094890236504
"2625","20074.16",2625,5553930,0.238064109560717
"2626","20074.16",2626,5553986,0.405391781236065
"2627","20074.16",2627,5555136,0.572508936791938
"2628","20074.16",2628,5555982,-0.508228807861101
"2629","20074.16",2629,5557913,-0.0632729999311774
"2630","20074.16",2630,5558924,-0.0609350577990844
"2631","20074.16",2631,5558977,0.428693403428285
"2632","20074.16",2632,5559015,0.919999094970142
"2633","20074.16",2633,5559149,0.24797246694953
"2634","20074.16",2634,5559656,0.27991748580241
"2635","20074.16",2635,5561069,0.163540464412759
"2636","20074.16",2636,5562538,0.466908940048405
"2637","20074.16",2637,5563621,-0.239654740313757
"2638","20074.16",2638,5564044,0.486025872997341
"2639","20074.16",2639,5564206,-0.586093200867546
"2640","20074.16",2640,5564346,0.838993853766209
"2641","20074.16",2641,5564667,-0.570544126058079
"2642","20074.16",2642,5571323,-1.49888191799247
"2643","20074.16",2643,5571609,-0.582000168592725
"2644","20074.16",2644,5571748,0.186227490260771
"2645","20074.16",2645,5571778,0.833851655732347
"2646","20074.16",2646,5571797,-0.0325780049735327
"2647","20074.16",2647,5572104,-0.54716106367102
"2648","20074.16",2648,5572126,0.654617791005484
"2649","20074.16",2649,5572378,0.608089829275417
"2650","20074.16",2650,5572625,-1.0558993627429
"2651","20074.16",2651,5572640,0.0217141030188222
"2652","20074.16",2652,5574358,-0.438641473320742
"2653","20074.16",2653,5574880,-0.403557773987199
"2654","20074.16",2654,5575810,-1.10953211239335
"2655","20074.16",2655,5576081,-1.05894484621545
"2656","20074.16",2656,5577250,0.0192830563370743
"2657","20074.16",2657,5577589,0.528546317000624
"2658","20074.16",2658,5580647,-0.99735887945666
"2659","20074.16",2659,5581699,-0.121120647601593
"2660","20074.16",2660,5583318,0.162042410171421
"2661","20074.16",2661,5583367,-0.16687881521923
"2662","20074.16",2662,5584979,-0.178080481416474
"2663","20074.16",2663,5585657,0.218000753831402
"2664","20074.16",2664,5585852,-0.105071435482892
"2665","20074.16",2665,5586594,-0.0796751260462907
"2666","20074.16",2666,5587408,0.111376560468028
"2667","20074.16",2667,5587966,-1.43806960427718
"2668","20074.16",2668,5588022,0.36224895449539
"2669","20074.16",2669,5588083,0.126604510699137
"2670","20074.16",2670,5588451,1.26651061782755
"2671","20074.16",2671,5588529,0.975852434891583
"2672","20074.16",2672,5588923,0.974810364511915
"2673","20074.16",2673,5589876,-0.0543597732805656
"2674","20074.16",2674,5590434,0.28393450098148
"2675","20074.16",2675,5590625,0.357891046910081
"2676","20074.16",2676,5590732,-0.564621613337555
"2677","20074.16",2677,5591260,0.08735752549003
"2678","20074.16",2678,5598349,-0.0996636262715702
"2679","20074.16",2679,5598443,-1.01579556924646
"2680","20074.16",2680,5598466,0.0952278730226501
"2681","20074.16",2681,5598818,-0.206605828381744
"2682","20074.16",2682,5598926,-0.202215586179078
"2683","20074.16",2683,5599065,-0.11147264498043
"2684","20074.16",2684,5599773,-0.0422243505993443
"2685","20074.16",2685,5599906,0.694243474756838
"2686","20074.16",2686,5600179,0.385371898919778
"2687","20074.16",2687,5600752,-0.497375448805919
"2688","20074.16",2688,5602094,0.223494045519574
"2689","20074.16",2689,5603242,0.548564566482502
"2690","20074.16",2690,5603248,0.248954745469896
"2691","20074.16",2691,5603620,-0.54673130537043
"2692","20074.16",2692,5603647,-0.454180376819636
"2693","20074.16",2693,5604789,-0.156924054205106
"2694","20074.16",2694,5605162,-0.385423328442057
"2695","20074.16",2695,5605413,-0.0741843953038668
"2696","20074.16",2696,5605654,-0.0190361570833817
"2697","20074.16",2697,5605708,-0.0336808437783356
"2698","20074.16",2698,5605721,0.170963285853304
"2699","20074.16",2699,5605735,-0.344755779952844
"2700","20074.16",2700,5606082,0.099927868410524
"2701","20074.16",2701,5606092,0.47033227451504
"2702","20074.16",2702,5606108,0.836042012122518
"2703","20074.16",2703,5606118,0.754968437627514
"2704","20074.16",2704,5606124,1.05046339586028
"2705","20074.16",2705,5606185,0.420845939153417
"2706","20074.16",2706,5606197,0.82021087803869
"2707","20074.16",2707,5606213,-0.631243686331718
"2708","20074.16",2708,5606260,0.088655552630641
"2709","20074.16",2709,5606274,-0.366619503456847
"2710","20074.16",2710,5606374,0.146511540443515
"2711","20074.16",2711,5606416,-0.0103638793558449
"2712","20074.16",2712,5606430,-0.322757342560811
"2713","20074.16",2713,5606559,-0.011179324185937
"2714","20074.16",2714,5606612,0.0505949152548633
"2715","20074.16",2715,5606792,-1.77736316841826
"2716","20074.16",2716,5607069,-1.22821726777147
"2717","20074.16",2717,5607356,-1.45138943558459
"2718","20074.16",2718,5607650,-0.6066257524639
"2719","20074.16",2719,5607686,0.103509437187763
"2720","20074.16",2720,5607776,-0.87565897705359
"2721","20074.16",2721,5607805,1.09619028613859
"2722","20074.16",2722,5607821,-0.494667461369573
"2723","20074.16",2723,5607877,-0.591184945531336
"2724","20074.16",2724,5607891,0.126465347774624
"2725","20074.16",2725,5608090,-2.02934933871487
"2726","20074.16",2726,5608152,0.0379726144336443
"2727","20074.16",2727,5608338,-0.43082775502875
"2728","20074.16",2728,5608373,-0.171154305459286
"2729","20074.16",2729,5608413,0.303477446373351
"2730","20074.16",2730,5608534,0.202713449507682
"2731","20074.16",2731,5608593,0.299356446467299
"2732","20074.16",2732,5608643,0.565408682073762
"2733","20074.16",2733,5608660,-0.857096129839948
"2734","20074.16",2734,5608681,0.618207528265136
"2735","20074.16",2735,5608833,0.716936088694896
"2736","20074.16",2736,5609315,-0.541473133951119
"2737","20074.16",2737,5609332,-0.100859845805872
"2738","20074.16",2738,5611121,-0.00313858975550652
"2739","20074.16",2739,5615786,-0.089849970642625
"2740","20074.16",2740,5616054,0.015606600427267
"2741","20074.16",2741,5616211,-0.510446436573262
"2742","20074.16",2742,5616334,-0.185188961863089
"2743","20074.16",2743,5616944,0.18775198831278
"2744","20074.16",2744,5622467,-0.170511093883189
"2745","20074.16",2745,5623072,0.297106303226413
"2746","20074.16",2746,5623455,0.128453887521208
"2747","20074.16",2747,5625193,0.485319407781703
"2748","20074.16",2748,5625681,0.492371538622765
"2749","20074.16",2749,5625832,-0.322292484681585
"2750","20074.16",2750,5627737,0.946368990312012
"2751","20074.16",2751,5627875,0.503848912420584
"2752","20074.16",2752,5629245,-0.1431162703464
"2753","20074.16",2753,5629357,-0.676710180179316
"2754","20074.16",2754,5631166,1.88718948714534
"2755","20074.16",2755,5631226,1.41353152542689
"2756","20074.16",2756,5631304,0.331762880915057
"2757","20074.16",2757,5631477,-0.581934610674955
"2758","20074.16",2758,5631725,1.14867690321581
"2759","20074.16",2759,5632041,0.640493670097064
"2760","20074.16",2760,5632390,0.0617496502445469
"2761","20074.16",2761,5632426,-0.429803516937812
"2762","20074.16",2762,5634586,0.14791614594821
"2763","20074.16",2763,5634785,0.364693762256578
"2764","20074.16",2764,5635158,-0.948132959257645
"2765","20074.16",2765,5635803,-0.436311977549182
"2766","20074.16",2766,5636132,-0.559646572611411
"2767","20074.16",2767,5636183,0.284308282081773
"2768","20074.16",2768,5636445,-0.342574854066479
"2769","20074.16",2769,5637099,0.100325935313307
"2770","20074.16",2770,5637978,0.0237689579227167
"2771","20074.16",2771,5639772,-0.341590709225195
"2772","20074.16",2772,5639798,-0.299882294164899
"2773","20074.16",2773,5641714,-0.0798055245261962
"2774","20074.16",2774,5645422,-0.29429034047224
"2775","20074.16",2775,5645572,1.03336354600374
"2776","20074.16",2776,5645771,0.812861023921578
"2777","20074.16",2777,5646205,0.433742312771675
"2778","20074.16",2778,5646285,0.537892566888199
"2779","20074.16",2779,5646708,0.153115607267599
"2780","20074.16",2780,5648126,-0.979155242893116
"2781","20074.16",2781,5650598,-0.139190589016894
"2782","20074.16",2782,5651841,0.304981547926642
"2783","20074.16",2783,5654040,0.228036403145553
"2784","20074.16",2784,5654141,-0.0466630429916268
"2785","20074.16",2785,5654330,-0.281608837951438
"2786","20074.16",2786,5654393,0.125256988047159
"2787","20074.16",2787,5656110,-1.82711729057644
"2788","20074.16",2788,5656788,0.782441860855061
"2789","20074.16",2789,5658177,0.577587471233918
"2790","20074.16",2790,5658815,0.468394773807971
"2791","20074.16",2791,5659312,0.256540934776756
"2792","20074.16",2792,5660186,-0.0229879096588386
"2793","20074.16",2793,5660257,-0.659094921470638
"2794","20074.16",2794,5660929,1.18066836287373
"2795","20074.16",2795,5661406,-0.234050684513211
"2796","20074.16",2796,5662925,0.307297462934895
"2797","20074.16",2797,5663190,0.521051979637597
"2798","20074.16",2798,5663479,-0.0128951195243294
"2799","20074.16",2799,5664069,-0.415445167933537
"2800","20074.16",2800,5664992,0.964390763268677
"2801","20074.16",2801,5665456,-0.540747126260868
"2802","20074.16",2802,5667393,-0.802920741571804
"2803","20074.16",2803,5667482,0.644037459690153
"2804","20074.16",2804,5669598,-0.175351273905923
"2805","20074.16",2805,5669736,-1.0353319156003
"2806","20074.16",2806,5669756,-0.151268842268129
"2807","20074.16",2807,5669774,-0.360019693239142
"2808","20074.16",2808,5669808,0.101350523015883
"2809","20074.16",2809,5670164,0.260209836330641
"2810","20074.16",2810,5670591,0.33403169741251
"2811","20074.16",2811,5670602,-0.154799749678569
"2812","20074.16",2812,5671694,-0.233756397967004
"2813","20074.16",2813,5672301,-0.287070674218288
"2814","20074.16",2814,5672875,0.847342623653105
"2815","20074.16",2815,5673112,-0.121291510593868
"2816","20074.16",2816,5675044,-0.512869559135623
"2817","20074.16",2817,5675347,0.466570293707135
"2818","20074.16",2818,5678875,-0.32090615069516
"2819","20074.16",2819,5678886,-0.100868488486769
"2820","20074.16",2820,5679161,0.222557856618374
"2821","20074.16",2821,5679401,0.381418874365317
"2822","20074.16",2822,5679445,-0.214425205088399
"2823","20074.16",2823,5680579,-0.308544233994254
"2824","20074.16",2824,5680776,-0.137923983906654
"2825","20074.16",2825,5681687,-0.155328146217805
"2826","20074.16",2826,5682188,-0.396073266053498
"2827","20074.16",2827,5682419,-0.215519928862583
"2828","20074.16",2828,5682868,0.131157558632602
"2829","20074.16",2829,5686848,0.53234787403461
"2830","20074.16",2830,5689405,0.152908415271818
"2831","20074.16",2831,5689604,-0.765047841273648
"2832","20074.16",2832,5689817,-0.033616506064754
"2833","20074.16",2833,5691542,-0.628521119345002
"2834","20074.16",2834,5691567,0.577675341393461
"2835","20074.16",2835,5693757,0.225193955655658
"2836","20074.16",2836,5694562,0.0654992145786757
"2837","20074.16",2837,5695374,0.0052216644522316
"2838","20074.16",2838,5695735,0.0148005418580048
"2839","20074.16",2839,5697342,-0.390960104379737
"2840","20074.16",2840,5697395,-0.529342379623069
"2841","20074.16",2841,5699775,0.756812692945087
"2842","20074.16",2842,5703711,1.25297026918481
"2843","20074.16",2843,5704057,0.312304541546625
"2844","20074.16",2844,5704598,0.334019835388033
"2845","20074.16",2845,5704841,-0.0818742899083178
"2846","20074.16",2846,5705280,0.555799888076508
"2847","20074.16",2847,5705312,0.429092631170655
"2848","20074.16",2848,5705864,0.625785705341326
"2849","20074.16",2849,5706417,-0.527601940262855
"2850","20074.16",2850,5706977,0.752675196325002
"2851","20074.16",2851,5711401,-0.105157613842412
"2852","20074.16",2852,5711414,0.189473323322975
"2853","20074.16",2853,5711416,-0.48570217862471
"2854","20074.16",2854,5712328,0.27125567613158
"2855","20074.16",2855,5713130,-0.848534176657608
"2856","20074.16",2856,5714617,-0.884096184996268
"2857","20074.16",2857,5714738,-0.789672866465372
"2858","20074.16",2858,5716261,1.05533560550137
"2859","20074.16",2859,5716350,0.718789055037241
"2860","20074.16",2860,5716747,0.509917380620144
"2861","20074.16",2861,5717324,-0.726147940821512
"2862","20074.16",2862,5717977,0.407711977820383
"2863","20074.16",2863,5718000,0.907708089605545
"2864","20074.16",2864,5719981,-0.200348739512388
"2865","20074.16",2865,5723570,0.00258377036839441
"2866","20074.16",2866,5724294,-0.267284134643679
"2867","20074.16",2867,5725110,-0.917717022945948
"2868","20074.16",2868,5725267,1.01400774329759
"2869","20074.16",2869,5725286,0.558045347966595
"2870","20074.16",2870,5726570,0.430925813321536
"2871","20074.16",2871,5727605,0.536458917062787
"2872","20074.16",2872,5728636,0.00394088550245275
"2873","20074.16",2873,5728904,0.248202412275062
"2874","20074.16",2874,5729041,0.227002353241161
"2875","20074.16",2875,5729107,0.269511509144237
"2876","20074.16",2876,5729238,0.227937383886532
"2877","20074.16",2877,5729773,0.410239461999674
"2878","20074.16",2878,5729870,-0.201363136122564
"2879","20074.16",2879,5730140,0.164210377401318
"2880","20074.16",2880,5730176,0.147703564209603
"2881","20074.16",2881,5730447,0.46206710406017
"2882","20074.16",2882,5730499,0.143368315894299
"2883","20074.16",2883,5730516,0.871351575169464
"2884","20074.16",2884,5731945,0.181798928509646
"2885","20074.16",2885,5734841,-0.339609190243293
"2886","20074.16",2886,5735074,-0.0212813729058112
"2887","20074.16",2887,5740530,0.830432235560713
"2888","20074.16",2888,5740711,-0.414506350987216
"2889","20074.16",2889,5740785,0.998356678592793
"2890","20074.16",2890,5740809,-0.420844342366914
"2891","20074.16",2891,5741106,0.0179108442051623
"2892","20074.16",2892,5741354,1.06986890933321
"2893","20074.16",2893,5741464,0.148944422500494
"2894","20074.16",2894,5742467,0.309862095363013
"2895","20074.16",2895,5742694,0.155808857632765
"2896","20074.16",2896,5746488,0.166724163380016
"2897","20074.16",2897,5746733,-0.433154898660617
"2898","20074.16",2898,5747275,-0.127587242689252
"2899","20074.16",2899,5747454,0.0723211858532276
"2900","20074.16",2900,5748791,-0.196353630159945
"2901","20074.16",2901,5748935,0.0503686407395572
"2902","20074.16",2902,5751091,-0.114051891329146
"2903","20074.16",2903,5751128,-0.270528436912095
"2904","20074.16",2904,5751221,-0.380608058645327
"2905","20074.16",2905,5751369,0.345747013731827
"2906","20074.16",2906,5752110,0.5943110174736
"2907","20074.16",2907,5752283,0.943360276421795
"2908","20074.16",2908,5752485,0.311457857686281
"2909","20074.16",2909,5752636,0.874354402489357
"2910","20074.16",2910,5753180,0.986037633579168
"2911","20074.16",2911,5753405,-0.827740743748336
"2912","20074.16",2912,5753958,0.401794047463139
"2913","20074.16",2913,5754236,0.68653144122096
"2914","20074.16",2914,5754694,0.170112806172823
"2915","20074.16",2915,5754758,0.283445813570681
"2916","20074.16",2916,5755043,0.232877017745663
"2917","20074.16",2917,5755185,0.687123078468843
"2918","20074.16",2918,5755823,0.823512657035189
"2919","20074.16",2919,5756213,-0.661044131767288
"2920","20074.16",2920,5758015,-0.010481230681342
"2921","20074.16",2921,5758114,-0.223311159935992
"2922","20074.16",2922,5758185,0.310288519686345
"2923","20074.16",2923,5758532,0.64701510358336
"2924","20074.16",2924,5758907,0.609116643874169
"2925","20074.16",2925,5759019,0.0616273368218891
"2926","20074.16",2926,5759070,-0.162355359890443
"2927","20074.16",2927,5759244,-0.110997161911653
"2928","20074.16",2928,5759269,0.722405896374204
"2929","20074.16",2929,5759755,-1.19303439072159
"2930","20074.16",2930,5759939,-1.12578771455259
"2931","20074.16",2931,5760406,0.248794955726226
"2932","20074.16",2932,5761403,-0.153726565463415
"2933","20074.16",2933,5761537,0.172251254288487
"2934","20074.16",2934,5762590,0.700248237583879
"2935","20074.16",2935,5762949,0.429009673431403
"2936","20074.16",2936,5765074,0.0851616937174953
"2937","20074.16",2937,5765241,0.112680384492034
"2938","20074.16",2938,5765908,-0.855036629761693
"2939","20074.16",2939,5770214,0.306874661514011
"2940","20074.16",2940,5772480,-0.804975631299393
"2941","20074.16",2941,5773288,0.517533662417137
"2942","20074.16",2942,5773740,0.26413977624184
"2943","20074.16",2943,5774174,0.538985492082005
"2944","20074.16",2944,5774566,0.181431906193716
"2945","20074.16",2945,5775222,-1.16450503574724
"2946","20074.16",2946,5776480,0.391713705583691
"2947","20074.16",2947,5776655,0.0440201671202285
"2948","20074.16",2948,5778322,-0.162385695044173
"2949","20074.16",2949,5779011,-1.04401186243203
"2950","20074.16",2950,5781940,0.252784247960951
"2951","20074.16",2951,5782839,0.0693526133237725
"2952","20074.16",2952,5783022,0.98173223984421
"2953","20074.16",2953,5783316,0.111946631974571
"2954","20074.16",2954,5783622,-0.502311520913906
"2955","20074.16",2955,5783731,-0.182053714602717
"2956","20074.16",2956,5784107,0.480858789459579
"2957","20074.16",2957,5784305,0.862832529720513
"2958","20074.16",2958,5784523,-0.416872603118175
"2959","20074.16",2959,5785027,0.193122847614209
"2960","20074.16",2960,5785134,0.415500728065438
"2961","20074.16",2961,5785307,-0.0601744294928963
"2962","20074.16",2962,5785418,-0.0151223262676803
"2963","20074.16",2963,5788297,-1.2542207509446
"2964","20074.16",2964,5788915,0.252684664597695
"2965","20074.16",2965,5789202,-0.0133088113136708
"2966","20074.16",2966,5793163,-0.901974924289002
"2967","20074.16",2967,5793163,-0.22077463091704
"2968","20074.16",2968,5793399,0.342751179356136
"2969","20074.16",2969,5793684,0.268092997467527
"2970","20074.16",2970,5794173,-0.0680642901828712
"2971","20074.16",2971,5794214,0.51081185830818
"2972","20074.16",2972,5794312,0.144912870059509
"2973","20074.16",2973,5794330,0.185020325014809
"2974","20074.16",2974,5802165,-0.714268717580454
"2975","20074.16",2975,5802388,0.197467133237391
"2976","20074.16",2976,5804160,0.285944159098052
"2977","20074.16",2977,5805394,-0.0401027650118335
"2978","20074.16",2978,5805651,-0.235323560382087
"2979","20074.16",2979,5805977,0.823623454405827
"2980","20074.16",2980,5806816,0.582715112293688
"2981","20074.16",2981,5807159,0.49073785414478
"2982","20074.16",2982,5807581,0.267193184641836
"2983","20074.16",2983,5807646,-0.0892251334594789
"2984","20074.16",2984,5807878,0.282787122417225
"2985","20074.16",2985,5808520,0.506242998125503
"2986","20074.16",2986,5808871,0.0928141563501717
"2987","20074.16",2987,5809182,0.158439048706562
"2988","20074.16",2988,5809369,-1.09451652598206
"2989","20074.16",2989,5810130,-0.309122783331983
"2990","20074.16",2990,5810314,-0.326271272160017
"2991","20074.16",2991,5810349,0.791726876640793
"2992","20074.16",2992,5811660,0.077625371438419
"2993","20074.16",2993,5811748,0.215772029335851
"2994","20074.16",2994,5813322,-0.55827764557302
"2995","20074.16",2995,5813556,0.16113720782647
"2996","20074.16",2996,5813657,0.38069041019408
"2997","20074.16",2997,5813694,0.753411539469188
"2998","20074.16",2998,5814033,0.0085402229320195
"2999","20074.16",2999,5815211,0.0121252320203533
"3000","20074.16",3000,5815299,-0.326359200394539
"3001","20074.16",3001,5815953,-0.167448061091331
"3002","20074.16",3002,5817372,0.508599786111664
"3003","20074.16",3003,5817889,0.116753310425456
"3004","20074.16",3004,5819960,-0.400039078835479
"3005","20074.16",3005,5821431,-0.354774120829163
"3006","20074.16",3006,5822456,0.166224587141849
"3007","20074.16",3007,5822746,-0.544220122174947
"3008","20074.16",3008,5823484,-0.268843543208496
"3009","20074.16",3009,5825887,-0.261095317649875
"3010","20074.16",3010,5827015,-1.03326060648049
"3011","20074.16",3011,5828366,-0.119529481821709
"3012","20074.16",3012,5829551,0.13045999135558
"3013","20074.16",3013,5830106,-0.429410711137764
"3014","20074.16",3014,5832329,-0.187384498105717
"3015","20074.16",3015,5832947,-0.863023775042996
"3016","20074.16",3016,5833068,0.123862418934708
"3017","20074.16",3017,5835173,0.372515271486257
"3018","20074.16",3018,5835438,0.319550414979004
"3019","20074.16",3019,5835841,1.46311930490416
"3020","20074.16",3020,5835883,1.02868351046176
"3021","20074.16",3021,5836120,-0.407959324099852
"3022","20074.16",3022,5837835,0.132454037881612
"3023","20074.16",3023,5839062,-0.242961276219335
"3024","20074.16",3024,5839141,-1.01895497506109
"3025","20074.16",3025,5839806,-0.574878243564299
"3026","20074.16",3026,5839963,-0.412322359408191
"3027","20074.16",3027,5840106,0.314267458698535
"3028","20074.16",3028,5840365,-0.0889667860297605
"3029","20074.16",3029,5841386,0.719273385323011
"3030","20074.16",3030,5841693,0.0542782861719928
"3031","20074.16",3031,5842171,-0.0797821255329438
"3032","20074.16",3032,5843087,1.04493737317909
"3033","20074.16",3033,5843110,0.103177143562052
"3034","20074.16",3034,5843475,-0.31293689882572
"3035","20074.16",3035,5844415,0.112238472603567
"3036","20074.16",3036,5844549,0.93777543961261
"3037","20074.16",3037,5844551,0.892443807957412
"3038","20074.16",3038,5844837,0.99202403507358
"3039","20074.16",3039,5845200,0.688209881361936
"3040","20074.16",3040,5846387,-0.24482618559712
"3041","20074.16",3041,5849970,1.09366074395832
"3042","20074.16",3042,5850793,0.414364874945321
"3043","20074.16",3043,5851480,0.0885213237685099
"3044","20074.16",3044,5852081,-0.0125355115554058
"3045","20074.16",3045,5852281,-0.12078512776448
"3046","20074.16",3046,5852648,-1.84097998751477
"3047","20074.16",3047,5852956,0.334673748810718
"3048","20074.16",3048,5853760,0.0282118304078072
"3049","20074.16",3049,5854167,-0.296061292680554
"3050","20074.16",3050,5856151,-0.11490081138651
"3051","20074.16",3051,5858934,-0.104661182257205
"3052","20074.16",3052,5861006,0.121700360034367
"3053","20074.16",3053,5862164,0.752506240090409
"3054","20074.16",3054,5862263,0.732701151965794
"3055","20074.16",3055,5862420,0.455428107328118
"3056","20074.16",3056,5862771,0.407875522770994
"3057","20074.16",3057,5863931,0.391030536215463
"3058","20074.16",3058,5865956,0.0835570319083336
"3059","20074.16",3059,5869617,0.78576582372689
"3060","20074.16",3060,5869650,0.430685702029964
"3061","20074.16",3061,5870606,-0.149511845847004
"3062","20074.16",3062,5871019,0.859301130909272
"3063","20074.16",3063,5872559,-0.448317819644901
"3064","20074.16",3064,5872970,-0.587811676845451
"3065","20074.16",3065,5873326,-0.443853665425069
"3066","20074.16",3066,5873425,0.735539802001669
"3067","20074.16",3067,5873529,-1.42064638318849
"3068","20074.16",3068,5874274,0.529911802786752
"3069","20074.16",3069,5874430,0.329810123920489
"3070","20074.16",3070,5874639,-0.669108834562988
"3071","20074.16",3071,5885020,-0.430598129423225
"3072","20074.16",3072,5885940,0.237085553955496
"3073","20074.16",3073,5887364,-0.397065929011895
"3074","20074.16",3074,5890515,-0.231054362374677
"3075","20074.16",3075,5890571,-0.572975235579623
"3076","20074.16",3076,5891004,0.443772814320087
"3077","20074.16",3077,5891580,0.969926231249695
"3078","20074.16",3078,5891784,0.246097550048309
"3079","20074.16",3079,5892126,0.341270119312878
"3080","20074.16",3080,5892452,0.986286478008641
"3081","20074.16",3081,5893245,-0.830365853015127
"3082","20074.16",3082,5894350,0.676975672403532
"3083","20074.16",3083,5894480,0.90527686374085
"3084","20074.16",3084,5894782,0.975717437673754
"3085","20074.16",3085,5896627,-1.67102164869277
"3086","20074.16",3086,5896895,0.82223956486686
"3087","20074.16",3087,5897980,-0.493915306132283
"3088","20074.16",3088,5900123,-0.340399154351477
"3089","20074.16",3089,5900277,-0.113029089319463
"3090","20074.16",3090,5900500,0.317022699786158
"3091","20074.16",3091,5901668,0.180659359151901
"3092","20074.16",3092,5903190,0.677757085000365
"3093","20074.16",3093,5903317,0.428726386491317
"3094","20074.16",3094,5903633,-0.87949179627568
"3095","20074.16",3095,5904100,0.445284071442734
"3096","20074.16",3096,5904219,-0.334775047230484
"3097","20074.16",3097,5905598,0.740766848084848
"3098","20074.16",3098,5908162,-1.09999528873181
"3099","20074.16",3099,5908224,0.0347440689669591
"3100","20074.16",3100,5909380,0.215173048040462
"3101","20074.16",3101,5910763,0.147540893192405
"3102","20074.16",3102,5910875,0.317401476628777
"3103","20074.16",3103,5912052,0.193798671014881
"3104","20074.16",3104,5912617,0.233226112627224
"3105","20074.16",3105,5918207,0.306515130274398
"3106","20074.16",3106,5920340,-0.0540826941400638
"3107","20074.16",3107,5920511,-0.49541983240515
"3108","20074.16",3108,5923236,-0.437311236399213
"3109","20074.16",3109,5923485,0.180460113731783
"3110","20074.16",3110,5923563,0.555264168887159
"3111","20074.16",3111,5927235,0.656287775957122
"3112","20074.16",3112,5927956,-0.977747899669877
"3113","20074.16",3113,5928063,1.19133157297289
"3114","20074.16",3114,5928256,0.984122877632468
"3115","20074.16",3115,5928581,0.179500506650863
"3116","20074.16",3116,5928608,0.567223817269784
"3117","20074.16",3117,5928642,0.233072481251086
"3118","20074.16",3118,5928654,-0.590151131523376
"3119","20074.16",3119,5928901,0.397265586651522
"3120","20074.16",3120,5929321,0.369204020378846
"3121","20074.16",3121,5931071,0.261021601878658
"3122","20074.16",3122,5933545,-1.22781431777555
"3123","20074.16",3123,5933559,0.782728597271492
"3124","20074.16",3124,5935046,-0.481867328347625
"3125","20074.16",3125,5935648,0.4321191865817
"3126","20074.16",3126,5936275,-0.345790890491069
"3127","20074.16",3127,5938889,-1.36049881191568
"3128","20074.16",3128,5939839,0.105190735550924
"3129","20074.16",3129,5940844,-0.210857998530513
"3130","20074.16",3130,5940948,-0.598048580589296
"3131","20074.16",3131,5941187,-0.157682547495795
"3132","20074.16",3132,5941875,0.29907056783006
"3133","20074.16",3133,5941964,0.615353101651386
"3134","20074.16",3134,5942216,-0.0808671937885963
"3135","20074.16",3135,5942672,0.285963630316536
"3136","20074.16",3136,5943231,0.747293459205861
"3137","20074.16",3137,5945435,0.319098908252648
"3138","20074.16",3138,5946224,-0.435167239654842
"3139","20074.16",3139,5947449,0.214125362586731
"3140","20074.16",3140,5947602,-0.0621602283521439
"3141","20074.16",3141,5947892,0.840849952843867
"3142","20074.16",3142,5949302,0.00259041381847425
"3143","20074.16",3143,5949350,0.186074760129636
"3144","20074.16",3144,5949780,1.18704427284956
"3145","20074.16",3145,5950231,0.619928382155234
"3146","20074.16",3146,5950553,0.112242670578701
"3147","20074.16",3147,5950604,0.109974725453644
"3148","20074.16",3148,5951332,-0.364814454092341
"3149","20074.16",3149,5951388,0.119833136999882
"3150","20074.16",3150,5951424,0.61103993864243
"3151","20074.16",3151,5951722,0.753778533336981
"3152","20074.16",3152,5951841,0.512576935816043
"3153","20074.16",3153,5951914,0.19866210544653
"3154","20074.16",3154,5951935,-0.182012686525139
"3155","20074.16",3155,5952157,0.570533809285714
"3156","20074.16",3156,5952339,-0.358744193432582
"3157","20074.16",3157,5952909,1.08199284670978
"3158","20074.16",3158,5953354,-0.439574475108508
"3159","20074.16",3159,5953497,1.06532533991789
"3160","20074.16",3160,5953785,0.707016864577597
"3161","20074.16",3161,5953960,0.328700082925203
"3162","20074.16",3162,5955519,0.877372672908755
"3163","20074.16",3163,5956681,-0.466126793872866
"3164","20074.16",3164,5957120,0.1398835792633
"3165","20074.16",3165,5957714,-0.478831890258731
"3166","20074.16",3166,5959703,0.0518068487849979
"3167","20074.16",3167,5961030,-0.203114378840956
"3168","20074.16",3168,5961661,0.0118040914098563
"3169","20074.16",3169,5961969,0.414338439806831
"3170","20074.16",3170,5962348,0.321934281589832
"3171","20074.16",3171,5962820,1.17007366721004
"3172","20074.16",3172,5962989,0.895041659651965
"3173","20074.16",3173,5963875,0.824568284033545
"3174","20074.16",3174,5967410,0.411459546255716
"3175","20074.16",3175,5969316,0.381808395840404
"3176","20074.16",3176,5969865,-0.256907218881691
"3177","20074.16",3177,5969892,0.715813943377763
"3178","20074.16",3178,5969927,0.372487412369778
"3179","20074.16",3179,5972436,-0.703750954528994
"3180","20074.16",3180,5972877,0.106935779808586
"3181","20074.16",3181,5973055,-1.24379829464947
"3182","20074.16",3182,5973158,0.238277032740029
"3183","20074.16",3183,5975883,0.529086401232925
"3184","20074.16",3184,5981644,-0.22806452420385
"3185","20074.16",3185,5983518,-0.362705114908311
"3186","20074.16",3186,5984225,-0.452145486489557
"3187","20074.16",3187,5986555,0.121868044938647
"3188","20074.16",3188,5986665,1.1192766066316
"3189","20074.16",3189,5986703,0.333394984741468
"3190","20074.16",3190,5986820,1.05678429200078
"3191","20074.16",3191,5986935,0.0309220426704684
"3192","20074.16",3192,5987478,0.598229949420745
"3193","20074.16",3193,5990046,0.270962593256441
"3194","20074.16",3194,5990270,0.387809621834106
"3195","20074.16",3195,5990767,0.110288899687697
"3196","20074.16",3196,5990783,-0.774214980877241
"3197","20074.16",3197,5991074,-0.331812161900277
"3198","20074.16",3198,5995277,-0.394917755260455
"3199","20074.16",3199,5995388,-0.132439055723281
"3200","20074.16",3200,5995695,-0.215286802617946
"3201","20074.16",3201,5995816,-0.249194208355378
"3202","20074.16",3202,5997794,-0.587893377777429
"3203","20074.16",3203,5998886,0.558978992077649
"3204","20074.16",3204,5998977,0.838246803468372
"3205","20074.16",3205,5999019,0.113137924915371
"3206","20074.16",3206,6005853,0.175186771617781
"3207","20074.16",3207,6006500,-0.897992449954507
"3208","20074.16",3208,6011341,-0.795241040732645
"3209","20074.16",3209,6012030,-0.399120335471616
"3210","20074.16",3210,6012106,1.12321896575497
"3211","20074.16",3211,6012336,0.599480676246833
"3212","20074.16",3212,6012983,-0.150233724039266
"3213","20074.16",3213,6015291,-1.02423385833966
"3214","20074.16",3214,6016046,0.732467356914904
"3215","20074.16",3215,6016237,0.316678962262386
"3216","20074.16",3216,6016422,0.0246854645399424
"3217","20074.16",3217,6017976,0.413482997427644
"3218","20074.16",3218,6018061,-0.667038030090304
"3219","20074.16",3219,6018562,-0.46592552185755
"3220","20074.16",3220,6018604,0.268254728938291
"3221","20074.16",3221,6019236,-0.0740002907201731
"3222","20074.16",3222,6020795,-0.0707410407208116
"3223","20074.16",3223,6021733,0.990295673199957
"3224","20074.16",3224,6021969,-1.02005169679941
"3225","20074.16",3225,6022280,-0.257717270725563
"3226","20074.16",3226,6022750,0.0128720798677486
"3227","20074.16",3227,6022768,-0.34785701585085
"3228","20074.16",3228,6023195,0.00883888315363812
"3229","20074.16",3229,6023323,0.409292038810286
"3230","20074.16",3230,6023429,1.17146413410069
"3231","20074.16",3231,6023858,0.787888076823026
"3232","20074.16",3232,6023892,-0.00336206276211204
"3233","20074.16",3233,6027738,0.459767483234264
"3234","20074.16",3234,6028451,-0.393490730140978
"3235","20074.16",3235,6029562,-0.328014177824834
"3236","20074.16",3236,6030333,-0.565819251971135
"3237","20074.16",3237,6036358,-0.0960525082411428
"3238","20074.16",3238,6036370,0.873247268720248
"3239","20074.16",3239,6036402,0.792062789701112
"3240","20074.16",3240,6036560,0.0974947705033706
"3241","20074.16",3241,6037967,0.405460496871691
"3242","20074.16",3242,6038491,-0.804021118347298
"3243","20074.16",3243,6038717,-0.383979376539808
"3244","20074.16",3244,6042488,0.684311364138767
"3245","20074.16",3245,6042619,-0.147444576537119
"3246","20074.16",3246,6043106,0.622533460192309
"3247","20074.16",3247,6043247,0.352069439098707
"3248","20074.16",3248,6046397,0.152689232329317
"3249","20074.16",3249,6046712,0.402814098973338
"3250","20074.16",3250,6046935,0.142980583040445
"3251","20074.16",3251,6047046,1.0879436268377
"3252","20074.16",3252,6049269,0.19652988968598
"3253","20074.16",3253,6050073,0.59289756474378
"3254","20074.16",3254,6050206,-0.228800813926731
"3255","20074.16",3255,6051448,0.18526900531897
"3256","20074.16",3256,6052305,-0.10315499788948
"3257","20074.16",3257,6054443,0.125827938051182
"3258","20074.16",3258,6054491,-0.213501868501329
"3259","20074.16",3259,6054842,0.157143663961479
"3260","20074.16",3260,6055190,-0.0524809090791374
"3261","20074.16",3261,6055337,-0.155011563375132
"3262","20074.16",3262,6055525,0.0773477131693978
"3263","20074.16",3263,6056218,-0.257174660032431
"3264","20074.16",3264,6056246,-0.338619871264642
"3265","20074.16",3265,6057038,0.405967548551826
"3266","20074.16",3266,6058012,-0.00450372344026295
"3267","20074.16",3267,6059607,-0.808835701797574
"3268","20074.16",3268,6059745,0.0722139423488048
"3269","20074.16",3269,6059981,0.216558400331515
"3270","20074.16",3270,6060573,0.0577396839191069
"3271","20074.16",3271,6061259,0.752466948997879
"3272","20074.16",3272,6065280,0.341075516577084
"3273","20074.16",3273,6065358,0.0480703180635853
"3274","20074.16",3274,6065482,0.650558532075478
"3275","20074.16",3275,6065848,0.445083634422612
"3276","20074.16",3276,6066396,0.285907011965731
"3277","20074.16",3277,6066741,-0.543743821962935
"3278","20074.16",3278,6071498,0.253996658197955
"3279","20074.16",3279,6071656,0.45137971712976
"3280","20074.16",3280,6071910,0.0821824428777198
"3281","20074.16",3281,6071964,0.172823551772317
"3282","20074.16",3282,6074529,0.116610147916767
"3283","20074.16",3283,6075279,0.462768840907759
"3284","20074.16",3284,6075620,0.305575805556708
"3285","20074.16",3285,6075654,-0.618703987003889
"3286","20074.16",3286,6077103,0.0288186712369889
"3287","20074.16",3287,6077370,0.231235972361378
"3288","20074.16",3288,6077549,0.420080345766666
"3289","20074.16",3289,6078142,0.324058906247275
"3290","20074.16",3290,6078181,0.276904943123296
"3291","20074.16",3291,6079854,-0.659625426907139
"3292","20074.16",3292,6081912,0.647460160736249
"3293","20074.16",3293,6082139,0.785432051533909
"3294","20074.16",3294,6082930,-0.161252418316124
"3295","20074.16",3295,6083532,-1.75379334950552
"3296","20074.16",3296,6083623,0.198213886789552
"3297","20074.16",3297,6085403,0.407693744550401
"3298","20074.16",3298,6085597,-0.26520216758468
"3299","20074.16",3299,6086272,-0.505027864070765
"3300","20074.16",3300,6089142,-0.622130061367597
"3301","20074.16",3301,6089495,1.02836604987994
"3302","20074.16",3302,6089814,0.376727236103547
"3303","20074.16",3303,6090308,-0.48570460746515
"3304","20074.16",3304,6091709,-0.438611085588168
"3305","20074.16",3305,6092693,0.108381990775416
"3306","20074.16",3306,6093292,-0.241097773426556
"3307","20074.16",3307,6094330,-0.488784608511335
"3308","20074.16",3308,6094557,-0.259267243007491
"3309","20074.16",3309,6097063,0.283171754765648
"3310","20074.16",3310,6097386,0.201822147839135
"3311","20074.16",3311,6098267,-0.231660810796263
"3312","20074.16",3312,6102912,-0.555360048952312
"3313","20074.16",3313,6104118,0.342787576960112
"3314","20074.16",3314,6105651,-0.303950994543839
"3315","20074.16",3315,6106260,0.653213020280803
"3316","20074.16",3316,6106359,0.648632761771432
"3317","20074.16",3317,6106653,-1.21123090607294
"3318","20074.16",3318,6107174,0.155562389268289
"3319","20074.16",3319,6107421,0.322021230830653
"3320","20074.16",3320,6107554,-0.324932534996107
"3321","20074.16",3321,6108984,-1.42875635003471
"3322","20074.16",3322,6109221,0.261596180758013
"3323","20074.16",3323,6109340,-0.0347389250582264
"3324","20074.16",3324,6110251,0.354964809835681
"3325","20074.16",3325,6110691,0.161687677498969
"3326","20074.16",3326,6111073,-0.623795164772852
"3327","20074.16",3327,6111941,-0.448282925101622
"3328","20074.16",3328,6112244,0.639482326385326
"3329","20074.16",3329,6112471,-0.186731022655204
"3330","20074.16",3330,6114873,0.406838793365217
"3331","20074.16",3331,6115356,-0.599926281598337
"3332","20074.16",3332,6115382,0.370283466813125
"3333","20074.16",3333,6115495,0.83358991573638
"3334","20074.16",3334,6115507,-0.417109465301772
"3335","20074.16",3335,6115551,0.502789889656277
"3336","20074.16",3336,6115580,0.252159159179734
"3337","20074.16",3337,6115826,1.07664631986473
"3338","20074.16",3338,6115926,-0.443712986102089
"3339","20074.16",3339,6115960,0.131049739282227
"3340","20074.16",3340,6116418,-0.47537092333328
"3341","20074.16",3341,6119476,-0.0853112961369007
"3342","20074.16",3342,6120885,0.369477650165829
"3343","20074.16",3343,6121557,-0.0390598182257582
"3344","20074.16",3344,6121792,-1.48009340613111
"3345","20074.16",3345,6122714,-0.810120654764709
"3346","20074.16",3346,6122926,0.317891842140527
"3347","20074.16",3347,6123096,0.756596810404063
"3348","20074.16",3348,6123949,0.00830249235314451
"3349","20074.16",3349,6124714,0.419711570583144
"3350","20074.16",3350,6125070,-0.00698347885347594
"3351","20074.16",3351,6125174,0.88848818546129
"3352","20074.16",3352,6125544,0.377558290206012
"3353","20074.16",3353,6127569,-0.801842517663898
"3354","20074.16",3354,6127569,-0.306438874277618
"3355","20074.16",3355,6127992,-0.63329316136058
"3356","20074.16",3356,6128400,0.178527763149081
"3357","20074.16",3357,6128520,-0.0780244204419605
"3358","20074.16",3358,6128615,-0.138642348889495
"3359","20074.16",3359,6132524,-0.488054948583557
"3360","20074.16",3360,6132598,0.478943156798153
"3361","20074.16",3361,6132765,-1.01918352226371
"3362","20074.16",3362,6132787,-0.220062315026599
"3363","20074.16",3363,6132810,0.191402640817392
"3364","20074.16",3364,6132889,-0.242477540253103
"3365","20074.16",3365,6133414,-0.0228700425827073
"3366","20074.16",3366,6135185,0.303710671389429
"3367","20074.16",3367,6136572,0.417910042306754
"3368","20074.16",3368,6137184,-0.036594239798398
"3369","20074.16",3369,6137206,-0.285423075811063
"3370","20074.16",3370,6137411,0.164303594701582
"3371","20074.16",3371,6139140,0.0350151757388151
"3372","20074.16",3372,6139239,-0.400519925006561
"3373","20074.16",3373,6139749,-0.28352621378563
"3374","20074.16",3374,6139900,-0.484993764225122
"3375","20074.16",3375,6139913,0.339173757425701
"3376","20074.16",3376,6140163,0.826422572019697
"3377","20074.16",3377,6140479,0.820866120515325
"3378","20074.16",3378,6140802,0.352923241060128
"3379","20074.16",3379,6141379,-0.221398903208864
"3380","20074.16",3380,6142023,0.270403668012112
"3381","20074.16",3381,6143356,-1.02936050475296
"3382","20074.16",3382,6143392,-1.33463582188403
"3383","20074.16",3383,6143994,0.7607964604921
"3384","20074.16",3384,6144536,-1.73060289967153
"3385","20074.16",3385,6144648,0.0228327475472287
"3386","20074.16",3386,6145849,-0.986693677264305
"3387","20074.16",3387,6146023,0.576757895544106
"3388","20074.16",3388,6147645,1.02816020231032
"3389","20074.16",3389,6148146,0.093488741304915
"3390","20074.16",3390,6153719,0.146149077890306
"3391","20074.16",3391,6155229,-0.939600050619752
"3392","20074.16",3392,6155343,-0.304988080200578
"3393","20074.16",3393,6157571,-1.73692766110752
"3394","20074.16",3394,6158261,0.716342769846233
"3395","20074.16",3395,6158340,-0.316623501478349
"3396","20074.16",3396,6161004,0.280066055100353
"3397","20074.16",3397,6161120,-0.197843024902017
"3398","20074.16",3398,6161269,-0.437013488833533
"3399","20074.16",3399,6161459,-0.083442392089248
"3400","20074.16",3400,6161794,0.514147118014811
"3401","20074.16",3401,6161995,0.321782891419597
"3402","20074.16",3402,6162146,0.560936824121996
"3403","20074.16",3403,6163024,-1.40097165492339
"3404","20074.16",3404,6163124,1.11293957964808
"3405","20074.16",3405,6163838,-0.179554537075464
"3406","20074.16",3406,6163936,0.235041658328
"3407","20074.16",3407,6164399,0.0553264882184434
"3408","20074.16",3408,6164478,-0.217268306217432
"3409","20074.16",3409,6165076,-1.24286700491473
"3410","20074.16",3410,6165126,0.216085420454089
"3411","20074.16",3411,6166685,0.608738462746683
"3412","20074.16",3412,6166791,0.402090721536456
"3413","20074.16",3413,6167331,-0.40352702760994
"3414","20074.16",3414,6167496,-0.381176657192746
"3415","20074.16",3415,6169109,0.155520251531351
"3416","20074.16",3416,6169307,0.761381696117994
"3417","20074.16",3417,6169689,0.313422217419503
"3418","20074.16",3418,6170018,0.535148028446886
"3419","20074.16",3419,6170093,1.73281218184013
"3420","20074.16",3420,6170195,0.800727749133672
"3421","20074.16",3421,6170273,1.10725077682114
"3422","20074.16",3422,6170720,0.883719396372231
"3423","20074.16",3423,6170735,-0.181404838446011
"3424","20074.16",3424,6170955,0.250864651978156
"3425","20074.16",3425,6171218,-0.109635670217624
"3426","20074.16",3426,6171562,0.476724844933876
"3427","20074.16",3427,6173186,-0.757473357369121
"3428","20074.16",3428,6173543,-0.204923143223172
"3429","20074.16",3429,6174049,-0.455845733467009
"3430","20074.16",3430,6177575,0.000753779351633455
"3431","20074.16",3431,6177740,0.0482361268616822
"3432","20074.16",3432,6180375,-0.327126918574023
"3433","20074.16",3433,6180806,-0.123128793842823
"3434","20074.16",3434,6180841,0.488411610742054
"3435","20074.16",3435,6180907,0.495587536667098
"3436","20074.16",3436,6181015,-0.140032397452862
"3437","20074.16",3437,6181344,0.0930895378241159
"3438","20074.16",3438,6181851,0.477408639850988
"3439","20074.16",3439,6182114,1.54564986728322
"3440","20074.16",3440,6182513,-0.273596753330496
"3441","20074.16",3441,6182615,0.185954835210361
"3442","20074.16",3442,6183268,0.090935314699565
"3443","20074.16",3443,6186396,0.680164323187081
"3444","20074.16",3444,6186577,0.173068532079133
"3445","20074.16",3445,6188504,0.53330460740606
"3446","20074.16",3446,6188571,-0.20397780035679
"3447","20074.16",3447,6189242,-0.0467955601056316
"3448","20074.16",3448,6190099,-0.700052797142452
"3449","20074.16",3449,6191062,0.739170925744454
"3450","20074.16",3450,6193450,-1.00293504037682
"3451","20074.16",3451,6193588,-0.150901307479104
"3452","20074.16",3452,6193768,-0.227186332153924
"3453","20074.16",3453,6196485,0.384342001200463
"3454","20074.16",3454,6197316,-0.360770402061162
"3455","20074.16",3455,6197799,0.797436534852578
"3456","20074.16",3456,6197835,1.02911604779556
"3457","20074.16",3457,6198010,-0.28800320195582
"3458","20074.16",3458,6200043,-0.142231991993098
"3459","20074.16",3459,6200328,-0.108829813504344
"3460","20074.16",3460,6200411,0.981750363997105
"3461","20074.16",3461,6200563,-0.537488206457143
"3462","20074.16",3462,6200851,0.668760253521872
"3463","20074.16",3463,6202206,-0.370972522873343
"3464","20074.16",3464,6205209,-0.107076566241766
"3465","20074.16",3465,6206550,0.534351436461612
"3466","20074.16",3466,6207078,-0.109658825394424
"3467","20074.16",3467,6207389,0.691378428981785
"3468","20074.16",3468,6212858,0.261801096262634
"3469","20074.16",3469,6213137,0.694598364347525
"3470","20074.16",3470,6213260,0.928752106019483
"3471","20074.16",3471,6213294,-0.118920931724839
"3472","20074.16",3472,6215042,0.067298604785119
"3473","20074.16",3473,6215488,0.487282311213508
"3474","20074.16",3474,6215755,1.04272483586959
"3475","20074.16",3475,6216213,0.676184833092278
"3476","20074.16",3476,6216255,0.555662531441055
"3477","20074.16",3477,6216644,-0.985830515575569
"3478","20074.16",3478,6220317,-0.402450924868239
"3479","20074.16",3479,6220985,-0.0532468735051852
"3480","20074.16",3480,6221276,0.347391977452767
"3481","20074.16",3481,6221373,0.113866003390648
"3482","20074.16",3482,6221674,-0.0453891889352338
"3483","20074.16",3483,6222707,-0.099918948854782
"3484","20074.16",3484,6224660,-0.497848917868869
"3485","20074.16",3485,6225027,-0.00897758782865576
"3486","20074.16",3486,6231253,-0.325535486960948
"3487","20074.16",3487,6231719,0.309149813713527
"3488","20074.16",3488,6231876,0.179561840344012
"3489","20074.16",3489,6231959,0.651569067501726
"3490","20074.16",3490,6232039,0.0488917686295043
"3491","20074.16",3491,6232138,-0.127790264464095
"3492","20074.16",3492,6232467,0.813490057495966
"3493","20074.16",3493,6233714,0.17875506766474
"3494","20074.16",3494,6233911,-0.255424560900631
"3495","20074.16",3495,6235801,0.179453299623581
"3496","20074.16",3496,6236919,0.494401916300013
"3497","20074.16",3497,6237017,0.39494303133277
"3498","20074.16",3498,6237071,0.471284707749802
"3499","20074.16",3499,6237829,-0.0105487570791736
"3500","20074.16",3500,6238085,-0.634640418186005
"3501","20074.16",3501,6238153,0.292176144591786
"3502","20074.16",3502,6238959,0.580772314623997
"3503","20074.16",3503,6241183,0.00340875363137272
"3504","20074.16",3504,6242678,-0.755637592567817
"3505","20074.16",3505,6243242,-0.300389602549206
"3506","20074.16",3506,6243930,-0.316795391182782
"3507","20074.16",3507,6247403,-0.533091229793483
"3508","20074.16",3508,6248361,0.0913040468420618
"3509","20074.16",3509,6250851,0.217096073100026
"3510","20074.16",3510,6250971,0.587130222715628
"3511","20074.16",3511,6252217,0.96652511006162
"3512","20074.16",3512,6252243,0.0848052026307426
"3513","20074.16",3513,6253878,-0.365651793226406
"3514","20074.16",3514,6253970,-0.144951090947426
"3515","20074.16",3515,6260853,-0.0928700592864544
"3516","20074.16",3516,6263633,0.511794195120552
"3517","20074.16",3517,6263757,0.251361981602733
"3518","20074.16",3518,6264037,-0.0745605264440439
"3519","20074.16",3519,6265794,0.380941604330308
"3520","20074.16",3520,6266525,0.408190979062849
"3521","20074.16",3521,6267057,0.132754424870035
"3522","20074.16",3522,6267864,0.189268300358572
"3523","20074.16",3523,6268156,0.162822212500478
"3524","20074.16",3524,6268841,0.483903504556179
"3525","20074.16",3525,6268908,0.86703126451591
"3526","20074.16",3526,6270452,0.710312959456037
"3527","20074.16",3527,6270717,-0.261089219806655
"3528","20074.16",3528,6271114,0.166882262327774
"3529","20074.16",3529,6272049,0.737767981134708
"3530","20074.16",3530,6275459,0.629334237231791
"3531","20074.16",3531,6278506,-0.343967065653265
"3532","20074.16",3532,6278881,0.882935358217709
"3533","20074.16",3533,6279094,-0.436201480045121
"3534","20074.16",3534,6279307,-0.24931308645523
"3535","20074.16",3535,6281175,0.291367275196222
"3536","20074.16",3536,6281263,0.63477394057072
"3537","20074.16",3537,6281293,0.381341575870406
"3538","20074.16",3538,6281584,0.0516702166738794
"3539","20074.16",3539,6281605,0.923773566782816
"3540","20074.16",3540,6282073,0.654721797572368
"3541","20074.16",3541,6284887,0.822085359974225
"3542","20074.16",3542,6285091,0.395075257329425
"3543","20074.16",3543,6285235,-0.00957552338514134
"3544","20074.16",3544,6291019,0.15468012307662
"3545","20074.16",3545,6291619,0.138033184720751
"3546","20074.16",3546,6294488,-0.152650204528053
"3547","20074.16",3547,6294809,0.492091055619647
"3548","20074.16",3548,6295394,-0.189747344735109
"3549","20074.16",3549,6296280,0.0533976233268119
"3550","20074.16",3550,6297352,-0.178924538863816
"3551","20074.16",3551,6297505,-0.245273845314261
"3552","20074.16",3552,6298958,0.173857728334429
"3553","20074.16",3553,6299208,0.225766014900636
"3554","20074.16",3554,6299574,0.503190091011954
"3555","20074.16",3555,6299606,0.237609106886399
"3556","20074.16",3556,6299960,0.310142620240108
"3557","20074.16",3557,6301108,-0.521414970791123
"3558","20074.16",3558,6302521,-0.106982144335775
"3559","20074.16",3559,6303164,0.524508838455918
"3560","20074.16",3560,6303301,0.494837272085785
"3561","20074.16",3561,6303486,-0.441633455223862
"3562","20074.16",3562,6303802,-0.317551400152993
"3563","20074.16",3563,6303869,0.361386036242554
"3564","20074.16",3564,6304211,0.0412639870036342
"3565","20074.16",3565,6304580,-0.349601101473922
"3566","20074.16",3566,6305102,-0.109779326728721
"3567","20074.16",3567,6305780,-0.0449397729997498
"3568","20074.16",3568,6306114,0.301366588534179
"3569","20074.16",3569,6306527,0.842506725334512
"3570","20074.16",3570,6306931,-0.22037947590725
"3571","20074.16",3571,6306989,0.620159295961241
"3572","20074.16",3572,6307709,0.0730232671900541
"3573","20074.16",3573,6308164,0.308458446168658
"3574","20074.16",3574,6308608,-0.59840550755446
"3575","20074.16",3575,6309219,0.516244213057097
"3576","20074.16",3576,6309616,0.242022448730657
"3577","20074.16",3577,6310233,0.501754846152394
"3578","20074.16",3578,6311201,0.310658401484109
"3579","20074.16",3579,6311267,0.151381345353022
"3580","20074.16",3580,6311269,0.695366558236262
"3581","20074.16",3581,6311382,0.296608714531799
"3582","20074.16",3582,6312181,-0.3492231255372
"3583","20074.16",3583,6312952,-0.320338155897393
"3584","20074.16",3584,6313028,-0.138677466494729
"3585","20074.16",3585,6313108,-0.347321487523654
"3586","20074.16",3586,6314935,0.935258985423418
"3587","20074.16",3587,6315175,0.563741509971883
"3588","20074.16",3588,6315931,0.298037545588055
"3589","20074.16",3589,6315998,0.376783303686737
"3590","20074.16",3590,6318193,-0.032250803384998
"3591","20074.16",3591,6318583,0.826252042578626
"3592","20074.16",3592,6321977,-0.60254017525711
"3593","20074.16",3593,6324067,0.63396847714166
"3594","20074.16",3594,6325879,0.0297483850755134
"3595","20074.16",3595,6330856,0.382090341300908
"3596","20074.16",3596,6331741,0.432163918701167
"3597","20074.16",3597,6332416,0.7229404703813
"3598","20074.16",3598,6334944,-0.120626586467404
"3599","20074.16",3599,6334991,0.28431650748692
"3600","20074.16",3600,6335331,-1.09372886075018
"3601","20074.16",3601,6335831,-0.37029183786334
"3602","20074.16",3602,6336185,-0.23564905814149
"3603","20074.16",3603,6337519,0.383002338291393
"3604","20074.16",3604,6337761,-0.0454381584836909
"3605","20074.16",3605,6337977,0.318711864342357
"3606","20074.16",3606,6338036,0.319582238930644
"3607","20074.16",3607,6338221,0.636955275568009
"3608","20074.16",3608,6338235,0.40858703942683
"3609","20074.16",3609,6338284,0.659045345881906
"3610","20074.16",3610,6338405,-0.0424064829527868
"3611","20074.16",3611,6338456,0.245092577437151
"3612","20074.16",3612,6338473,0.262638594773057
"3613","20074.16",3613,6340514,1.00493525770666
"3614","20074.16",3614,6340526,0.349815796763683
"3615","20074.16",3615,6340645,0.652838776177126
"3616","20074.16",3616,6341292,0.264397467703128
"3617","20074.16",3617,6341328,1.12235531280462
"3618","20074.16",3618,6342053,-0.537652292928376
"3619","20074.16",3619,6342313,-0.536418613383033
"3620","20074.16",3620,6344505,-0.269924190063944
"3621","20074.16",3621,6344588,-0.43807710072945
"3622","20074.16",3622,6345884,-0.525002360946639
"3623","20074.16",3623,6345924,0.152072359877185
"3624","20074.16",3624,6346172,-1.08733843993742
"3625","20074.16",3625,6346352,0.0951773304135708
"3626","20074.16",3626,6347183,0.21142919587554
"3627","20074.16",3627,6349393,0.0784749369042084
"3628","20074.16",3628,6350232,-0.267713336499691
"3629","20074.16",3629,6350807,-0.717666396205223
"3630","20074.16",3630,6352055,-1.10879658675841
"3631","20074.16",3631,6354919,-1.02053149861529
"3632","20074.16",3632,6354936,-0.0685080356883274
"3633","20074.16",3633,6355300,0.53480911419481
"3634","20074.16",3634,6355867,0.87334547036789
"3635","20074.16",3635,6356187,0.0473194603275662
"3636","20074.16",3636,6356690,0.226029119738837
"3637","20074.16",3637,6357060,0.194119691587326
"3638","20074.16",3638,6360449,-0.268010253570647
"3639","20074.16",3639,6362229,0.527294434795796
"3640","20074.16",3640,6362280,-0.103823559430578
"3641","20074.16",3641,6362494,0.569379871598083
"3642","20074.16",3642,6362641,0.703107000144702
"3643","20074.16",3643,6363707,0.40422121092347
"3644","20074.16",3644,6364935,0.203399303165665
"3645","20074.16",3645,6365747,0.140440453391315
"3646","20074.16",3646,6366726,0.61904755390193
"3647","20074.16",3647,6367050,0.21009315845285
"3648","20074.16",3648,6369136,1.00644109095426
"3649","20074.16",3649,6370079,0.668245483060141
"3650","20074.16",3650,6370219,0.452994216717507
"3651","20074.16",3651,6370626,-0.26753946886107
"3652","20074.16",3652,6371365,-0.0915627203422895
"3653","20074.16",3653,6371713,0.490189307972471
"3654","20074.16",3654,6372175,0.426193427604928
"3655","20074.16",3655,6372546,0.214352368694728
"3656","20074.16",3656,6372595,-0.488008136593127
"3657","20074.16",3657,6376544,0.238852317669751
"3658","20074.16",3658,6377255,-0.217199439274917
"3659","20074.16",3659,6377499,0.127126114653805
"3660","20074.16",3660,6377787,0.100498864450637
"3661","20074.16",3661,6377804,0.0758213701530082
"3662","20074.16",3662,6380635,0.422194920884496
"3663","20074.16",3663,6380696,0.0828675762211759
"3664","20074.16",3664,6380792,0.209270341247274
"3665","20074.16",3665,6382434,0.12787973887253
"3666","20074.16",3666,6382729,-0.726385206798314
"3667","20074.16",3667,6385172,0.569757774167974
"3668","20074.16",3668,6385882,0.201986481910224
"3669","20074.16",3669,6387348,0.354138968309427
"3670","20074.16",3670,6387519,0.652491095460738
"3671","20074.16",3671,6387594,-0.092304812443131
"3672","20074.16",3672,6387955,0.250564965626469
"3673","20074.16",3673,6388210,-0.275146761244243
"3674","20074.16",3674,6388400,-0.710891062395945
"3675","20074.16",3675,6388799,0.693539121982197
"3676","20074.16",3676,6388827,-0.355545331700369
"3677","20074.16",3677,6388913,0.245069152772184
"3678","20074.16",3678,6391247,-1.95092017972496
"3679","20074.16",3679,6391874,0.466334011336365
"3680","20074.16",3680,6392351,-0.100822583954964
"3681","20074.16",3681,6392826,-0.104812470809494
"3682","20074.16",3682,6393040,-0.304701404934392
"3683","20074.16",3683,6394356,-0.747584677801648
"3684","20074.16",3684,6395147,0.104176655744634
"3685","20074.16",3685,6396373,0.238704222851807
"3686","20074.16",3686,6397437,0.571478294301364
"3687","20074.16",3687,6397875,0.574447526665952
"3688","20074.16",3688,6397961,0.292452814417058
"3689","20074.16",3689,6399476,-0.159952316569457
"3690","20074.16",3690,6400082,0.211858335394863
"3691","20074.16",3691,6400124,0.772233994714639
"3692","20074.16",3692,6400688,0.30153654468126
"3693","20074.16",3693,6402155,-0.149591477850008
"3694","20074.16",3694,6403109,0.323629479939265
"3695","20074.16",3695,6403709,1.01321318321616
"3696","20074.16",3696,6403775,0.240855158876656
"3697","20074.16",3697,6404319,0.0178709178491525
"3698","20074.16",3698,6404837,0.432944496256794
"3699","20074.16",3699,6406169,-0.617703662484504
"3700","20074.16",3700,6407154,-0.232262241249646
"3701","20074.16",3701,6408154,0.342523338441212
"3702","20074.16",3702,6413744,0.3231077680103
"3703","20074.16",3703,6414803,-0.212799202309281
"3704","20074.16",3704,6415497,0.0326372413110523
"3705","20074.16",3705,6415896,-0.392698114869643
"3706","20074.16",3706,6416633,-0.430629588166809
"3707","20074.16",3707,6417008,-0.879278127446839
"3708","20074.16",3708,6417177,-0.74938230883935
"3709","20074.16",3709,6417206,0.466754369408473
"3710","20074.16",3710,6417718,0.0872614300067296
"3711","20074.16",3711,6417933,0.0431280070368274
"3712","20074.16",3712,6418052,-0.289177910977804
"3713","20074.16",3713,6418795,0.548894683805901
"3714","20074.16",3714,6418884,0.77279842233219
"3715","20074.16",3715,6418933,0.66112018331497
"3716","20074.16",3716,6419123,1.21164897548724
"3717","20074.16",3717,6419443,-0.267871327823667
"3718","20074.16",3718,6419693,0.974927316851972
"3719","20074.16",3719,6420926,-0.356068397955499
"3720","20074.16",3720,6421146,-0.037076607313006
"3721","20074.16",3721,6421229,0.0728270215074547
"3722","20074.16",3722,6425442,-1.0656038476717
"3723","20074.16",3723,6425581,0.0644546215942432
"3724","20074.16",3724,6425600,0.873109434964193
"3725","20074.16",3725,6425752,0.582048894827145
"3726","20074.16",3726,6426717,-0.695967759714446
"3727","20074.16",3727,6426798,-0.254028698141409
"3728","20074.16",3728,6427786,-0.589785894954314
"3729","20074.16",3729,6427826,-0.428813498503501
"3730","20074.16",3730,6427918,-0.670922579895087
"3731","20074.16",3731,6428108,0.649407569630154
"3732","20074.16",3732,6428239,0.425553925325061
"3733","20074.16",3733,6428381,0.0004643450890498
"3734","20074.16",3734,6430370,-0.0116634070823514
"3735","20074.16",3735,6430506,0.0442889752771434
"3736","20074.16",3736,6431922,-0.225233177360873
"3737","20074.16",3737,6431934,0.204126672119837
"3738","20074.16",3738,6438352,0.0602601178578084
"3739","20074.16",3739,6438424,-0.540153318577657
"3740","20074.16",3740,6438775,0.688230090760917
"3741","20074.16",3741,6439101,-0.648445329245803
"3742","20074.16",3742,6439557,0.168551994902551
"3743","20074.16",3743,6439708,0.447456590506117
"3744","20074.16",3744,6439797,0.342268338755056
"3745","20074.16",3745,6439809,0.408987651468425
"3746","20074.16",3746,6439862,0.351823619819442
"3747","20074.16",3747,6443757,0.425747743561653
"3748","20074.16",3748,6444319,0.184839230947444
"3749","20074.16",3749,6444728,-0.717088366741122
"3750","20074.16",3750,6444759,-0.429586460685599
"3751","20074.16",3751,6445054,0.122760429643456
"3752","20074.16",3752,6448438,-0.683341734197332
"3753","20074.16",3753,6449366,-0.517441542188081
"3754","20074.16",3754,6449389,-0.273377187191629
"3755","20074.16",3755,6450463,-0.512787773936524
"3756","20074.16",3756,6450749,-0.558226234390136
"3757","20074.16",3757,6451700,-0.0654787422191463
"3758","20074.16",3758,6451865,0.546881282350236
"3759","20074.16",3759,6452267,0.131703779527724
"3760","20074.16",3760,6452536,-0.493213916501609
"3761","20074.16",3761,6452797,0.376452770100509
"3762","20074.16",3762,6456292,0.153552932699221
"3763","20074.16",3763,6456559,-0.0279495967678045
"3764","20074.16",3764,6456665,0.329679081837924
"3765","20074.16",3765,6456763,0.448114674151561
"3766","20074.16",3766,6457070,1.22998223127151
"3767","20074.16",3767,6458443,-0.175510642627015
"3768","20074.16",3768,6458598,-0.106373629209767
"3769","20074.16",3769,6458662,-0.11219107032389
"3770","20074.16",3770,6460752,-0.314633421478892
"3771","20074.16",3771,6461057,-0.841884556687418
"3772","20074.16",3772,6462231,0.919858010354916
"3773","20074.16",3773,6462420,-0.425014311063665
"3774","20074.16",3774,6463663,0.677283582390907
"3775","20074.16",3775,6463706,0.719384771822592
"3776","20074.16",3776,6463774,1.06101231076989
"3777","20074.16",3777,6464144,0.430868649195516
"3778","20074.16",3778,6464203,0.270129106985437
"3779","20074.16",3779,6464448,0.381112240311146
"3780","20074.16",3780,6464669,-0.168998526499785
"3781","20074.16",3781,6464894,-0.481025406042338
"3782","20074.16",3782,6466252,0.0674223818308457
"3783","20074.16",3783,6466783,-0.038293903818678
"3784","20074.16",3784,6468038,-0.533661928108672
"3785","20074.16",3785,6468242,-0.557338931323239
"3786","20074.16",3786,6469280,-0.217781668221964
"3787","20074.16",3787,6472752,0.680389242775385
"3788","20074.16",3788,6473197,0.518925846096928
"3789","20074.16",3789,6478898,0.739898594346763
"3790","20074.16",3790,6478937,0.665817595915747
"3791","20074.16",3791,6479032,0.136496099942847
"3792","20074.16",3792,6481458,0.0791534625034434
"3793","20074.16",3793,6481559,-0.449758917617144
"3794","20074.16",3794,6481586,0.0427983858550425
"3795","20074.16",3795,6481607,0.873118672024558
"3796","20074.16",3796,6481646,0.0588213839912983
"3797","20074.16",3797,6482795,-0.0142778477031245
"3798","20074.16",3798,6485238,0.299376449531059
"3799","20074.16",3799,6486379,0.157093236744053
"3800","20074.16",3800,6487445,0.000313684939095005
"3801","20074.16",3801,6487549,-0.0379064214459195
"3802","20074.16",3802,6488116,0.564132114275758
"3803","20074.16",3803,6489159,0.953668436643503
"3804","20074.16",3804,6489263,0.364172458560879
"3805","20074.16",3805,6489463,1.00440263817221
"3806","20074.16",3806,6490366,0.0455586273604833
"3807","20074.16",3807,6490869,0.131063484180769
"3808","20074.16",3808,6490887,0.385178459945119
"3809","20074.16",3809,6491116,0.452115262078117
"3810","20074.16",3810,6491126,-0.670811593053679
"3811","20074.16",3811,6491192,0.97795212688019
"3812","20074.16",3812,6491298,-0.188597498581981
"3813","20074.16",3813,6491772,0.464112698776595
"3814","20074.16",3814,6491784,0.393682829010362
"3815","20074.16",3815,6495491,0.777922983671549
"3816","20074.16",3816,6496029,8.20166813682022e-05
"3817","20074.16",3817,6496333,-0.0103835951417901
"3818","20074.16",3818,6502765,1.00702310014111
"3819","20074.16",3819,6503793,-0.783615461606092
"3820","20074.16",3820,6504823,0.280551075050439
"3821","20074.16",3821,6505291,0.240589515389494
"3822","20074.16",3822,6505469,-0.148575084128142
"3823","20074.16",3823,6508155,-0.271426614575551
"3824","20074.16",3824,6508252,0.303737299705021
"3825","20074.16",3825,6508375,-0.7819633763979
"3826","20074.16",3826,6508471,-0.132444514928202
"3827","20074.16",3827,6508554,0.209550459681475
"3828","20074.16",3828,6508578,0.155508848820268
"3829","20074.16",3829,6508613,0.385028243003947
"3830","20074.16",3830,6508632,0.329239621647905
"3831","20074.16",3831,6508647,0.3143007296491
"3832","20074.16",3832,6509009,-0.522562440389202
"3833","20074.16",3833,6509671,-0.97118865556185
"3834","20074.16",3834,6512138,0.8997312922615
"3835","20074.16",3835,6512618,-0.142814955664877
"3836","20074.16",3836,6512733,-0.531528336066412
"3837","20074.16",3837,6513289,0.187157403498336
"3838","20074.16",3838,6516905,-0.0419664644577855
"3839","20074.16",3839,6517527,-0.723954486132175
"3840","20074.16",3840,6517552,0.164508801547995
"3841","20074.16",3841,6520153,0.422770301197125
"3842","20074.16",3842,6522311,-0.0175571043353049
"3843","20074.16",3843,6523142,0.39358605056317
"3844","20074.16",3844,6523255,0.702218208723079
"3845","20074.16",3845,6530384,-0.56374144966608
"3846","20074.16",3846,6530552,-0.0130988077085732
"3847","20074.16",3847,6531125,0.657550117458134
"3848","20074.16",3848,6531394,0.310886203372427
"3849","20074.16",3849,6531429,0.300336695506755
"3850","20074.16",3850,6531618,0.491304986623118
"3851","20074.16",3851,6531962,-0.284608721394839
"3852","20074.16",3852,6534369,0.215607467417579
"3853","20074.16",3853,6534602,-0.282707114248318
"3854","20074.16",3854,6534773,0.0880281368963756
"3855","20074.16",3855,6534936,-0.280533810356491
"3856","20074.16",3856,6535178,-0.126968826089966
"3857","20074.16",3857,6538986,0.305845460058088
"3858","20074.16",3858,6547044,-0.302392007084065
"3859","20074.16",3859,6547499,1.05879944636324
"3860","20074.16",3860,6548389,0.782862488759473
"3861","20074.16",3861,6548427,0.332612177975967
"3862","20074.16",3862,6548832,-0.16516178800145
"3863","20074.16",3863,6548846,0.210210258013148
"3864","20074.16",3864,6549203,-0.17400442216038
"3865","20074.16",3865,6549528,0.092198183699109
"3866","20074.16",3866,6549889,-0.0131273161176795
"3867","20074.16",3867,6550254,-1.23612961420112
"3868","20074.16",3868,6550400,0.122009134008547
"3869","20074.16",3869,6550615,-0.48588178993743
"3870","20074.16",3870,6550758,0.548936039449832
"3871","20074.16",3871,6551072,-0.564933602082053
"3872","20074.16",3872,6551089,0.242300881052592
"3873","20074.16",3873,6552165,-0.421336080778109
"3874","20074.16",3874,6552267,0.997964739694617
"3875","20074.16",3875,6554253,0.340774021560306
"3876","20074.16",3876,6554349,0.19321266938563
"3877","20074.16",3877,6556054,0.214096858254372
"3878","20074.16",3878,6556442,0.46921985675982
"3879","20074.16",3879,6556585,1.11080222571581
"3880","20074.16",3880,6557003,-0.0820593865089725
"3881","20074.16",3881,6557652,-0.763132647306605
"3882","20074.16",3882,6559255,0.70175976990667
"3883","20074.16",3883,6559698,0.810173689083832
"3884","20074.16",3884,6560053,-0.290342185861391
"3885","20074.16",3885,6560526,0.387722848811085
"3886","20074.16",3886,6561230,0.48018503727478
"3887","20074.16",3887,6561865,-0.332006141719368
"3888","20074.16",3888,6561899,-0.85484799742438
"3889","20074.16",3889,6561899,-0.143823191565019
"3890","20074.16",3890,6562607,0.1328108051492
"3891","20074.16",3891,6564334,0.601266374505967
"3892","20074.16",3892,6564396,0.309324782352106
"3893","20074.16",3893,6564548,0.244953959595823
"3894","20074.16",3894,6566664,0.368193314089237
"3895","20074.16",3895,6566697,0.0727052218498754
"3896","20074.16",3896,6569773,0.0132231316105642
"3897","20074.16",3897,6570964,-0.051866572029537
"3898","20074.16",3898,6571330,-0.929132113875348
"3899","20074.16",3899,6571995,0.321743059494223
"3900","20074.16",3900,6572049,-0.0375826588230774
"3901","20074.16",3901,6576201,0.0938346872711238
"3902","20074.16",3902,6576298,-0.198297101401825
"3903","20074.16",3903,6576392,-0.0936827515027803
"3904","20074.16",3904,6576465,0.122176275929148
"3905","20074.16",3905,6577390,-0.955709610743233
"3906","20074.16",3906,6577630,-0.0660541550973992
"3907","20074.16",3907,6577946,-0.597449251662935
"3908","20074.16",3908,6578010,0.291882848378507
"3909","20074.16",3909,6578169,0.94537113891493
"3910","20074.16",3910,6579245,-0.535213870613886
"3911","20074.16",3911,6579979,-0.236212175170405
"3912","20074.16",3912,6580376,-0.356801443475837
"3913","20074.16",3913,6580461,-0.252201891282214
"3914","20074.16",3914,6581746,0.0129337440959301
"3915","20074.16",3915,6581766,0.466941409160426
"3916","20074.16",3916,6582314,0.00154309980386103
"3917","20074.16",3917,6582546,0.547084161357472
"3918","20074.16",3918,6582834,-0.0743661421620825
"3919","20074.16",3919,6582939,0.907991087083425
"3920","20074.16",3920,6583125,1.17814535888655
"3921","20074.16",3921,6583488,0.75602981670628
"3922","20074.16",3922,6585646,0.444328386291683
"3923","20074.16",3923,6585695,0.272939741465602
"3924","20074.16",3924,6586059,0.256875658534685
"3925","20074.16",3925,6586152,1.14000040876815
"3926","20074.16",3926,6586238,0.391112460334397
"3927","20074.16",3927,6586272,0.168040085437175
"3928","20074.16",3928,6586367,0.464424002275071
"3929","20074.16",3929,6586658,0.164592973077452
"3930","20074.16",3930,6586876,-0.485211257600962
"3931","20074.16",3931,6587068,0.76619971855753
"3932","20074.16",3932,6587247,-0.69843295231017
"3933","20074.16",3933,6587304,0.366820643507713
"3934","20074.16",3934,6588519,-0.326271923013564
"3935","20074.16",3935,6588802,0.381048802128768
"3936","20074.16",3936,6588852,0.279155446996085
"3937","20074.16",3937,6590119,0.49260647099586
"3938","20074.16",3938,6591471,0.163153512445509
"3939","20074.16",3939,6595898,-0.428608061649899
"3940","20074.16",3940,6596181,0.715194878313221
"3941","20074.16",3941,6596678,0.46258456771679
"3942","20074.16",3942,6596889,0.183425442618109
"3943","20074.16",3943,6596962,0.0639201802363996
"3944","20074.16",3944,6597421,0.0993349359301385
"3945","20074.16",3945,6597699,-0.292519944772999
"3946","20074.16",3946,6600673,0.0740167651447612
"3947","20074.16",3947,6600988,0.0872805246326918
"3948","20074.16",3948,6601192,0.217190261537759
"3949","20074.16",3949,6602034,-0.535486984759684
"3950","20074.16",3950,6604090,-0.189233622257536
"3951","20074.16",3951,6604182,-0.714352884452973
"3952","20074.16",3952,6606329,-0.66509288853532
"3953","20074.16",3953,6606347,-0.584008490065806
"3954","20074.16",3954,6606588,0.465670097360799
"3955","20074.16",3955,6607678,0.437352850476908
"3956","20074.16",3956,6608233,-0.414728884694348
"3957","20074.16",3957,6608622,0.0447982461848424
"3958","20074.16",3958,6609049,-0.465239201808718
"3959","20074.16",3959,6609563,-0.14278658740427
"3960","20074.16",3960,6610703,0.376556992846147
"3961","20074.16",3961,6611883,0.638897017552309
"3962","20074.16",3962,6612738,-1.01891984588359
"3963","20074.16",3963,6613250,-0.0455182306487725
"3964","20074.16",3964,6618260,-0.202340717223172
"3965","20074.16",3965,6618310,-0.202142156077382
"3966","20074.16",3966,6619915,-0.439262538660445
"3967","20074.16",3967,6621232,0.566902433531193
"3968","20074.16",3968,6621583,0.0076645532276487
"3969","20074.16",3969,6622183,-0.680090793696828
"3970","20074.16",3970,6622546,-0.692109424862738
"3971","20074.16",3971,6622949,0.287125699261927
"3972","20074.16",3972,6623079,0.293089756464378
"3973","20074.16",3973,6625423,-0.436192299988918
"3974","20074.16",3974,6626160,0.438177214707362
"3975","20074.16",3975,6626499,0.288354679556662
"3976","20074.16",3976,6626535,0.171478341399196
"3977","20074.16",3977,6627413,0.720358480094647
"3978","20074.16",3978,6627459,0.368847853087572
"3979","20074.16",3979,6631580,0.183337545389355
"3980","20074.16",3980,6632489,0.387674751004011
"3981","20074.16",3981,6632615,0.205115151345058
"3982","20074.16",3982,6632888,-0.186909767072651
"3983","20074.16",3983,6633261,0.17675165286243
"3984","20074.16",3984,6635106,0.00116510720609586
"3985","20074.16",3985,6635568,0.22985460114779
"3986","20074.16",3986,6635718,-0.286223313942073
"3987","20074.16",3987,6635974,0.00762743594873783
"3988","20074.16",3988,6636120,-0.146014597220505
"3989","20074.16",3989,6636317,-0.00731305258097059
"3990","20074.16",3990,6636605,-0.27213046980027
"3991","20074.16",3991,6636751,-0.598315254194888
"3992","20074.16",3992,6637856,-0.130265736898413
"3993","20074.16",3993,6640694,0.241158976562078
"3994","20074.16",3994,6641015,-0.375592436934181
"3995","20074.16",3995,6641118,-1.16818251075668
"3996","20074.16",3996,6641633,0.249721281239908
"3997","20074.16",3997,6642123,0.719581643526047
"3998","20074.16",3998,6642253,0.736592722021117
"3999","20074.16",3999,6642534,0.47069725003474
"4000","20074.16",4000,6642792,0.709197512878187
"4001","20074.16",4001,6643316,0.195559358532694
"4002","20074.16",4002,6643366,0.473388814530561
"4003","20074.16",4003,6644065,-0.176233972688989
"4004","20074.16",4004,6644324,0.999045452808628
"4005","20074.16",4005,6646540,0.760700707032263
"4006","20074.16",4006,6646640,-0.0433922835431702
"4007","20074.16",4007,6646973,-0.257777714040277
"4008","20074.16",4008,6647082,-0.758035122870624
"4009","20074.16",4009,6648399,0.109694428565111
"4010","20074.16",4010,6649035,-0.179645284612964
"4011","20074.16",4011,6649116,1.24576386977834
"4012","20074.16",4012,6649325,-0.239569394237672
"4013","20074.16",4013,6649343,0.0283195399967111
"4014","20074.16",4014,6649461,-0.178786884946888
"4015","20074.16",4015,6649612,-0.618263042703922
"4016","20074.16",4016,6650368,-0.00703408613114398
"4017","20074.16",4017,6652926,0.823327086571806
"4018","20074.16",4018,6652984,0.694967618560416
"4019","20074.16",4019,6653000,-1.15992351964128
"4020","20074.16",4020,6653132,0.364633691841342
"4021","20074.16",4021,6653206,-0.363253920753802
"4022","20074.16",4022,6653568,0.386199284922466
"4023","20074.16",4023,6653778,0.670297276217741
"4024","20074.16",4024,6653813,0.196995413082747
"4025","20074.16",4025,6653899,0.381019517122771
"4026","20074.16",4026,6654482,-0.117055500565989
"4027","20074.16",4027,6654633,0.231234379909437
"4028","20074.16",4028,6654811,0.165847209111075
"4029","20074.16",4029,6654900,0.537828385169434
"4030","20074.16",4030,6655815,-0.364563653368678
"4031","20074.16",4031,6656787,-0.0154080679112756
"4032","20074.16",4032,6658312,-0.832391996678827
"4033","20074.16",4033,6658687,0.313534219021657
"4034","20074.16",4034,6659081,-0.0947288476141033
"4035","20074.16",4035,6659273,-0.688280365798525
"4036","20074.16",4036,6660170,-0.449154382986818
"4037","20074.16",4037,6663262,0.510727493773357
"4038","20074.16",4038,6663392,-0.0359455878579427
"4039","20074.16",4039,6663619,0.675641957500999
"4040","20074.16",4040,6663644,0.828450456447276
"4041","20074.16",4041,6664054,0.118401545604415
"4042","20074.16",4042,6664720,0.060326485236164
"4043","20074.16",4043,6665697,0.44557323506871
"4044","20074.16",4044,6665883,0.065423751420508
"4045","20074.16",4045,6666820,0.417351013254771
"4046","20074.16",4046,6666973,-0.25080448111414
"4047","20074.16",4047,6667329,0.273611054415679
"4048","20074.16",4048,6667401,0.170144176924671
"4049","20074.16",4049,6667555,-0.0121704575465928
"4050","20074.16",4050,6667886,-0.58624658335647
"4051","20074.16",4051,6668417,0.0120847365224979
"4052","20074.16",4052,6668588,0.073831659950117
"4053","20074.16",4053,6670613,-0.189613147654107
"4054","20074.16",4054,6670858,0.314220497066244
"4055","20074.16",4055,6671811,0.392487794501503
"4056","20074.16",4056,6672718,-0.0561738393856945
"4057","20074.16",4057,6673068,0.932798441744239
"4058","20074.16",4058,6673166,-1.00342183711666
"4059","20074.16",4059,6673352,-0.0303894376171758
"4060","20074.16",4060,6673379,0.283068878899347
"4061","20074.16",4061,6675580,-0.278453941837416
"4062","20074.16",4062,6675618,0.133887477033325
"4063","20074.16",4063,6675913,-0.0204541221792915
"4064","20074.16",4064,6676447,0.516269029766335
"4065","20074.16",4065,6677105,0.355412413420475
"4066","20074.16",4066,6677777,0.452492784758916
"4067","20074.16",4067,6678053,-0.061912139765302
"4068","20074.16",4068,6678340,0.472471392964489
"4069","20074.16",4069,6678355,0.950355040883475
"4070","20074.16",4070,6680426,-0.659962980126905
"4071","20074.16",4071,6681184,-0.708530620577875
"4072","20074.16",4072,6682108,-0.830300814607182
"4073","20074.16",4073,6682151,0.636656626390361
"4074","20074.16",4074,6682203,-0.220598620460308
"4075","20074.16",4075,6683075,0.199871384183376
"4076","20074.16",4076,6684028,0.268305531972328
"4077","20074.16",4077,6685307,-0.757562606622674
"4078","20074.16",4078,6685322,-0.271757356984348
"4079","20074.16",4079,6688080,0.102035260626042
"4080","20074.16",4080,6692538,-1.05411664987226
"4081","20074.16",4081,6692596,0.378525455789155
"4082","20074.16",4082,6692980,0.242035621385534
"4083","20074.16",4083,6693007,0.396071581723139
"4084","20074.16",4084,6693093,0.284842664285107
"4085","20074.16",4085,6694147,0.2729646671083
"4086","20074.16",4086,6697125,-0.416264572556609
"4087","20074.16",4087,6697562,0.082520920539932
"4088","20074.16",4088,6698677,-0.272169649678544
"4089","20074.16",4089,6698818,0.00122664467171774
"4090","20074.16",4090,6699261,0.29673743484986
"4091","20074.16",4091,6699346,0.0374138739202712
"4092","20074.16",4092,6699355,0.299826539259159
"4093","20074.16",4093,6702008,-1.01127737765231
"4094","20074.16",4094,6704540,0.317927416060722
"4095","20074.16",4095,6706025,0.592182980014647
"4096","20074.16",4096,6706076,0.813232171862357
"4097","20074.16",4097,6708812,0.0958765480734876
"4098","20074.16",4098,6708996,-0.496062327917307
"4099","20074.16",4099,6709031,-0.273206764811667
"4100","20074.16",4100,6710469,0.142929621568251
"4101","20074.16",4101,6710899,-0.519452445508882
"4102","20074.16",4102,6710941,-0.89868797423054
"4103","20074.16",4103,6710973,-0.306549092876016
"4104","20074.16",4104,6711165,0.863447350231334
"4105","20074.16",4105,6711227,-0.150754351235557
"4106","20074.16",4106,6712186,0.912980924375858
"4107","20074.16",4107,6715196,-0.856729588022064
"4108","20074.16",4108,6716195,0.0365048476994723
"4109","20074.16",4109,6716580,-0.700516018565842
"4110","20074.16",4110,6716876,0.00270125923332909
"4111","20074.16",4111,6716911,0.219198921802889
"4112","20074.16",4112,6717065,-0.944117265678854
"4113","20074.16",4113,6717142,-0.00239468219008376
"4114","20074.16",4114,6717743,-0.772377738624843
"4115","20074.16",4115,6718463,0.647464540587717
"4116","20074.16",4116,6718584,-1.01899909527128
"4117","20074.16",4117,6718720,0.41056349076312
"4118","20074.16",4118,6719893,0.718510940702237
"4119","20074.16",4119,6723882,-0.129504858180529
"4120","20074.16",4120,6724106,0.137343115729999
"4121","20074.16",4121,6725968,-0.743619815828174
"4122","20074.16",4122,6729674,-0.704483161474005
"4123","20074.16",4123,6730190,0.0301328801298713
"4124","20074.16",4124,6730941,0.439195294416282
"4125","20074.16",4125,6731058,-0.331227118207546
"4126","20074.16",4126,6733301,0.0135777667903998
"4127","20074.16",4127,6733693,0.76882872843703
"4128","20074.16",4128,6733771,0.12757765830017
"4129","20074.16",4129,6734469,0.411431987286593
"4130","20074.16",4130,6734551,0.160553672039736
"4131","20074.16",4131,6734598,-0.399734201861993
"4132","20074.16",4132,6735022,-0.777389944620177
"4133","20074.16",4133,6735137,0.47469019901211
"4134","20074.16",4134,6735242,0.377932406545631
"4135","20074.16",4135,6737683,0.196585382304704
"4136","20074.16",4136,6737702,0.675885381179984
"4137","20074.16",4137,6737792,0.191689923508513
"4138","20074.16",4138,6737912,0.368062449420624
"4139","20074.16",4139,6739584,0.148896449718417
"4140","20074.16",4140,6739668,0.28805462638499
"4141","20074.16",4141,6744219,0.124292513231705
"4142","20074.16",4142,6744499,-0.959797306169421
"4143","20074.16",4143,6744643,-0.276497785937264
"4144","20074.16",4144,6746745,-0.186477757465078
"4145","20074.16",4145,6747139,-0.121210196412044
"4146","20074.16",4146,6748456,0.591168974951308
"4147","20074.16",4147,6748624,0.756661263514784
"4148","20074.16",4148,6748742,0.328128731567815
"4149","20074.16",4149,6748922,-0.362096446848064
"4150","20074.16",4150,6749082,0.330200108920448
"4151","20074.16",4151,6749546,0.0373870577090809
"4152","20074.16",4152,6749566,0.891514423313247
"4153","20074.16",4153,6749612,0.485487163582627
"4154","20074.16",4154,6749670,0.412583977695161
"4155","20074.16",4155,6750275,0.376329224095582
"4156","20074.16",4156,6750282,-0.243512404217363
"4157","20074.16",4157,6751825,1.09410068786892
"4158","20074.16",4158,6752046,0.820697685091546
"4159","20074.16",4159,6752991,0.33787424321079
"4160","20074.16",4160,6754930,0.0744444618270856
"4161","20074.16",4161,6755414,0.0332300043398321
"4162","20074.16",4162,6755601,-1.06310308360113
"4163","20074.16",4163,6755651,-0.71592055455062
"4164","20074.16",4164,6755679,-0.0262810413991392
"4165","20074.16",4165,6756338,-0.514360904965875
"4166","20074.16",4166,6756396,0.0185023810944465
"4167","20074.16",4167,6756689,0.0450601516062346
"4168","20074.16",4168,6757810,0.738453316282885
"4169","20074.16",4169,6758068,0.300830410451067
"4170","20074.16",4170,6758095,-0.180663028239104
"4171","20074.16",4171,6758340,0.553511007864755
"4172","20074.16",4172,6758380,0.516020376222206
"4173","20074.16",4173,6758434,0.636881835518632
"4174","20074.16",4174,6758625,-0.269599755962907
"4175","20074.16",4175,6759258,0.519855998708016
"4176","20074.16",4176,6761165,0.738965434293637
"4177","20074.16",4177,6761298,-0.364125471824267
"4178","20074.16",4178,6762330,-0.0639652994521835
"4179","20074.16",4179,6762751,1.13465899095495
"4180","20074.16",4180,6763142,-0.00188918373920188
"4181","20074.16",4181,6763216,0.792428224217322
"4182","20074.16",4182,6763300,0.366398630272262
"4183","20074.16",4183,6763455,0.624314565301918
"4184","20074.16",4184,6763751,0.293704489674105
"4185","20074.16",4185,6763793,0.504642869456506
"4186","20074.16",4186,6763941,0.479412205074659
"4187","20074.16",4187,6766824,0.0949436055628725
"4188","20074.16",4188,6767192,0.601325230564881
"4189","20074.16",4189,6767560,0.337630422833958
"4190","20074.16",4190,6768477,0.156331264695585
"4191","20074.16",4191,6770489,0.101480031995903
"4192","20074.16",4192,6772742,-0.468463027604095
"4193","20074.16",4193,6772948,-0.168894231294007
"4194","20074.16",4194,6773808,-0.892687123787692
"4195","20074.16",4195,6774494,-0.555910400411556
"4196","20074.16",4196,6774511,0.049277143918661
"4197","20074.16",4197,6774515,-0.573963768662146
"4198","20074.16",4198,6774669,-0.162679903369346
"4199","20074.16",4199,6774696,0.627507963407596
"4200","20074.16",4200,6774909,-0.121330217888802
"4201","20074.16",4201,6776206,-0.886882295750711
"4202","20074.16",4202,6776663,-0.838349330029366
"4203","20074.16",4203,6776968,-0.641937190583006
"4204","20074.16",4204,6777196,0.20807418514707
"4205","20074.16",4205,6777525,0.161038352060078
"4206","20074.16",4206,6777703,-0.283844763641433
"4207","20074.16",4207,6777764,0.161906349769107
"4208","20074.16",4208,6778200,0.296817591054864
"4209","20074.16",4209,6778424,0.77570727736707
"4210","20074.16",4210,6778612,0.461512179564694
"4211","20074.16",4211,6778690,0.30590580314361
"4212","20074.16",4212,6778780,0.0240182131858457
"4213","20074.16",4213,6778853,0.126547102225946
"4214","20074.16",4214,6778871,0.575436763736687
"4215","20074.16",4215,6780084,-0.29469506115673
"4216","20074.16",4216,6780302,-0.290239446504713
"4217","20074.16",4217,6781701,0.112428737665199
"4218","20074.16",4218,6781830,0.783251511607857
"4219","20074.16",4219,6782279,0.501517140563993
"4220","20074.16",4220,6782303,0.289207714831055
"4221","20074.16",4221,6782328,-1.10588465469049
"4222","20074.16",4222,6782550,-0.154921129539934
"4223","20074.16",4223,6782575,0.597994150084793
"4224","20074.16",4224,6782588,0.619042955841285
"4225","20074.16",4225,6782677,0.413215274401893
"4226","20074.16",4226,6782736,-0.381209224387512
"4227","20074.16",4227,6786977,0.253336236786409
"4228","20074.16",4228,6787032,-0.392286683442844
"4229","20074.16",4229,6787409,-0.0890643294296494
"4230","20074.16",4230,6787622,0.455118161480311
"4231","20074.16",4231,6789366,-0.2971952214599
"4232","20074.16",4232,6789941,0.0199542688692338
"4233","20074.16",4233,6790183,0.0118748507677111
"4234","20074.16",4234,6790529,-0.212359349365902
"4235","20074.16",4235,6790674,0.327510034950344
"4236","20074.16",4236,6791534,-1.70302627918927
"4237","20074.16",4237,6791705,-0.980560357921881
"4238","20074.16",4238,6792025,0.114133668203063
"4239","20074.16",4239,6792055,0.166450981770054
"4240","20074.16",4240,6792188,0.618074938328086
"4241","20074.16",4241,6792419,0.374483947619802
"4242","20074.16",4242,6793651,-0.849878792212717
"4243","20074.16",4243,6793933,0.223313878905948
"4244","20074.16",4244,6796804,0.533382880844827
"4245","20074.16",4245,6796840,0.193154490295063
"4246","20074.16",4246,6796866,-0.15271700481023
"4247","20074.16",4247,6797815,-1.03547236015806
"4248","20074.16",4248,6797837,-1.42340118782614
"4249","20074.16",4249,6797915,-0.883171441111319
"4250","20074.16",4250,6797942,-0.8967786958829
"4251","20074.16",4251,6798095,-0.123078234374773
"4252","20074.16",4252,6798170,-0.607514713354183
"4253","20074.16",4253,6798245,-0.64932372220926
"4254","20074.16",4254,6800290,-0.0720353261198117
"4255","20074.16",4255,6800650,-0.724779112044564
"4256","20074.16",4256,6800961,-0.0849841367618298
"4257","20074.16",4257,6800994,-0.194114797884785
"4258","20074.16",4258,6801681,0.0140487341109674
"4259","20074.16",4259,6802295,-0.438707482099934
"4260","20074.16",4260,6802327,0.44156009163139
"4261","20074.16",4261,6802362,0.519972901879918
"4262","20074.16",4262,6802378,-0.137045556229241
"4263","20074.16",4263,6802405,-0.225854781485947
"4264","20074.16",4264,6802420,-0.430165163266088
"4265","20074.16",4265,6802435,-0.469427153109257
"4266","20074.16",4266,6802435,0.255560759547168
"4267","20074.16",4267,6805913,0.0259352632682495
"4268","20074.16",4268,6805943,-0.836075321775118
"4269","20074.16",4269,6807674,0.589592112783099
"4270","20074.16",4270,6807706,0.57271260688827
"4271","20074.16",4271,6807817,0.468619613735412
"4272","20074.16",4272,6808013,0.246519778015462
"4273","20074.16",4273,6808030,0.44834990102228
"4274","20074.16",4274,6808157,-0.137871592677071
"4275","20074.16",4275,6808769,0.298558276314128
"4276","20074.16",4276,6808976,1.16087478053386
"4277","20074.16",4277,6809615,1.14032487097012
"4278","20074.16",4278,6809811,0.572996043153737
"4279","20074.16",4279,6810312,0.334194541445537
"4280","20074.16",4280,6810812,-0.455690427013592
"4281","20074.16",4281,6811305,-0.131705648587584
"4282","20074.16",4282,6811871,0.080101443244116
"4283","20074.16",4283,6812292,-0.671478952387615
"4284","20074.16",4284,6812648,-0.494171140608214
"4285","20074.16",4285,6812832,-0.450038118723497
"4286","20074.16",4286,6812938,0.174874562345791
"4287","20074.16",4287,6813287,1.09171280564946
"4288","20074.16",4288,6813671,-0.275189376570429
"4289","20074.16",4289,6813912,0.87812678622187
"4290","20074.16",4290,6814459,0.174415874134023
"4291","20074.16",4291,6815338,0.46124037619857
"4292","20074.16",4292,6815630,-1.03271553686386
"4293","20074.16",4293,6816351,-0.0830184610262652
"4294","20074.16",4294,6816631,-0.553083274476998
"4295","20074.16",4295,6817375,-1.26932193928604
"4296","20074.16",4296,6820898,-0.457729177034729
"4297","20074.16",4297,6820960,-0.0646131233071898
"4298","20074.16",4298,6823525,0.76261531093478
"4299","20074.16",4299,6824224,0.549250010358892
"4300","20074.16",4300,6824494,-0.515307359552678
"4301","20074.16",4301,6824823,-0.95440659959158
"4302","20074.16",4302,6824941,-0.632288026551285
"4303","20074.16",4303,6826600,-0.658111350116889
"4304","20074.16",4304,6826850,0.64100798878351
"4305","20074.16",4305,6827135,0.356336409856813
"4306","20074.16",4306,6827654,-0.185184080493097
"4307","20074.16",4307,6827916,0.0866048304582598
"4308","20074.16",4308,6828024,0.486202306319297
"4309","20074.16",4309,6828109,0.772116387711264
"4310","20074.16",4310,6828220,0.703488994133006
"4311","20074.16",4311,6829252,-0.569107180107008
"4312","20074.16",4312,6833886,0.516044892672185
"4313","20074.16",4313,6835390,0.22264507313144
"4314","20074.16",4314,6835414,-0.0327062862707717
"4315","20074.16",4315,6835678,0.132048916649996
"4316","20074.16",4316,6835885,-0.493463766867155
"4317","20074.16",4317,6838350,-0.350761596327609
"4318","20074.16",4318,6838886,0.362312378047013
"4319","20074.16",4319,6838907,0.600811369320614
"4320","20074.16",4320,6838956,0.861271844568917
"4321","20074.16",4321,6840765,0.503400248766554
"4322","20074.16",4322,6841006,-0.0497898800666725
"4323","20074.16",4323,6844992,-0.0512830832261253
"4324","20074.16",4324,6846093,-0.238615999317069
"4325","20074.16",4325,6846271,-0.407706325209457
"4326","20074.16",4326,6848189,0.0122890533186775
"4327","20074.16",4327,6851423,-0.195920482705792
"4328","20074.16",4328,6851696,-0.00222080536577618
"4329","20074.16",4329,6852188,-1.19192346052417
"4330","20074.16",4330,6856588,-1.07547514739437
"4331","20074.16",4331,6858923,-0.366221185551706
"4332","20074.16",4332,6859492,-0.033654657785231
"4333","20074.16",4333,6864350,-0.539865154650614
"4334","20074.16",4334,6864819,0.0673195613442683
"4335","20074.16",4335,6865001,0.135305737244122
"4336","20074.16",4336,6865072,0.122652947406813
"4337","20074.16",4337,6865108,0.569454888550317
"4338","20074.16",4338,6867751,0.529130495860001
"4339","20074.16",4339,6867965,0.911051693395303
"4340","20074.16",4340,6868286,0.34856882668315
"4341","20074.16",4341,6868511,0.830146777111197
"4342","20074.16",4342,6868722,-0.70065831344874
"4343","20074.16",4343,6868873,-0.251217115412385
"4344","20074.16",4344,6871953,0.139353360741179
"4345","20074.16",4345,6872826,-0.0591177774168816
"4346","20074.16",4346,6873788,0.782009238515356
"4347","20074.16",4347,6874660,-0.768029126516037
"4348","20074.16",4348,6875404,0.0589565192979942
"4349","20074.16",4349,6876242,-0.0949795796781627
"4350","20074.16",4350,6876458,0.725739334698082
"4351","20074.16",4351,6876541,0.480224896743874
"4352","20074.16",4352,6876855,-0.0858168206504999
"4353","20074.16",4353,6882474,0.174483903644225
"4354","20074.16",4354,6887689,0.452308400702784
"4355","20074.16",4355,6887854,1.02424456742013
"4356","20074.16",4356,6888256,-0.278967874173788
"4357","20074.16",4357,6888835,-0.0932251647060731
"4358","20074.16",4358,6889317,0.339625717091152
"4359","20074.16",4359,6890529,0.245511255062101
"4360","20074.16",4360,6891365,0.523076027125216
"4361","20074.16",4361,6891498,0.24529642571306
"4362","20074.16",4362,6892507,0.189947333167034
"4363","20074.16",4363,6894273,-0.825668712447808
"4364","20074.16",4364,6894475,1.15648259326789
"4365","20074.16",4365,6894620,0.881792805647364
"4366","20074.16",4366,6895945,-0.157593221379305
"4367","20074.16",4367,6896128,0.202812174501657
"4368","20074.16",4368,6896342,0.985886353681576
"4369","20074.16",4369,6897114,0.151814807714297
"4370","20074.16",4370,6897636,0.431724825458235
"4371","20074.16",4371,6897659,0.712938983807185
"4372","20074.16",4372,6897765,0.02183070255942
"4373","20074.16",4373,6898514,0.492685960824081
"4374","20074.16",4374,6898606,0.850818152837781
"4375","20074.16",4375,6898962,0.35342870185742
"4376","20074.16",4376,6899804,0.506613959284398
"4377","20074.16",4377,6900308,-0.236314702318694
"4378","20074.16",4378,6901163,0.61794504665443
"4379","20074.16",4379,6901398,-0.0887505443063228
"4380","20074.16",4380,6902148,-0.0560469377005495
"4381","20074.16",4381,6902227,0.536090897406942
"4382","20074.16",4382,6902585,0.86192347499473
"4383","20074.16",4383,6903081,-0.0760896874162187
"4384","20074.16",4384,6903127,1.14025961835758
"4385","20074.16",4385,6904046,-1.16379071107334
"4386","20074.16",4386,6905017,-0.441150153841194
"4387","20074.16",4387,6905072,-0.133210463772299
"4388","20074.16",4388,6909389,-0.1430534089147
"4389","20074.16",4389,6909571,-0.118822451754446
"4390","20074.16",4390,6909944,0.296072995326766
"4391","20074.16",4391,6910062,0.462881135472053
"4392","20074.16",4392,6911198,0.398363742293127
"4393","20074.16",4393,6911210,-0.209656832626219
"4394","20074.16",4394,6911442,-0.998437024574901
"4395","20074.16",4395,6914358,-0.611255964190773
"4396","20074.16",4396,6916451,0.0542845140377937
"4397","20074.16",4397,6925781,0.342051275548418
"4398","20074.16",4398,6926261,-0.320842239585958
"4399","20074.16",4399,6926320,-0.216616541675056
"4400","20074.16",4400,6926397,0.116137239240878
"4401","20074.16",4401,6927385,0.138286576599599
"4402","20074.16",4402,6927912,0.376879408046361
"4403","20074.16",4403,6928070,0.444769507348515
"4404","20074.16",4404,6928221,0.95879971901758
"4405","20074.16",4405,6928271,1.02759125570129
"4406","20074.16",4406,6928401,1.14532406904899
"4407","20074.16",4407,6928434,0.955527367424092
"4408","20074.16",4408,6930542,0.72637416991902
"4409","20074.16",4409,6930914,0.813831020164785
"4410","20074.16",4410,6930928,0.910246844735352
"4411","20074.16",4411,6931014,0.575118705773526
"4412","20074.16",4412,6934271,-0.682134187939538
"4413","20074.16",4413,6934350,-0.651840789924243
"4414","20074.16",4414,6934454,-1.72745918043749
"4415","20074.16",4415,6934940,-0.0970164945880638
"4416","20074.16",4416,6935284,-0.894035481241654
"4417","20074.16",4417,6935308,0.340856827886484
"4418","20074.16",4418,6939159,0.326942960185305
"4419","20074.16",4419,6939309,0.216895124150848
"4420","20074.16",4420,6939482,0.222742909249801
"4421","20074.16",4421,6943861,0.345173198839883
"4422","20074.16",4422,6944054,0.299871777513709
"4423","20074.16",4423,6944189,0.677137101601368
"4424","20074.16",4424,6948175,-0.185913107238229
"4425","20074.16",4425,6949726,-0.0073810965926544
"4426","20074.16",4426,6949791,-0.0445168070358637
"4427","20074.16",4427,6950043,-0.278681452246943
"4428","20074.16",4428,6950107,-0.206022355907421
"4429","20074.16",4429,6950275,-1.11891563939842
"4430","20074.16",4430,6954274,-0.071665280691664
"4431","20074.16",4431,6957157,-0.0498878047369198
"4432","20074.16",4432,6957888,0.30110504410987
"4433","20074.16",4433,6957923,0.244463697158548
"4434","20074.16",4434,6958176,0.07095022463076
"4435","20074.16",4435,6958455,0.14786094238746
"4436","20074.16",4436,6958848,-0.984143321480823
"4437","20074.16",4437,6958904,-0.00143058820743391
"4438","20074.16",4438,6959037,0.221673334521877
"4439","20074.16",4439,6959270,-0.438031247452057
"4440","20074.16",4440,6959489,0.680629611421359
"4441","20074.16",4441,6959803,0.337645379674107
"4442","20074.16",4442,6960281,0.317443595534246
"4443","20074.16",4443,6960438,0.612755670317383
"4444","20074.16",4444,6960673,-0.618853654279862
"4445","20074.16",4445,6960776,-0.150034280001263
"4446","20074.16",4446,6961618,0.300539072877187
"4447","20074.16",4447,6963393,-1.11369967777283
"4448","20074.16",4448,6963665,-0.145314963685829
"4449","20074.16",4449,6963770,-0.271011660707595
"4450","20074.16",4450,6964209,0.1321587981571
"4451","20074.16",4451,6964381,-0.0169228948652469
"4452","20074.16",4452,6964712,-0.0513108585482209
"4453","20074.16",4453,6964797,0.12270797401476
"4454","20074.16",4454,6965041,-0.873294740230809
"4455","20074.16",4455,6965298,0.376738748669418
"4456","20074.16",4456,6965816,-0.0460528051134208
"4457","20074.16",4457,6966538,0.0120030656132712
"4458","20074.16",4458,6966553,0.528046280959567
"4459","20074.16",4459,6966572,0.748641914147833
"4460","20074.16",4460,6968729,0.134244816006634
"4461","20074.16",4461,6969295,0.00149769707622305
"4462","20074.16",4462,6969671,-0.0529671312525481
"4463","20074.16",4463,6972550,0.665708549399072
"4464","20074.16",4464,6973049,-0.210398763412698
"4465","20074.16",4465,6974581,-0.063441355464434
"4466","20074.16",4466,6974619,0.177044247956715
"4467","20074.16",4467,6977965,0.370234522832567
"4468","20074.16",4468,6978474,0.58564574800404
"4469","20074.16",4469,6978621,-1.45063583723541
"4470","20074.16",4470,6978846,0.585760080627764
"4471","20074.16",4471,6981822,0.39343323099797
"4472","20074.16",4472,6982648,0.0153523382446767
"4473","20074.16",4473,6984781,0.737816020312963
"4474","20074.16",4474,6985152,0.462296382935812
"4475","20074.16",4475,6985304,0.697162934867928
"4476","20074.16",4476,6985997,-0.0461538968438342
"4477","20074.16",4477,6987254,-0.0358449917451207
"4478","20074.16",4478,6987262,0.919892402734445
"4479","20074.16",4479,6987498,-0.814075359098515
"4480","20074.16",4480,6989149,1.09954477307154
"4481","20074.16",4481,6998155,-0.782416195371724
"4482","20074.16",4482,6999203,0.69619516224781
"4483","20074.16",4483,6999912,-0.647110346360328
"4484","20074.16",4484,7000280,-0.531340772721464
"4485","20074.16",4485,7000800,0.153324953981888
"4486","20074.16",4486,7001406,0.0564786746220918
"4487","20074.16",4487,7001712,-1.35786957163032
"4488","20074.16",4488,7004137,0.343755309629807
"4489","20074.16",4489,7004723,-0.617615055333041
"4490","20074.16",4490,7005334,0.0658972714618455
"4491","20074.16",4491,7006011,-0.185984840975586
"4492","20074.16",4492,7006141,0.309259380320042
"4493","20074.16",4493,7006428,0.610581986789515
"4494","20074.16",4494,7007859,-0.362668665372873
"4495","20074.16",4495,7009582,0.432958176417841
"4496","20074.16",4496,7010776,-0.316584005598134
"4497","20074.16",4497,7012136,1.01407232904655
"4498","20074.16",4498,7012472,1.07513865329394
"4499","20074.16",4499,7012647,0.727816769916035
"4500","20074.16",4500,7013201,-1.1548646706519
"4501","20074.16",4501,7013569,-0.72402053687132
"4502","20074.16",4502,7015770,0.300346118139966
"4503","20074.16",4503,7018426,0.414540367360886
"4504","20074.16",4504,7019432,-0.000375159428472216
"4505","20074.16",4505,7021004,0.695017545331832
"4506","20074.16",4506,7021232,0.933628606008029
"4507","20074.16",4507,7023746,-0.635000256627504
"4508","20074.16",4508,7023874,1.05246140251733
"4509","20074.16",4509,7024872,-0.497200570554188
"4510","20074.16",4510,7025028,0.152213174934772
"4511","20074.16",4511,7026212,-0.0691625161618585
"4512","20074.16",4512,7026532,0.249964791300601
"4513","20074.16",4513,7029937,-0.719068369680017
"4514","20074.16",4514,7030309,-0.174355336955136
"4515","20074.16",4515,7030498,-0.73107036496271
"4516","20074.16",4516,7030590,0.423510887684166
"4517","20074.16",4517,7031702,0.625237403084133
"4518","20074.16",4518,7033743,-0.230795644063739
"4519","20074.16",4519,7033748,0.664342332380589
"4520","20074.16",4520,7034268,0.708248514433646
"4521","20074.16",4521,7034337,0.583712356622324
"4522","20074.16",4522,7034382,1.05095658096659
"4523","20074.16",4523,7034941,-0.458012367655426
"4524","20074.16",4524,7035042,-1.04346332697396
"4525","20074.16",4525,7035057,-0.474514686776802
"4526","20074.16",4526,7035163,-0.42495168155354
"4527","20074.16",4527,7036048,-0.00625170103748385
"4528","20074.16",4528,7039421,0.185899848566057
"4529","20074.16",4529,7039598,0.381319560305809
"4530","20074.16",4530,7041469,0.0156856237827023
"4531","20074.16",4531,7045133,0.195117545153447
"4532","20074.16",4532,7046489,-0.334117717869874
"4533","20074.16",4533,7046590,0.334315518585192
"4534","20074.16",4534,7046607,-0.420002332858212
"4535","20074.16",4535,7046645,-0.12591767322696
"4536","20074.16",4536,7046744,-0.00647806257537997
"4537","20074.16",4537,7047240,0.183338505085408
"4538","20074.16",4538,7047357,0.88152768782357
"4539","20074.16",4539,7047427,-0.328337794394255
"4540","20074.16",4540,7047442,0.152059890921675
"4541","20074.16",4541,7047791,-0.411772062758888
"4542","20074.16",4542,7047890,-0.115677784280707
"4543","20074.16",4543,7052360,-0.940063961098269
"4544","20074.16",4544,7052375,-0.849939023299338
"4545","20074.16",4545,7052388,-0.0480026677394125
"4546","20074.16",4546,7052774,-0.42249166437723
"4547","20074.16",4547,7063563,-0.866049601150707
"4548","20074.16",4548,7063776,0.200791356354857
"4549","20074.16",4549,7063997,0.158948866034401
"4550","20074.16",4550,7064036,-0.0122049904010311
"4551","20074.16",4551,7064663,-0.0433904553540225
"4552","20074.16",4552,7066294,-0.529702216378667
"4553","20074.16",4553,7066369,-0.0392395544579935
"4554","20074.16",4554,7066395,-0.380988025861247
"4555","20074.16",4555,7066545,-0.216552544415198
"4556","20074.16",4556,7066621,-0.275168968212683
"4557","20074.16",4557,7067177,-0.0325372918947586
"4558","20074.16",4558,7068245,-0.742557883728471
"4559","20074.16",4559,7068359,-0.258813663568422
"4560","20074.16",4560,7069056,0.398009610857119
"4561","20074.16",4561,7069273,0.493969914164254
"4562","20074.16",4562,7070006,-1.05669929279935
"4563","20074.16",4563,7070066,-0.0292719751780748
"4564","20074.16",4564,7070125,-0.704441015464849
"4565","20074.16",4565,7070643,0.665019504234677
"4566","20074.16",4566,7073284,-0.456809293566669
"4567","20074.16",4567,7073654,-0.26866573658594
"4568","20074.16",4568,7073666,-0.209977241268997
"4569","20074.16",4569,7073814,-0.754509075006721
"4570","20074.16",4570,7073934,0.401694593677477
"4571","20074.16",4571,7073999,1.00746396842547
"4572","20074.16",4572,7074091,0.663329035181957
"4573","20074.16",4573,7077684,-0.126549831409818
"4574","20074.16",4574,7078113,-0.219799190422015
"4575","20074.16",4575,7078148,-0.12309272106708
"4576","20074.16",4576,7080605,-0.28095426194872
"4577","20074.16",4577,7080619,-0.558997605125151
"4578","20074.16",4578,7080831,0.185353363044731
"4579","20074.16",4579,7081003,-0.412160127091157
"4580","20074.16",4580,7081093,0.791367513527262
"4581","20074.16",4581,7081149,-0.0853872317557149
"4582","20074.16",4582,7081257,0.00897514687374379
"4583","20074.16",4583,7081691,0.856529832631048
"4584","20074.16",4584,7081752,0.488210673452376
"4585","20074.16",4585,7081769,0.0177279751357604
"4586","20074.16",4586,7081962,0.551251075356521
"4587","20074.16",4587,7083038,-1.0039017635061
"4588","20074.16",4588,7087473,0.0163236766946691
"4589","20074.16",4589,7087534,0.394271276502244
"4590","20074.16",4590,7088541,-0.170653082492639
"4591","20074.16",4591,7092428,0.714876386722113
"4592","20074.16",4592,7092514,0.21050125194005
"4593","20074.16",4593,7092544,0.325089005895568
"4594","20074.16",4594,7092583,0.0282009550376401
"4595","20074.16",4595,7092978,-0.0840849419273049
"4596","20074.16",4596,7093096,0.649177534861949
"4597","20074.16",4597,7093811,-0.175258422296846
"4598","20074.16",4598,7094290,0.0544195763905044
"4599","20074.16",4599,7094623,0.224256866882761
"4600","20074.16",4600,7095570,0.321210360066892
"4601","20074.16",4601,7096137,0.360153270684612
"4602","20074.16",4602,7101390,-0.375579569916088
"4603","20074.16",4603,7107356,0.84174378503916
"4604","20074.16",4604,7107547,0.811960436654316
"4605","20074.16",4605,7107727,-0.299716398321926
"4606","20074.16",4606,7108127,-0.730436140541899
"4607","20074.16",4607,7108477,-0.393737815465784
"4608","20074.16",4608,7109009,0.384578880934179
"4609","20074.16",4609,7109363,0.706520914781895
"4610","20074.16",4610,7110314,0.162879861427418
"4611","20074.16",4611,7112696,0.293614183520746
"4612","20074.16",4612,7112762,0.599920609801907
"4613","20074.16",4613,7112857,-0.525094462920912
"4614","20074.16",4614,7113223,0.0469574061359239
"4615","20074.16",4615,7113413,0.312707283640619
"4616","20074.16",4616,7113623,-1.01892351250774
"4617","20074.16",4617,7114043,0.0908750417410173
"4618","20074.16",4618,7114680,-0.324388529380656
"4619","20074.16",4619,7114794,0.436381741624561
"4620","20074.16",4620,7114879,0.858217848582485
"4621","20074.16",4621,7115016,-0.335811521110486
"4622","20074.16",4622,7115290,-0.192176325411705
"4623","20074.16",4623,7115290,-0.203373463074865
"4624","20074.16",4624,7115334,-0.119193918121221
"4625","20074.16",4625,7115463,0.215131696074958
"4626","20074.16",4626,7115494,-0.540268299596938
"4627","20074.16",4627,7115496,0.0821718636045023
"4628","20074.16",4628,7115719,0.806093240103167
"4629","20074.16",4629,7115754,0.494809418740258
"4630","20074.16",4630,7118049,-0.263929069426183
"4631","20074.16",4631,7118113,-0.602187305476629
"4632","20074.16",4632,7118222,-0.111238549639846
"4633","20074.16",4633,7118269,-0.227000724455087
"4634","20074.16",4634,7119600,0.344253834632716
"4635","20074.16",4635,7120669,-0.440198706377919
"4636","20074.16",4636,7122301,0.0106539403009469
"4637","20074.16",4637,7122633,-0.0844258373531206
"4638","20074.16",4638,7122874,0.491672024543367
"4639","20074.16",4639,7123726,-0.278387441628063
"4640","20074.16",4640,7130600,0.707274345566378
"4641","20074.16",4641,7130975,0.226625720162488
"4642","20074.16",4642,7131614,0.521665108127272
"4643","20074.16",4643,7132183,0.731944978863434
"4644","20074.16",4644,7132743,0.0393680808818617
"4645","20074.16",4645,7132999,0.222570365409987
"4646","20074.16",4646,7133248,0.0938017618521121
"4647","20074.16",4647,7133291,-0.59278081005194
"4648","20074.16",4648,7137656,-1.68307276126546
"4649","20074.16",4649,7138079,-0.79911908873082
"4650","20074.16",4650,7138505,0.238534243230118
"4651","20074.16",4651,7138654,-0.689973635298972
"4652","20074.16",4652,7138711,0.143089714015134
"4653","20074.16",4653,7143815,1.06538181026131
"4654","20074.16",4654,7143879,0.806914477328285
"4655","20074.16",4655,7144123,0.327668313997127
"4656","20074.16",4656,7144325,0.0775424811119532
"4657","20074.16",4657,7145567,-0.0219530500311222
"4658","20074.16",4658,7145682,-0.887172759492316
"4659","20074.16",4659,7146080,0.380960477810214
"4660","20074.16",4660,7146164,0.864754514133822
"4661","20074.16",4661,7146269,0.567305993167509
"4662","20074.16",4662,7146310,0.230831069109016
"4663","20074.16",4663,7146377,0.547628921669003
"4664","20074.16",4664,7146431,0.302157187211727
"4665","20074.16",4665,7146477,0.185215932219775
"4666","20074.16",4666,7146491,-0.543705507125944
"4667","20074.16",4667,7146657,-0.144833728147638
"4668","20074.16",4668,7147015,0.441937859526145
"4669","20074.16",4669,7148537,-0.00641429115687409
"4670","20074.16",4670,7149352,-0.430473223676991
"4671","20074.16",4671,7149575,0.0216339251132407
"4672","20074.16",4672,7149864,-0.117567489417122
"4673","20074.16",4673,7151384,0.0760471027788174
"4674","20074.16",4674,7151508,-0.147390447217114
"4675","20074.16",4675,7151571,0.359955605875052
"4676","20074.16",4676,7152170,0.450602819429755
"4677","20074.16",4677,7152530,-0.0374286622868532
"4678","20074.16",4678,7152831,0.132942957337497
"4679","20074.16",4679,7153264,0.175469399834178
"4680","20074.16",4680,7153297,-0.176146691240738
"4681","20074.16",4681,7154181,-0.052491213474811
"4682","20074.16",4682,7156382,0.60555262400548
"4683","20074.16",4683,7156683,0.59709800938895
"4684","20074.16",4684,7156701,-0.72138023537464
"4685","20074.16",4685,7156753,0.178533513358245
"4686","20074.16",4686,7158606,0.62329374551615
"4687","20074.16",4687,7158697,0.253111248039869
"4688","20074.16",4688,7158726,0.899024701433869
"4689","20074.16",4689,7160395,0.0899431167383842
"4690","20074.16",4690,7160619,0.0528755028320864
"4691","20074.16",4691,7161328,0.36430143075177
"4692","20074.16",4692,7161357,0.344114109248703
"4693","20074.16",4693,7161574,0.738888267241287
"4694","20074.16",4694,7161598,0.170547622958416
"4695","20074.16",4695,7161647,0.419454604502431
"4696","20074.16",4696,7161682,-0.0204129845925349
"4697","20074.16",4697,7161948,0.33487253367588
"4698","20074.16",4698,7162109,0.201607984554149
"4699","20074.16",4699,7162125,0.448421153617436
"4700","20074.16",4700,7162589,0.0198919478081425
"4701","20074.16",4701,7163263,-2.05469559524916
"4702","20074.16",4702,7163295,-0.00079194997559906
"4703","20074.16",4703,7164841,1.03012485910154
"4704","20074.16",4704,7165318,-1.96965211629999
"4705","20074.16",4705,7165370,0.223843939055516
"4706","20074.16",4706,7165413,0.229080793850182
"4707","20074.16",4707,7167535,0.67763016596773
"4708","20074.16",4708,7167823,0.00330713610408395
"4709","20074.16",4709,7167886,0.426210490271361
"4710","20074.16",4710,7168377,-1.57927396091938
"4711","20074.16",4711,7168505,-0.704322187102003
"4712","20074.16",4712,7169430,-0.0381785659900586
"4713","20074.16",4713,7169901,-0.303714596485437
"4714","20074.16",4714,7170088,0.477474540966388
"4715","20074.16",4715,7170425,-0.154337644084975
"4716","20074.16",4716,7170959,0.419720802844949
"4717","20074.16",4717,7175778,0.826657278060613
"4718","20074.16",4718,7176265,-0.196428507115084
"4719","20074.16",4719,7176663,0.463516069365903
"4720","20074.16",4720,7177220,1.06987355248335
"4721","20074.16",4721,7177260,0.0494942383018042
"4722","20074.16",4722,7178496,0.0124944668710478
"4723","20074.16",4723,7178512,-0.408700778477503
"4724","20074.16",4724,7183345,-0.113147654720325
"4725","20074.16",4725,7183411,0.44912754211481
"4726","20074.16",4726,7183990,-0.585667858282972
"4727","20074.16",4727,7184317,-0.185037599096962
"4728","20074.16",4728,7185152,0.358208166160305
"4729","20074.16",4729,7185304,-0.14232581437971
"4730","20074.16",4730,7186902,0.367269094428791
"4731","20074.16",4731,7187703,0.389805639117351
"4732","20074.16",4732,7187946,-0.176032686867561
"4733","20074.16",4733,7188102,0.393547019699789
"4734","20074.16",4734,7188253,0.0508038104022122
"4735","20074.16",4735,7188323,-0.377707425045188
"4736","20074.16",4736,7188361,0.844539113380047
"4737","20074.16",4737,7188406,0.563377684901504
"4738","20074.16",4738,7190897,-0.313843616204041
"4739","20074.16",4739,7192634,-0.0110886575790765
"4740","20074.16",4740,7193866,-0.224750615957334
"4741","20074.16",4741,7194191,-0.933254924988742
"4742","20074.16",4742,7195082,-0.395761667261822
"4743","20074.16",4743,7195141,0.513712350189404
"4744","20074.16",4744,7196111,-0.575526291026268
"4745","20074.16",4745,7196614,0.150216920894447
"4746","20074.16",4746,7197347,0.0206836680204532
"4747","20074.16",4747,7197486,0.129931237831497
"4748","20074.16",4748,7198108,-0.687380338879663
"4749","20074.16",4749,7198198,-0.279409348033031
"4750","20074.16",4750,7198477,1.04061389225803
"4751","20074.16",4751,7198491,0.438667068645889
"4752","20074.16",4752,7200594,0.0947924706488896
"4753","20074.16",4753,7201422,-0.32237175342657
"4754","20074.16",4754,7201445,-0.0519886266853504
"4755","20074.16",4755,7203139,-0.188616008221392
"4756","20074.16",4756,7203680,-1.81293063331945
"4757","20074.16",4757,7203953,0.316737659797689
"4758","20074.16",4758,7204234,-0.797016877230631
"4759","20074.16",4759,7204294,0.00749365825177151
"4760","20074.16",4760,7204549,-0.340857558394973
"4761","20074.16",4761,7206780,0.523924430567685
"4762","20074.16",4762,7207181,0.425716614667276
"4763","20074.16",4763,7207573,0.501312716143896
"4764","20074.16",4764,7207910,0.840029844324776
"4765","20074.16",4765,7208395,0.0456257736513086
"4766","20074.16",4766,7208598,0.97908176429864
"4767","20074.16",4767,7209208,1.70259200880892
"4768","20074.16",4768,7209247,0.906862926435593
"4769","20074.16",4769,7209267,1.31613639354128
"4770","20074.16",4770,7211575,0.215102772784721
"4771","20074.16",4771,7211691,0.505966199305926
"4772","20074.16",4772,7211951,-0.114436813029234
"4773","20074.16",4773,7212339,-0.20782430385832
"4774","20074.16",4774,7212786,0.117003795508944
"4775","20074.16",4775,7212945,0.371110257956778
"4776","20074.16",4776,7213099,-0.0110052083914134
"4777","20074.16",4777,7213251,1.03752866360906
"4778","20074.16",4778,7213392,0.787170244911388
"4779","20074.16",4779,7213617,0.220264465115589
"4780","20074.16",4780,7214560,-0.274235969690102
"4781","20074.16",4781,7215380,-0.015373250838028
"4782","20074.16",4782,7216615,-0.0371982880296029
"4783","20074.16",4783,7218953,-0.331738863985511
"4784","20074.16",4784,7220159,1.05633318455599
"4785","20074.16",4785,7220265,0.570342656935744
"4786","20074.16",4786,7220742,1.50650663769636
"4787","20074.16",4787,7223669,-0.67540372736579
"4788","20074.16",4788,7224838,0.272980298126577
"4789","20074.16",4789,7225298,0.167093877042589
"4790","20074.16",4790,7225328,0.539047806420103
"4791","20074.16",4791,7225456,0.511844944990844
"4792","20074.16",4792,7225589,-0.373879224270133
"4793","20074.16",4793,7227122,0.870414350047471
"4794","20074.16",4794,7227266,-1.87874603595679
"4795","20074.16",4795,7227735,-0.346151576493559
"4796","20074.16",4796,7227799,0.338914585940121
"4797","20074.16",4797,7228294,-0.161954911634115
"4798","20074.16",4798,7228540,-0.148173381062227
"4799","20074.16",4799,7230346,-0.966923742374962
"4800","20074.16",4800,7230643,-0.753267832743217
"4801","20074.16",4801,7233109,-0.690057654737902
"4802","20074.16",4802,7233850,0.166097882120226
"4803","20074.16",4803,7234339,0.276104710964058
"4804","20074.16",4804,7237955,0.341089723767154
"4805","20074.16",4805,7238246,-0.302011590943733
"4806","20074.16",4806,7238261,-0.284007649978607
"4807","20074.16",4807,7238298,-0.458408807238926
"4808","20074.16",4808,7238357,-0.406885755208959
"4809","20074.16",4809,7238623,0.5950452306951
"4810","20074.16",4810,7238657,0.96723717631502
"4811","20074.16",4811,7240602,-0.072609612632128
"4812","20074.16",4812,7240744,-0.021803492477031
"4813","20074.16",4813,7240801,0.746549721762533
"4814","20074.16",4814,7241788,-0.256798529244457
"4815","20074.16",4815,7242241,0.0591306345646725
"4816","20074.16",4816,7242578,-0.145014367944674
"4817","20074.16",4817,7242772,0.105275631342543
"4818","20074.16",4818,7243134,-0.710495733288008
"4819","20074.16",4819,7243251,0.559895618470356
"4820","20074.16",4820,7243271,0.107870140424881
"4821","20074.16",4821,7243312,0.379680913100306
"4822","20074.16",4822,7243756,0.725262881642657
"4823","20074.16",4823,7243788,-0.34341345154608
"4824","20074.16",4824,7247074,-0.790225166678981
"4825","20074.16",4825,7247154,0.480836113983899
"4826","20074.16",4826,7247234,0.713388143241589
"4827","20074.16",4827,7247312,-0.651530785918908
"4828","20074.16",4828,7247513,-0.312879216358926
"4829","20074.16",4829,7247918,0.257891034828014
"4830","20074.16",4830,7249212,0.181678098046067
"4831","20074.16",4831,7249702,-0.5248575845523
"4832","20074.16",4832,7250550,0.0342493313292991
"4833","20074.16",4833,7250667,-0.0428598866831527
"4834","20074.16",4834,7250784,1.20459829223911
"4835","20074.16",4835,7250937,0.258293176992468
"4836","20074.16",4836,7251862,0.344911585948968
"4837","20074.16",4837,7251931,1.23200216606584
"4838","20074.16",4838,7252631,-0.484913117830705
"4839","20074.16",4839,7253187,0.450059516436638
"4840","20074.16",4840,7255666,-0.167257721292322
"4841","20074.16",4841,7255803,-0.16534583553358
"4842","20074.16",4842,7256607,0.175363387784711
"4843","20074.16",4843,7257597,0.546016701265095
"4844","20074.16",4844,7259005,-0.104459246996204
"4845","20074.16",4845,7260432,-0.00237114307063369
"4846","20074.16",4846,7262053,-0.189029599816423
"4847","20074.16",4847,7262098,-0.143333064215255
"4848","20074.16",4848,7262862,0.194231398611949
"4849","20074.16",4849,7262892,1.25808232483353
"4850","20074.16",4850,7262965,0.56969538805416
"4851","20074.16",4851,7263166,0.843946611688806
"4852","20074.16",4852,7263204,0.848161403028107
"4853","20074.16",4853,7263281,-0.256386399808129
"4854","20074.16",4854,7263433,0.62474339041789
"4855","20074.16",4855,7263605,0.186040411245607
"4856","20074.16",4856,7263974,-0.49088540365293
"4857","20074.16",4857,7264197,0.0195175630158735
"4858","20074.16",4858,7264782,0.962512995768889
"4859","20074.16",4859,7268450,0.199300895139063
"4860","20074.16",4860,7269152,-0.385622592997049
"4861","20074.16",4861,7269417,0.84125993911785
"4862","20074.16",4862,7269562,-0.251316855886875
"4863","20074.16",4863,7272560,0.475444208151193
"4864","20074.16",4864,7272672,0.476119993985525
"4865","20074.16",4865,7272847,0.626825497812502
"4866","20074.16",4866,7273056,0.0204429088163467
"4867","20074.16",4867,7273117,0.562691692920036
"4868","20074.16",4868,7273571,-0.376937798168493
"4869","20074.16",4869,7273595,0.077718130920891
"4870","20074.16",4870,7277622,-0.053942718807221
"4871","20074.16",4871,7277947,0.556920080215375
"4872","20074.16",4872,7278712,-0.0544096349415168
"4873","20074.16",4873,7281739,-0.330916594086057
"4874","20074.16",4874,7281941,0.578891981731048
"4875","20074.16",4875,7282249,0.793414758091719
"4876","20074.16",4876,7282983,-0.571737916615186
"4877","20074.16",4877,7283014,-0.0398923023598456
"4878","20074.16",4878,7283326,-0.355881457042455
"4879","20074.16",4879,7283472,0.495190291558875
"4880","20074.16",4880,7283490,0.0278571576633837
"4881","20074.16",4881,7283508,0.132723840603611
"4882","20074.16",4882,7283622,1.09673509675265
"4883","20074.16",4883,7283825,0.217126107151564
"4884","20074.16",4884,7283842,0.591068664536235
"4885","20074.16",4885,7283936,0.90025078581437
"4886","20074.16",4886,7284059,0.0141829848596995
"4887","20074.16",4887,7284517,-0.101561562906056
"4888","20074.16",4888,7284552,0.578835069284849
"4889","20074.16",4889,7287003,-0.318907009525133
"4890","20074.16",4890,7287580,0.232000090553422
"4891","20074.16",4891,7288268,0.895535608871399
"4892","20074.16",4892,7288576,-0.106565311900842
"4893","20074.16",4893,7288608,0.149884981845374
"4894","20074.16",4894,7289570,0.202647976075125
"4895","20074.16",4895,7289689,-0.12611086292975
"4896","20074.16",4896,7290324,0.205158554112277
"4897","20074.16",4897,7290513,0.0401362512027292
"4898","20074.16",4898,7291028,0.754652771165977
"4899","20074.16",4899,7291268,0.625838454785066
"4900","20074.16",4900,7291406,0.528012034837825
"4901","20074.16",4901,7291467,-0.572112204891269
"4902","20074.16",4902,7292316,0.151341489965684
"4903","20074.16",4903,7292340,-0.571238277081703
"4904","20074.16",4904,7292548,-0.309216254814335
"4905","20074.16",4905,7294509,-0.0048513155384553
"4906","20074.16",4906,7294639,0.904135089809935
"4907","20074.16",4907,7295103,0.409790406651781
"4908","20074.16",4908,7295167,-0.0288567697025455
"4909","20074.16",4909,7295633,-0.297640677927776
"4910","20074.16",4910,7295973,0.294208392785809
"4911","20074.16",4911,7296884,0.198102623776862
"4912","20074.16",4912,7297775,0.771070138027231
"4913","20074.16",4913,7298199,-0.461303686495091
"4914","20074.16",4914,7298557,0.417201839158717
"4915","20074.16",4915,7299754,0.00180191992570577
"4916","20074.16",4916,7301302,-0.397029538941197
"4917","20074.16",4917,7303223,-0.981429917450738
"4918","20074.16",4918,7303445,-0.0479814346268475
"4919","20074.16",4919,7303574,-0.206279203487583
"4920","20074.16",4920,7303835,0.321465708557894
"4921","20074.16",4921,7303842,0.128650966180842
"4922","20074.16",4922,7306857,-0.152536360867802
"4923","20074.16",4923,7306908,0.000668020302934558
"4924","20074.16",4924,7307110,0.489704200126128
"4925","20074.16",4925,7307252,0.242681806904002
"4926","20074.16",4926,7307865,0.223232082931326
"4927","20074.16",4927,7308395,-0.298832641480839
"4928","20074.16",4928,7308434,0.076976011694522
"4929","20074.16",4929,7308897,1.09935015408537
"4930","20074.16",4930,7309035,-0.444647603468836
"4931","20074.16",4931,7309161,0.409293286457408
"4932","20074.16",4932,7309339,1.75220324051649
"4933","20074.16",4933,7309525,0.610311164306663
"4934","20074.16",4934,7309932,0.534388393675832
"4935","20074.16",4935,7309991,-0.0867052819184702
"4936","20074.16",4936,7312407,-0.174302425045245
"4937","20074.16",4937,7312510,0.650114406306522
"4938","20074.16",4938,7313103,-0.0586348493709741
"4939","20074.16",4939,7313356,0.329270893001051
"4940","20074.16",4940,7314486,0.91398084783446
"4941","20074.16",4941,7317930,0.646761485304071
"4942","20074.16",4942,7318074,-0.445537163076912
"4943","20074.16",4943,7318548,-0.185672232662358
"4944","20074.16",4944,7319784,0.949283549232454
"4945","20074.16",4945,7320013,0.260284154112854
"4946","20074.16",4946,7320496,0.681822794293757
"4947","20074.16",4947,7320515,-0.255985966977867
"4948","20074.16",4948,7320788,-0.344264560372277
"4949","20074.16",4949,7320915,0.707079162068008
"4950","20074.16",4950,7321460,0.267277214947117
"4951","20074.16",4951,7325578,0.361317169328017
"4952","20074.16",4952,7325683,-0.254668082134466
"4953","20074.16",4953,7325795,0.792771264269272
"4954","20074.16",4954,7329194,-0.268078690945563
"4955","20074.16",4955,7329807,-0.483632800467555
"4956","20074.16",4956,7330858,0.133964892642648
"4957","20074.16",4957,7331433,-0.300378590169936
"4958","20074.16",4958,7333351,-0.180227214934377
"4959","20074.16",4959,7333408,-0.125827847157529
"4960","20074.16",4960,7333465,0.359057073116497
"4961","20074.16",4961,7333566,-0.479462502348725
"4962","20074.16",4962,7335060,-0.90854858001955
"4963","20074.16",4963,7335798,-0.964388528596456
"4964","20074.16",4964,7337940,-0.0201797002490176
"4965","20074.16",4965,7340429,0.90054081126278
"4966","20074.16",4966,7340454,1.1822576437277
"4967","20074.16",4967,7340471,-0.286931919577657
"4968","20074.16",4968,7340762,0.271636503432956
"4969","20074.16",4969,7340954,1.04744955625711
"4970","20074.16",4970,7342777,0.216190332411383
"4971","20074.16",4971,7343397,-0.565657243803239
"4972","20074.16",4972,7343475,0.550507839078548
"4973","20074.16",4973,7345714,0.552869181462872
"4974","20074.16",4974,7346097,-0.317881094396251
"4975","20074.16",4975,7346098,0.665065613438011
"4976","20074.16",4976,7348161,0.338043983846046
"4977","20074.16",4977,7348712,-0.144123084193675
"4978","20074.16",4978,7349373,0.519195016635593
"4979","20074.16",4979,7349630,0.167936711938236
"4980","20074.16",4980,7349950,-0.352449716162421
"4981","20074.16",4981,7349994,-0.470010460714761
"4982","20074.16",4982,7350454,-0.524235486727972
"4983","20074.16",4983,7351469,0.827802162850918
"4984","20074.16",4984,7354667,-0.200466906687986
"4985","20074.16",4985,7355258,-0.0998005261730484
"4986","20074.16",4986,7355630,0.710670311019839
"4987","20074.16",4987,7359600,-0.941779073413698
"4988","20074.16",4988,7360271,0.358785378411285
"4989","20074.16",4989,7361523,-0.437413657196504
"4990","20074.16",4990,7366369,-0.260573920110911
"4991","20074.16",4991,7366941,0.703694702401907
"4992","20074.16",4992,7367141,0.205195973575668
"4993","20074.16",4993,7369266,0.0943047378037
"4994","20074.16",4994,7369731,-0.490747017359649
"4995","20074.16",4995,7373049,-0.568838529193043
"4996","20074.16",4996,7373470,0.458453241873154
"4997","20074.16",4997,7376243,-0.743171027643004
"4998","20074.16",4998,7376319,0.305744418901688
"4999","20074.16",4999,7376801,0.349665258832565
"5000","20074.16",5000,7379339,-1.26981812365371
"5001","20074.16",5001,7381106,0.107900957724979
"5002","20074.16",5002,7381299,0.149371293612757
"5003","20074.16",5003,7388345,0.00277900976818035
"5004","20074.16",5004,7388362,0.032235104354255
"5005","20074.16",5005,7388841,-0.145456678350552
"5006","20074.16",5006,7389910,0.930848412077316
"5007","20074.16",5007,7390453,-0.493271251396704
"5008","20074.16",5008,7391018,0.0603729116438343
"5009","20074.16",5009,7392968,0.753429890351751
"5010","20074.16",5010,7395436,-0.263187185889428
"5011","20074.16",5011,7395581,0.0390879279651459
"5012","20074.16",5012,7397796,0.913966382927364
"5013","20074.16",5013,7397851,0.584991709095623
"5014","20074.16",5014,7398029,0.804823117775487
"5015","20074.16",5015,7398556,0.238443086735344
"5016","20074.16",5016,7398582,1.08276680117493
"5017","20074.16",5017,7398995,-0.275724415261867
"5018","20074.16",5018,7399120,-0.092574890129689
"5019","20074.16",5019,7399589,0.22789897006854
"5020","20074.16",5020,7401046,0.459570467893351
"5021","20074.16",5021,7401712,-0.506876133346245
"5022","20074.16",5022,7402354,-0.232476248202054
"5023","20074.16",5023,7403079,-0.660572384078895
"5024","20074.16",5024,7403359,-0.216724821428046
"5025","20074.16",5025,7403932,-0.0221228404564586
"5026","20074.16",5026,7405207,-0.461795813005987
"5027","20074.16",5027,7405471,0.165709350152364
"5028","20074.16",5028,7407095,0.481431102334443
"5029","20074.16",5029,7409704,0.364770549882173
"5030","20074.16",5030,7411734,-0.404698038895478
"5031","20074.16",5031,7411770,0.36288657337601
"5032","20074.16",5032,7412450,-0.108620371386454
"5033","20074.16",5033,7413355,-0.161347741375577
"5034","20074.16",5034,7413393,0.130059909684707
"5035","20074.16",5035,7413535,-0.397707577060489
"5036","20074.16",5036,7415784,0.922654053201565
"5037","20074.16",5037,7415952,-0.0220055117584055
"5038","20074.16",5038,7416170,-0.123525390420554
"5039","20074.16",5039,7416231,1.0252046053566
"5040","20074.16",5040,7416579,-0.166934009806904
"5041","20074.16",5041,7416598,0.17182048576228
"5042","20074.16",5042,7416996,1.27167812740355
"5043","20074.16",5043,7417420,0.402512557837249
"5044","20074.16",5044,7418298,0.487236699319648
"5045","20074.16",5045,7419702,-0.238056457097512
"5046","20074.16",5046,7420339,0.741300040255603
"5047","20074.16",5047,7420635,-0.192565044550309
"5048","20074.16",5048,7421353,0.380961207071995
"5049","20074.16",5049,7421895,0.260978320839075
"5050","20074.16",5050,7422480,-0.0608720281403414
"5051","20074.16",5051,7427025,0.109948676877485
"5052","20074.16",5052,7427248,-0.867545062551003
"5053","20074.16",5053,7427636,-0.108815389152038
"5054","20074.16",5054,7427842,0.348203905866749
"5055","20074.16",5055,7433339,-0.375606050046605
"5056","20074.16",5056,7434141,-0.342511226859825
"5057","20074.16",5057,7434250,0.483812127834208
"5058","20074.16",5058,7435150,0.0507457364922077
"5059","20074.16",5059,7435165,-0.393546673418053
"5060","20074.16",5060,7435373,0.322495605358493
"5061","20074.16",5061,7435626,-0.608604387929796
"5062","20074.16",5062,7436126,-1.10808604080015
"5063","20074.16",5063,7436684,-0.339457255655218
"5064","20074.16",5064,7436688,0.0407092556486743
"5065","20074.16",5065,7441344,0.100784838601983
"5066","20074.16",5066,7441426,0.501817016723515
"5067","20074.16",5067,7441851,-0.144990922412457
"5068","20074.16",5068,7442293,0.685439348008615
"5069","20074.16",5069,7442412,0.422024042415903
"5070","20074.16",5070,7442494,-0.0605594343369713
"5071","20074.16",5071,7445794,0.721568753795737
"5072","20074.16",5072,7446343,0.586524940942504
"5073","20074.16",5073,7446472,0.912276606739595
"5074","20074.16",5074,7447356,-1.14401908134377
"5075","20074.16",5075,7447630,-0.140566559846948
"5076","20074.16",5076,7448194,-0.343398945498516
"5077","20074.16",5077,7448563,0.567396901768778
"5078","20074.16",5078,7448834,-0.530141620441267
"5079","20074.16",5079,7448991,0.0759444925636128
"5080","20074.16",5080,7449014,-1.0872196458668
"5081","20074.16",5081,7450546,-0.464474677414337
"5082","20074.16",5082,7450575,-0.66031601732659
"5083","20074.16",5083,7450883,-0.652682315806313
"5084","20074.16",5084,7451239,-0.0106921093776595
"5085","20074.16",5085,7451353,0.313677877273029
"5086","20074.16",5086,7451456,0.628536175156671
"5087","20074.16",5087,7451726,0.614906355519904
"5088","20074.16",5088,7451803,0.395650324729513
"5089","20074.16",5089,7455755,-0.346713351892422
"5090","20074.16",5090,7455906,-0.162151123796123
"5091","20074.16",5091,7455978,-0.19755514395173
"5092","20074.16",5092,7456341,-0.653492541429055
"5093","20074.16",5093,7456647,0.471657141799246
"5094","20074.16",5094,7456676,0.134341503349037
"5095","20074.16",5095,7456865,0.609584782788906
"5096","20074.16",5096,7458808,0.629688401113037
"5097","20074.16",5097,7458925,0.674524002492075
"5098","20074.16",5098,7459039,0.181398964445178
"5099","20074.16",5099,7459347,1.10184963120918
"5100","20074.16",5100,7459523,0.121466627807558
"5101","20074.16",5101,7459614,0.320749378744641
"5102","20074.16",5102,7459683,-0.490644007336235
"5103","20074.16",5103,7459715,0.0666855209242447
"5104","20074.16",5104,7461948,0.175845958059595
"5105","20074.16",5105,7461977,-0.00627580429895058
"5106","20074.16",5106,7462045,1.063403787449
"5107","20074.16",5107,7462074,1.196035043985
"5108","20074.16",5108,7462101,0.753195001765101
"5109","20074.16",5109,7462597,-0.434204723120947
"5110","20074.16",5110,7462622,-0.414159819258762
"5111","20074.16",5111,7463376,-0.140446713253392
"5112","20074.16",5112,7464386,-0.820754844841574
"5113","20074.16",5113,7465748,0.502073284113508
"5114","20074.16",5114,7467489,0.446921706484184
"5115","20074.16",5115,7467618,0.414352828282644
"5116","20074.16",5116,7468262,0.0713245698143918
"5117","20074.16",5117,7468508,0.543763768862486
"5118","20074.16",5118,7469292,0.369248056456562
"5119","20074.16",5119,7471036,-0.159794355990989
"5120","20074.16",5120,7471295,-0.762976326599384
"5121","20074.16",5121,7471606,-0.216808345897675
"5122","20074.16",5122,7471667,0.513347386471904
"5123","20074.16",5123,7471765,0.181852539236616
"5124","20074.16",5124,7471779,-0.0923904594936555
"5125","20074.16",5125,7475872,-0.421829298042042
"5126","20074.16",5126,7476605,-0.624844830858145
"5127","20074.16",5127,7476725,0.299631864873283
"5128","20074.16",5128,7476875,-0.32235536873958
"5129","20074.16",5129,7477467,-0.0852970675687157
"5130","20074.16",5130,7478257,-0.0945766363652476
"5131","20074.16",5131,7479067,0.576014927176655
"5132","20074.16",5132,7479132,0.260650429140923
"5133","20074.16",5133,7479186,-0.317474213432941
"5134","20074.16",5134,7479647,0.858788607115385
"5135","20074.16",5135,7479950,0.483084606069936
"5136","20074.16",5136,7480146,-0.939415311340046
"5137","20074.16",5137,7480868,-0.602331245713764
"5138","20074.16",5138,7482859,0.00575130448625583
"5139","20074.16",5139,7483033,0.493404239331507
"5140","20074.16",5140,7484221,-0.20674138042895
"5141","20074.16",5141,7484705,-0.0427845724948286
"5142","20074.16",5142,7485329,-0.640995064141071
"5143","20074.16",5143,7486370,-0.480814967117556
"5144","20074.16",5144,7486525,0.0974761410411471
"5145","20074.16",5145,7486662,-0.0188373037138936
"5146","20074.16",5146,7487204,0.339770083410129
"5147","20074.16",5147,7491238,0.233355073067959
"5148","20074.16",5148,7491320,0.788752450800669
"5149","20074.16",5149,7491990,0.916366011572083
"5150","20074.16",5150,7492977,0.0505904503398202
"5151","20074.16",5151,7493925,0.458015065386651
"5152","20074.16",5152,7493987,0.245536506421685
"5153","20074.16",5153,7494117,1.23654645188477
"5154","20074.16",5154,7494365,-0.0683962921971322
"5155","20074.16",5155,7495186,-0.148030439256751
"5156","20074.16",5156,7497460,-0.0585310394306289
"5157","20074.16",5157,7497702,-0.334131076103591
"5158","20074.16",5158,7498060,1.16312939726385
"5159","20074.16",5159,7499300,-1.02436490374565
"5160","20074.16",5160,7499653,-0.73872967018367
"5161","20074.16",5161,7501587,0.111911396170592
"5162","20074.16",5162,7504546,0.692424942740787
"5163","20074.16",5163,7504587,-1.26152196277395
"5164","20074.16",5164,7504596,0.928130916667345
"5165","20074.16",5165,7504670,1.19562600315562
"5166","20074.16",5166,7504850,-2.2061109225555
"5167","20074.16",5167,7504854,-1.20352476187462
"5168","20074.16",5168,7504906,0.528454021859122
"5169","20074.16",5169,7505029,0.724066470361016
"5170","20074.16",5170,7505082,0.555691165291983
"5171","20074.16",5171,7505379,1.01834070493184
"5172","20074.16",5172,7505889,0.346408585136902
"5173","20074.16",5173,7508250,-0.958193725837646
"5174","20074.16",5174,7508433,-0.00054692136872525
"5175","20074.16",5175,7508735,0.39122068113346
"5176","20074.16",5176,7508784,-0.232045372296318
"5177","20074.16",5177,7512849,0.314747239037556
"5178","20074.16",5178,7513743,0.715745550656464
"5179","20074.16",5179,7514139,0.177109309126667
"5180","20074.16",5180,7514268,0.300360315161263
"5181","20074.16",5181,7514442,-0.241154612121398
"5182","20074.16",5182,7515258,0.569102707034719
"5183","20074.16",5183,7515283,0.733607124903668
"5184","20074.16",5184,7515902,0.0506387109555977
"5185","20074.16",5185,7516830,0.232314631490257
"5186","20074.16",5186,7518360,0.531491885116671
"5187","20074.16",5187,7519393,0.477885265538759
"5188","20074.16",5188,7519442,-0.102100669362002
"5189","20074.16",5189,7519689,0.188310463402364
"5190","20074.16",5190,7519844,0.0635865652019776
"5191","20074.16",5191,7520235,0.544395015527921
"5192","20074.16",5192,7520276,-0.303999715920185
"5193","20074.16",5193,7522337,0.255979242937488
"5194","20074.16",5194,7522361,0.743658842164696
"5195","20074.16",5195,7522550,-0.151739171925619
"5196","20074.16",5196,7522587,0.204915780461792
"5197","20074.16",5197,7522629,-1.21632505896975
"5198","20074.16",5198,7522663,0.162778891988292
"5199","20074.16",5199,7526777,-0.024630494262742
"5200","20074.16",5200,7527197,1.0187626005185
"5201","20074.16",5201,7527432,0.512783698490437
"5202","20074.16",5202,7527517,0.342398014418273
"5203","20074.16",5203,7529638,-0.345896783631473
"5204","20074.16",5204,7529765,-0.00655877104971037
"5205","20074.16",5205,7534455,-0.0484881510042907
"5206","20074.16",5206,7534782,0.389952682885919
"5207","20074.16",5207,7534930,-0.0173548955314766
"5208","20074.16",5208,7534999,0.497986382556008
"5209","20074.16",5209,7535142,0.00437441316750764
"5210","20074.16",5210,7535158,0.614545577088449
"5211","20074.16",5211,7535345,0.923317812140202
"5212","20074.16",5212,7535379,0.677850562035485
"5213","20074.16",5213,7535456,0.93230968982117
"5214","20074.16",5214,7537595,0.051977470806861
"5215","20074.16",5215,7537892,0.433327580771233
"5216","20074.16",5216,7538045,-0.524259864118247
"5217","20074.16",5217,7538252,0.306946533406165
"5218","20074.16",5218,7538388,-0.0123902953075579
"5219","20074.16",5219,7538601,0.804458633147831
"5220","20074.16",5220,7538652,0.754977568734364
"5221","20074.16",5221,7539452,0.73745580296126
"5222","20074.16",5222,7539904,0.336326216008087
"5223","20074.16",5223,7542086,0.400519913832308
"5224","20074.16",5224,7542356,0.144335863597059
"5225","20074.16",5225,7542754,0.158860393442972
"5226","20074.16",5226,7544553,0.4399427679934
"5227","20074.16",5227,7544766,0.0796339328980444
"5228","20074.16",5228,7545116,0.552352066518286
"5229","20074.16",5229,7546026,0.186707008374992
"5230","20074.16",5230,7546086,-0.0481734897500807
"5231","20074.16",5231,7551706,-0.418537852314733
"5232","20074.16",5232,7552277,0.100697089874288
"5233","20074.16",5233,7554702,-0.316527928815938
"5234","20074.16",5234,7560980,0.570012133004508
"5235","20074.16",5235,7561333,-0.255979293536462
"5236","20074.16",5236,7561431,-0.350402517151158
"5237","20074.16",5237,7561459,0.055808769733944
"5238","20074.16",5238,7565833,0.65948046758819
"5239","20074.16",5239,7566371,-1.14598509806138
"5240","20074.16",5240,7567128,-0.466902593960683
"5241","20074.16",5241,7569132,-0.330931455191786
"5242","20074.16",5242,7571292,0.913823691241322
"5243","20074.16",5243,7571355,0.269113299442021
"5244","20074.16",5244,7571627,-1.40086854001247
"5245","20074.16",5245,7573089,0.0113162768045072
"5246","20074.16",5246,7573395,-0.273773137124124
"5247","20074.16",5247,7573428,-0.65055306793548
"5248","20074.16",5248,7575225,0.48299328619036
"5249","20074.16",5249,7575288,0.237513488939013
"5250","20074.16",5250,7575427,-0.0809320983053716
"5251","20074.16",5251,7576347,-0.400178523994946
"5252","20074.16",5252,7576647,0.567207158515621
"5253","20074.16",5253,7576968,0.519384210780111
"5254","20074.16",5254,7581318,-0.434666807991592
"5255","20074.16",5255,7585142,-0.0848187149223998
"5256","20074.16",5256,7586678,-0.0709881209893082
"5257","20074.16",5257,7587396,-0.364358091644728
"5258","20074.16",5258,7587455,-0.262913467081137
"5259","20074.16",5259,7587513,-0.0484946047918768
"5260","20074.16",5260,7590052,0.43000140722642
"5261","20074.16",5261,7590374,-0.642302992312812
"5262","20074.16",5262,7591195,0.760388581682425
"5263","20074.16",5263,7591417,0.389993270790741
"5264","20074.16",5264,7591507,-1.22501317572198
"5265","20074.16",5265,7591545,0.717193175251565
"5266","20074.16",5266,7591941,0.11492078028917
"5267","20074.16",5267,7592007,-1.22981944762704
"5268","20074.16",5268,7592082,-0.344533158650585
"5269","20074.16",5269,7592146,-0.237911068554772
"5270","20074.16",5270,7592161,-0.396397528296287
"5271","20074.16",5271,7592893,-0.317045865043059
"5272","20074.16",5272,7593575,0.416528042192344
"5273","20074.16",5273,7594958,0.338078695820248
"5274","20074.16",5274,7595195,0.226176958093583
"5275","20074.16",5275,7595523,-0.836006857269923
"5276","20074.16",5276,7595643,0.440316721453571
"5277","20074.16",5277,7595678,0.257188019145064
"5278","20074.16",5278,7595701,0.82955352531601
"5279","20074.16",5279,7595920,0.647648812159445
"5280","20074.16",5280,7598805,-0.3964571253006
"5281","20074.16",5281,7599219,-0.259434309887064
"5282","20074.16",5282,7599271,0.642565864801203
"5283","20074.16",5283,7599317,0.825634559753683
"5284","20074.16",5284,7599513,0.560178808912528
"5285","20074.16",5285,7601942,-0.351554536965579
"5286","20074.16",5286,7603668,-0.0483659402642882
"5287","20074.16",5287,7604466,0.24508091529736
"5288","20074.16",5288,7605346,0.366038412485811
"5289","20074.16",5289,7605411,0.208220021154842
"5290","20074.16",5290,7605423,0.241522094576504
"5291","20074.16",5291,7605762,0.598764822766472
"5292","20074.16",5292,7605888,0.0149691832893053
"5293","20074.16",5293,7606145,-0.275829499582287
"5294","20074.16",5294,7606296,0.597293420076995
"5295","20074.16",5295,7606846,0.0631213293498911
"5296","20074.16",5296,7607112,1.62988944708617
"5297","20074.16",5297,7609441,0.0095826486315227
"5298","20074.16",5298,7609540,0.0551085956676181
"5299","20074.16",5299,7609743,0.0691408638064441
"5300","20074.16",5300,7609763,-0.184934956734149
"5301","20074.16",5301,7609912,0.751325385044997
"5302","20074.16",5302,7610377,0.469418745190983
"5303","20074.16",5303,7611156,0.682652682272201
"5304","20074.16",5304,7611378,0.668139152546632
"5305","20074.16",5305,7611668,-0.924984775449459
"5306","20074.16",5306,7611949,0.785984625492827
"5307","20074.16",5307,7611973,-0.0105250252375901
"5308","20074.16",5308,7612508,0.238353906787625
"5309","20074.16",5309,7613177,-0.0661451552777068
"5310","20074.16",5310,7613401,0.322981130553742
"5311","20074.16",5311,7613488,0.185179354132801
"5312","20074.16",5312,7614083,-0.84667031863461
"5313","20074.16",5313,7614876,-0.0908579292917446
"5314","20074.16",5314,7615006,0.110781398099841
"5315","20074.16",5315,7615043,0.0536843173508981
"5316","20074.16",5316,7619277,-0.126102386790216
"5317","20074.16",5317,7619665,-0.672216664879646
"5318","20074.16",5318,7620546,-0.118348412189441
"5319","20074.16",5319,7620560,0.084888316808824
"5320","20074.16",5320,7620607,-0.423839828258444
"5321","20074.16",5321,7621420,0.648862051594414
"5322","20074.16",5322,7622228,-0.252400809377245
"5323","20074.16",5323,7622241,0.115240291590299
"5324","20074.16",5324,7622349,0.173225092658971
"5325","20074.16",5325,7622365,-0.166410944006013
"5326","20074.16",5326,7622376,-0.497586944214055
"5327","20074.16",5327,7624045,0.116072421583095
"5328","20074.16",5328,7624056,0.176684385743674
"5329","20074.16",5329,7624154,0.194561383592665
"5330","20074.16",5330,7624605,-0.034469040675039
"5331","20074.16",5331,7624831,0.351621748179414
"5332","20074.16",5332,7625511,0.249289189298074
"5333","20074.16",5333,7626267,0.546372483096943
"5334","20074.16",5334,7626345,0.0645144266585733
"5335","20074.16",5335,7626636,0.75901489106998
"5336","20074.16",5336,7626977,-0.0144709446565869
"5337","20074.16",5337,7627098,0.193720791816664
"5338","20074.16",5338,7627947,0.767397122340156
"5339","20074.16",5339,7628163,-0.0150397534261968
"5340","20074.16",5340,7629526,-0.743555152050159
"5341","20074.16",5341,7630080,0.393776199813046
"5342","20074.16",5342,7631319,0.152719835073828
"5343","20074.16",5343,7631486,0.072515029093113
"5344","20074.16",5344,7632230,1.53337131608571
"5345","20074.16",5345,7632945,1.66378408833831
"5346","20074.16",5346,7633105,0.190439964943153
"5347","20074.16",5347,7633193,-0.379269420504852
"5348","20074.16",5348,7633263,0.200221811443428
"5349","20074.16",5349,7633362,0.463897985412339
"5350","20074.16",5350,7633594,0.261217987437941
"5351","20074.16",5351,7634642,0.347475112352854
"5352","20074.16",5352,7636371,0.365225136348593
"5353","20074.16",5353,7636423,0.451495989069815
"5354","20074.16",5354,7636718,0.311761443528245
"5355","20074.16",5355,7637389,0.101610102774726
"5356","20074.16",5356,7637769,-0.84115613327581
"5357","20074.16",5357,7638519,-0.147283681517161
"5358","20074.16",5358,7638597,0.381759021707084
"5359","20074.16",5359,7638613,0.712746326442583
"5360","20074.16",5360,7638949,-0.281584224205475
"5361","20074.16",5361,7641101,-0.0535701626439229
"5362","20074.16",5362,7642591,-0.223786778640361
"5363","20074.16",5363,7643248,-0.852162919656914
"5364","20074.16",5364,7645397,0.303052868742024
"5365","20074.16",5365,7647298,0.369494882322638
"5366","20074.16",5366,7649234,0.638812833064354
"5367","20074.16",5367,7652969,-0.388118014822843
"5368","20074.16",5368,7653144,0.151462335707673
"5369","20074.16",5369,7653804,1.18392319506486
"5370","20074.16",5370,7653826,0.195463426463201
"5371","20074.16",5371,7658182,0.0644986150917797
"5372","20074.16",5372,7658910,-0.0356872802431161
"5373","20074.16",5373,7660946,0.0149176137475777
"5374","20074.16",5374,7664102,-0.0196692701440675
"5375","20074.16",5375,7664875,0.884305835978506
"5376","20074.16",5376,7665389,1.23839759876979
"5377","20074.16",5377,7665892,0.170573975960992
"5378","20074.16",5378,7666088,-0.757766452645854
"5379","20074.16",5379,7666200,-0.482858725393882
"5380","20074.16",5380,7666391,-0.171973011663408
"5381","20074.16",5381,7668396,0.745833136743305
"5382","20074.16",5382,7668949,-0.270580705392121
"5383","20074.16",5383,7669000,-0.080404836297773
"5384","20074.16",5384,7669131,0.412772413906896
"5385","20074.16",5385,7669145,0.763734855870738
"5386","20074.16",5386,7670999,-0.307635163411226
"5387","20074.16",5387,7672245,0.000272964390259034
"5388","20074.16",5388,7672491,0.314766593764367
"5389","20074.16",5389,7676545,-0.132176902739114
"5390","20074.16",5390,7676816,-0.502519899196394
"5391","20074.16",5391,7678296,-0.436632443123461
"5392","20074.16",5392,7680568,-0.69779369254929
"5393","20074.16",5393,7682605,0.112005151969559
"5394","20074.16",5394,7682717,-0.0244592712272995
"5395","20074.16",5395,7683677,0.272223131711862
"5396","20074.16",5396,7683850,-0.17025866321143
"5397","20074.16",5397,7685783,0.224768524291404
"5398","20074.16",5398,7686136,-0.76286791463675
"5399","20074.16",5399,7688695,0.373231928260581
"5400","20074.16",5400,7689107,-0.451269072590654
"5401","20074.16",5401,7689171,1.43936363623337
"5402","20074.16",5402,7690071,-0.90078176333764
"5403","20074.16",5403,7690523,0.280420028337454
"5404","20074.16",5404,7691995,0.173076145224751
"5405","20074.16",5405,7692186,-0.40621088899291
"5406","20074.16",5406,7692258,-0.292791303931323
"5407","20074.16",5407,7693274,0.636031597962584
"5408","20074.16",5408,7693290,0.657565890242089
"5409","20074.16",5409,7695607,-0.097482032936175
"5410","20074.16",5410,7696605,0.621872441483743
"5411","20074.16",5411,7697376,-0.68384837599441
"5412","20074.16",5412,7697799,0.768401778445566
"5413","20074.16",5413,7698064,0.597940944338796
"5414","20074.16",5414,7698814,0.329608978940937
"5415","20074.16",5415,7699338,0.143686892467434
"5416","20074.16",5416,7700613,-0.0886560174045306
"5417","20074.16",5417,7701180,-0.410044812763669
"5418","20074.16",5418,7702748,0.0866568261573502
"5419","20074.16",5419,7702790,-0.43300393212391
"5420","20074.16",5420,7702811,-0.471599087479082
"5421","20074.16",5421,7704203,-0.530869259349085
"5422","20074.16",5422,7704293,-1.1672050090013
"5423","20074.16",5423,7704408,-0.5490703151507
"5424","20074.16",5424,7707919,-0.541240413754724
"5425","20074.16",5425,7708020,-0.203568762359864
"5426","20074.16",5426,7708034,-0.554492604694645
"5427","20074.16",5427,7708591,-0.371119606753156
"5428","20074.16",5428,7708745,-0.0806315915381672
"5429","20074.16",5429,7709185,0.025170341423804
"5430","20074.16",5430,7709203,0.0668525450636945
"5431","20074.16",5431,7709536,0.422723803981746
"5432","20074.16",5432,7709789,-0.0912591427773295
"5433","20074.16",5433,7710059,0.893960873961789
"5434","20074.16",5434,7710278,-0.082026804427442
"5435","20074.16",5435,7710306,-0.228269802407628
"5436","20074.16",5436,7710373,-1.06167442713315
"5437","20074.16",5437,7710407,0.641878568959704
"5438","20074.16",5438,7711761,0.911613351887799
"5439","20074.16",5439,7711795,-0.145714976590344
"5440","20074.16",5440,7711896,0.87260194317097
"5441","20074.16",5441,7711988,0.388074558901081
"5442","20074.16",5442,7712012,-2.05224972945965
"5443","20074.16",5443,7712321,0.640083321279737
"5444","20074.16",5444,7712416,0.427902429690634
"5445","20074.16",5445,7712979,0.561906478617543
"5446","20074.16",5446,7713351,0.489136734756332
"5447","20074.16",5447,7713683,0.691366837669555
"5448","20074.16",5448,7713728,0.743136836864818
"5449","20074.16",5449,7713790,0.0260764137304461
"5450","20074.16",5450,7713890,-0.563146205927853
"5451","20074.16",5451,7713923,0.0724817515691232
"5452","20074.16",5452,7714820,0.309722241949522
"5453","20074.16",5453,7717206,0.415437546222154
"5454","20074.16",5454,7717328,0.348310300863187
"5455","20074.16",5455,7717450,0.438848341348147
"5456","20074.16",5456,7719873,-0.0551494664863474
"5457","20074.16",5457,7719923,0.435763773980187
"5458","20074.16",5458,7720020,0.383557970741387
"5459","20074.16",5459,7722986,-0.0935925395637405
"5460","20074.16",5460,7723572,-0.118194100972341
"5461","20074.16",5461,7724137,0.405430978761667
"5462","20074.16",5462,7726691,0.422648178441613
"5463","20074.16",5463,7726757,-0.704897115854231
"5464","20074.16",5464,7727421,-0.538135938179669
"5465","20074.16",5465,7727694,0.566167616787431
"5466","20074.16",5466,7728250,0.223498040506855
"5467","20074.16",5467,7729221,-0.498639890590069
"5468","20074.16",5468,7730342,0.298358127275605
"5469","20074.16",5469,7730365,0.051356784255244
"5470","20074.16",5470,7730631,0.179653102483046
"5471","20074.16",5471,7731389,0.435862795962845
"5472","20074.16",5472,7731452,-0.921714273896136
"5473","20074.16",5473,7733809,0.286535568542212
"5474","20074.16",5474,7735935,-0.0410418987395067
"5475","20074.16",5475,7736066,0.319208072863899
"5476","20074.16",5476,7736410,1.25046286129381
"5477","20074.16",5477,7736640,0.271272928944668
"5478","20074.16",5478,7737005,0.091416003804878
"5479","20074.16",5479,7738402,-0.205369908206357
"5480","20074.16",5480,7738939,-0.686268400979305
"5481","20074.16",5481,7741200,0.0401673004318592
"5482","20074.16",5482,7742543,-0.254665713699187
"5483","20074.16",5483,7743374,0.10795354425801
"5484","20074.16",5484,7743747,-0.233601925450696
"5485","20074.16",5485,7743960,-0.589450506245592
"5486","20074.16",5486,7744180,0.18268545007813
"5487","20074.16",5487,7744600,-0.437246708087923
"5488","20074.16",5488,7744869,-0.687225065104052
"5489","20074.16",5489,7745047,0.754835274540699
"5490","20074.16",5490,7745702,0.848394370879249
"5491","20074.16",5491,7745804,0.851372683797288
"5492","20074.16",5492,7746939,-0.781876775142502
"5493","20074.16",5493,7746972,0.546656612105882
"5494","20074.16",5494,7747729,0.245859707589438
"5495","20074.16",5495,7747800,-0.80789799493462
"5496","20074.16",5496,7747829,-0.18227660689157
"5497","20074.16",5497,7748848,0.254415399246514
"5498","20074.16",5498,7750128,0.242947866377901
"5499","20074.16",5499,7751175,-0.0565029104053734
"5500","20074.16",5500,7753350,0.31396029714934
"5501","20074.16",5501,7753381,0.185094023714298
"5502","20074.16",5502,7753601,0.186079439143274
"5503","20074.16",5503,7753704,0.411728361986275
"5504","20074.16",5504,7753761,0.962011538783892
"5505","20074.16",5505,7754746,0.210779815458898
"5506","20074.16",5506,7755208,0.0513617324573028
"5507","20074.16",5507,7755762,0.791354277273977
"5508","20074.16",5508,7756087,-0.0345695868574554
"5509","20074.16",5509,7756221,0.478028568977655
"5510","20074.16",5510,7756299,0.427020966047592
"5511","20074.16",5511,7758638,-0.428481831346672
"5512","20074.16",5512,7758948,-0.719099305489573
"5513","20074.16",5513,7759338,-0.27267368799478
"5514","20074.16",5514,7759524,-0.96282140950077
"5515","20074.16",5515,7759999,0.0765944036173556
"5516","20074.16",5516,7760395,-1.24102149717506
"5517","20074.16",5517,7760692,0.420696444516074
"5518","20074.16",5518,7760708,-0.302392064856388
"5519","20074.16",5519,7760806,-0.61142057378864
"5520","20074.16",5520,7764030,0.0352415296642796
"5521","20074.16",5521,7764199,0.183759012139665
"5522","20074.16",5522,7764296,0.837002530268321
"5523","20074.16",5523,7764517,0.459535439479143
"5524","20074.16",5524,7765396,0.0181582933386135
"5525","20074.16",5525,7765658,-0.512226723875052
"5526","20074.16",5526,7766479,-0.0226484568900425
"5527","20074.16",5527,7767262,0.129068761614707
"5528","20074.16",5528,7767392,0.108647986641714
"5529","20074.16",5529,7767770,0.272349924144932
"5530","20074.16",5530,7769193,-0.633678021650348
"5531","20074.16",5531,7769383,-1.060444318244
"5532","20074.16",5532,7770440,-0.323523597580604
"5533","20074.16",5533,7771248,-0.304554508469356
"5534","20074.16",5534,7771746,0.518326062439278
"5535","20074.16",5535,7772249,0.169605479046302
"5536","20074.16",5536,7772381,-0.400562050678152
"5537","20074.16",5537,7773250,-0.322098376460634
"5538","20074.16",5538,7773310,-0.341918930375884
"5539","20074.16",5539,7773359,-0.156362213752661
"5540","20074.16",5540,7773809,0.632475559427532
"5541","20074.16",5541,7774365,0.294061973607804
"5542","20074.16",5542,7774639,-0.232426688024379
"5543","20074.16",5543,7776124,0.600442611300202
"5544","20074.16",5544,7776364,-1.51208037290541
"5545","20074.16",5545,7776445,-0.152315872264364
"5546","20074.16",5546,7780237,-0.0850030093260026
"5547","20074.16",5547,7780973,0.135718189981682
"5548","20074.16",5548,7781807,0.130876844533797
"5549","20074.16",5549,7781828,0.42358038215136
"5550","20074.16",5550,7781985,0.231174915261009
"5551","20074.16",5551,7782009,-0.127707449888188
"5552","20074.16",5552,7782500,-0.310252180214666
"5553","20074.16",5553,7783171,-0.669898110789163
"5554","20074.16",5554,7783762,0.41569002424882
"5555","20074.16",5555,7785527,0.0310679546003145
"5556","20074.16",5556,7785724,0.677446783527887
"5557","20074.16",5557,7785864,0.904692991381077
"5558","20074.16",5558,7786088,0.140608030164972
"5559","20074.16",5559,7786394,0.344682603388613
"5560","20074.16",5560,7789145,-0.923879688153322
"5561","20074.16",5561,7789262,0.625108552747595
"5562","20074.16",5562,7789612,-0.451635012452452
"5563","20074.16",5563,7791220,0.707654961676194
"5564","20074.16",5564,7791985,-0.490622946336047
"5565","20074.16",5565,7792414,0.389952682885919
"5566","20074.16",5566,7792912,-0.148382408963657
"5567","20074.16",5567,7793284,0.595697341825221
"5568","20074.16",5568,7794344,0.426878883473418
"5569","20074.16",5569,7794465,0.293917315097576
"5570","20074.16",5570,7794964,0.00482283742660972
"5571","20074.16",5571,7796796,0.0200868085410901
"5572","20074.16",5572,7796963,0.338505980673561
"5573","20074.16",5573,7797128,0.0365699702080242
"5574","20074.16",5574,7802157,0.313620747195142
"5575","20074.16",5575,7803163,-0.906094188153835
"5576","20074.16",5576,7803429,-0.677120440903951
"5577","20074.16",5577,7803724,0.125416544922348
"5578","20074.16",5578,7804148,-0.148461951074536
"5579","20074.16",5579,7805081,0.117264584318142
"5580","20074.16",5580,7805131,-0.317712244512314
"5581","20074.16",5581,7805334,-0.387641646819622
"5582","20074.16",5582,7809602,-0.501523914512038
"5583","20074.16",5583,7810871,1.36269518092387
"5584","20074.16",5584,7811188,0.369998880058902
"5585","20074.16",5585,7811516,-0.328911183022198
"5586","20074.16",5586,7811582,-0.164045636514833
"5587","20074.16",5587,7814616,-0.187674101507912
"5588","20074.16",5588,7814841,0.792987881882234
"5589","20074.16",5589,7815002,-0.102969646981485
"5590","20074.16",5590,7817528,0.108182753981943
"5591","20074.16",5591,7817627,0.00130659933938215
"5592","20074.16",5592,7817860,0.294088382823438
"5593","20074.16",5593,7817929,0.680251866407548
"5594","20074.16",5594,7820249,0.0577677330726711
"5595","20074.16",5595,7820285,1.04127483976338
"5596","20074.16",5596,7820618,-0.295671340560401
"5597","20074.16",5597,7820854,0.438811450721418
"5598","20074.16",5598,7820885,0.243242880535345
"5599","20074.16",5599,7822707,-0.474212789728949
"5600","20074.16",5600,7823107,0.185086856337275
"5601","20074.16",5601,7824265,0.415775671955569
"5602","20074.16",5602,7824616,-0.356633455965808
"5603","20074.16",5603,7826317,-0.280839478138811
"5604","20074.16",5604,7828636,0.118804005182768
"5605","20074.16",5605,7828864,0.287430099126911
"5606","20074.16",5606,7829738,1.15823520029689
"5607","20074.16",5607,7829796,-0.809667495207077
"5608","20074.16",5608,7831214,0.0121201701728015
"5609","20074.16",5609,7834885,-0.141233471880549
"5610","20074.16",5610,7835763,-0.36323280018223
"5611","20074.16",5611,7835992,-0.476651565376952
"5612","20074.16",5612,7837453,-0.618657458363462
"5613","20074.16",5613,7839647,0.660630972360045
"5614","20074.16",5614,7839814,0.271378620341868
"5615","20074.16",5615,7840181,0.178826908715233
"5616","20074.16",5616,7840529,-0.110475364281262
"5617","20074.16",5617,7842522,0.566809929686397
"5618","20074.16",5618,7842576,-0.318945128847014
"5619","20074.16",5619,7842666,0.209585776252644
"5620","20074.16",5620,7842821,-0.85264016308555
"5621","20074.16",5621,7842883,0.534668968731194
"5622","20074.16",5622,7843415,-1.02146392691169
"5623","20074.16",5623,7844657,0.144591062924416
"5624","20074.16",5624,7847397,-0.0309825697702459
"5625","20074.16",5625,7847416,0.39059235782086
"5626","20074.16",5626,7847571,0.284665285939474
"5627","20074.16",5627,7847589,0.167895309009932
"5628","20074.16",5628,7847777,0.562243853220866
"5629","20074.16",5629,7847809,0.0430525133784023
"5630","20074.16",5630,7847834,0.548410594504136
"5631","20074.16",5631,7848001,-0.430317999792162
"5632","20074.16",5632,7848192,-0.0697694905364452
"5633","20074.16",5633,7848287,0.299088202173961
"5634","20074.16",5634,7848307,-1.14428907397089
"5635","20074.16",5635,7848340,0.581306601645166
"5636","20074.16",5636,7848500,-0.722702373242887
"5637","20074.16",5637,7849224,0.287935380260447
"5638","20074.16",5638,7849983,0.832448298876764
"5639","20074.16",5639,7850086,0.523798733193316
"5640","20074.16",5640,7853649,0.321730277040492
"5641","20074.16",5641,7853712,0.293861909100891
"5642","20074.16",5642,7853849,-1.17668365627382
"5643","20074.16",5643,7854371,0.122317321520791
"5644","20074.16",5644,7854596,0.376937839434244
"5645","20074.16",5645,7854898,0.535789532911527
"5646","20074.16",5646,7854984,0.655283286095663
"5647","20074.16",5647,7856212,-0.358170428163943
"5648","20074.16",5648,7857277,-0.404865529656117
"5649","20074.16",5649,7857425,0.244878493686543
"5650","20074.16",5650,7859277,-0.32157499063078
"5651","20074.16",5651,7861356,0.0312856032135524
"5652","20074.16",5652,7862664,-0.350840182932999
"5653","20074.16",5653,7862998,-0.0945796400017596
"5654","20074.16",5654,7863315,1.42780966069381
"5655","20074.16",5655,7863359,0.572169346235825
"5656","20074.16",5656,7863389,-0.163097227864138
"5657","20074.16",5657,7863925,0.192419516296619
"5658","20074.16",5658,7872598,-0.463491693227396
"5659","20074.16",5659,7874861,0.0411054183594279
"5660","20074.16",5660,7875997,0.8697450963632
"5661","20074.16",5661,7876257,0.726349884537034
"5662","20074.16",5662,7876317,0.359772740072478
"5663","20074.16",5663,7876413,0.111420638140074
"5664","20074.16",5664,7877054,0.420068648277373
"5665","20074.16",5665,7878037,-0.607191270800328
"5666","20074.16",5666,7878491,-0.205121733213931
"5667","20074.16",5667,7882110,0.423639753325113
"5668","20074.16",5668,7883873,0.826747853919064
"5669","20074.16",5669,7884429,0.717068913190263
"5670","20074.16",5670,7885928,-0.198776489269266
"5671","20074.16",5671,7886652,0.957548024265637
"5672","20074.16",5672,7886845,0.112259805767152
"5673","20074.16",5673,7889636,0.21620670456333
"5674","20074.16",5674,7889987,0.203290671324026
"5675","20074.16",5675,7890129,-0.245632019179328
"5676","20074.16",5676,7892682,0.348702779388765
"5677","20074.16",5677,7893175,0.318223329598225
"5678","20074.16",5678,7894282,-0.145752665065759
"5679","20074.16",5679,7894335,0.19488781638433
"5680","20074.16",5680,7896313,-0.304381236596062
"5681","20074.16",5681,7902946,-0.622375151150954
"5682","20074.16",5682,7905266,-0.20852763691666
"5683","20074.16",5683,7906045,0.615520406973222
"5684","20074.16",5684,7906260,0.333800362551242
"5685","20074.16",5685,7906710,1.23488799999595
"5686","20074.16",5686,7907981,-0.0541488129341978
"5687","20074.16",5687,7908024,0.240594617483057
"5688","20074.16",5688,7908318,-0.0707724780775498
"5689","20074.16",5689,7910872,0.013471869668555
"5690","20074.16",5690,7910907,0.083300776006741
"5691","20074.16",5691,7912525,0.198267815303188
"5692","20074.16",5692,7912729,0.183439694534233
"5693","20074.16",5693,7914308,-0.174296681653824
"5694","20074.16",5694,7914668,0.548616888367293
"5695","20074.16",5695,7915055,0.255321023043853
"5696","20074.16",5696,7915151,0.157300329700414
"5697","20074.16",5697,7915422,1.1201108284689
"5698","20074.16",5698,7915513,0.245099260550513
"5699","20074.16",5699,7915516,0.155191750208114
"5700","20074.16",5700,7916181,0.125271038813104
"5701","20074.16",5701,7916277,0.219345750361163
"5702","20074.16",5702,7916874,-0.178783464263685
"5703","20074.16",5703,7921297,-0.28670519758591
"5704","20074.16",5704,7921764,-0.457530397591134
"5705","20074.16",5705,7923423,-0.0760135331416274
"5706","20074.16",5706,7923904,-0.42423071247306
"5707","20074.16",5707,7924171,-0.191158432872157
"5708","20074.16",5708,7924240,-0.439573348569892
"5709","20074.16",5709,7929573,-0.145611797455396
"5710","20074.16",5710,7929652,0.532845964757754
"5711","20074.16",5711,7929654,0.172704541732388
"5712","20074.16",5712,7929678,0.375452681817191
"5713","20074.16",5713,7931285,-0.50492881965825
"5714","20074.16",5714,7931575,0.0712807960803783
"5715","20074.16",5715,7931588,0.280451864301537
"5716","20074.16",5716,7934730,-0.366699654312999
"5717","20074.16",5717,7935030,-0.453645206429448
"5718","20074.16",5718,7935054,-0.223708276357079
"5719","20074.16",5719,7935118,0.0745429460870328
"5720","20074.16",5720,7935975,-0.338269077046353
"5721","20074.16",5721,7937227,0.339458038741918
"5722","20074.16",5722,7937251,0.20069498173297
"5723","20074.16",5723,7939011,-0.428346508662646
"5724","20074.16",5724,7939150,0.400197993301783
"5725","20074.16",5725,7939769,-0.346055071038104
"5726","20074.16",5726,7940295,-0.799755953879203
"5727","20074.16",5727,7940349,-0.147058610460536
"5728","20074.16",5728,7940588,0.236267431642337
"5729","20074.16",5729,7940773,0.596028684181962
"5730","20074.16",5730,7946414,-0.637848325259678
"5731","20074.16",5731,7947098,0.245278150895587
"5732","20074.16",5732,7947952,-0.841815594231504
"5733","20074.16",5733,7948024,-0.528174147531574
"5734","20074.16",5734,7950453,-0.289742223048621
"5735","20074.16",5735,7950615,0.441938792651903
"5736","20074.16",5736,7951312,-0.280592257077799
"5737","20074.16",5737,7951714,0.12942643836305
"5738","20074.16",5738,7951896,0.441786873799169
"5739","20074.16",5739,7952180,-0.316619692460511
"5740","20074.16",5740,7952194,-0.0376116521880761
"5741","20074.16",5741,7953403,0.191383107251444
"5742","20074.16",5742,7953482,-0.679152631771509
"5743","20074.16",5743,7953513,-0.0705566525681993
"5744","20074.16",5744,7953599,-0.444440552913897
"5745","20074.16",5745,7954970,-0.57168875819225
"5746","20074.16",5746,7957830,0.834510070927473
"5747","20074.16",5747,7958906,-0.0528278971385339
"5748","20074.16",5748,7960205,-0.238858857643661
"5749","20074.16",5749,7960814,0.45781738030558
"5750","20074.16",5750,7961786,0.279151603691861
"5751","20074.16",5751,7962449,0.043320068943423
"5752","20074.16",5752,7962467,-0.0377381865896638
"5753","20074.16",5753,7964025,-0.107051855067866
"5754","20074.16",5754,7964040,0.451587838965511
"5755","20074.16",5755,7964281,0.623600439594578
"5756","20074.16",5756,7964358,0.625004322409194
"5757","20074.16",5757,7964818,0.481052763871692
"5758","20074.16",5758,7964862,0.87298667025281
"5759","20074.16",5759,7964940,0.660695808552531
"5760","20074.16",5760,7967099,0.377135894973464
"5761","20074.16",5761,7967110,0.0326995169501174
"5762","20074.16",5762,7970424,0.00364837351166081
"5763","20074.16",5763,7970600,-0.393669962185312
"5764","20074.16",5764,7973527,-0.549808978046227
"5765","20074.16",5765,7974505,-0.0408885250518676
"5766","20074.16",5766,7974572,-0.634837680938415
"5767","20074.16",5767,7974635,0.381043231043285
"5768","20074.16",5768,7975056,-1.32266516646942
"5769","20074.16",5769,7975079,-0.586505061903154
"5770","20074.16",5770,7975098,-1.34926375586731
"5771","20074.16",5771,7975158,-0.717415178737646
"5772","20074.16",5772,7975199,-0.385402048279584
"5773","20074.16",5773,7975357,0.169017418475339
"5774","20074.16",5774,7976272,0.233123175789095
"5775","20074.16",5775,7976432,0.498625015948474
"5776","20074.16",5776,7976600,-0.0533570719230188
"5777","20074.16",5777,7977374,0.868897373819535
"5778","20074.16",5778,7979137,-0.492362460796817
"5779","20074.16",5779,7980292,-0.0783683352414641
"5780","20074.16",5780,7985294,0.114801907904928
"5781","20074.16",5781,7985915,0.327396079449707
"5782","20074.16",5782,7986445,0.830725165920378
"5783","20074.16",5783,7987091,0.180974827094976
"5784","20074.16",5784,7987380,0.729102022627935
"5785","20074.16",5785,7987743,0.345813093886535
"5786","20074.16",5786,7988021,-0.425769896724695
"5787","20074.16",5787,7988036,1.55285062315437
"5788","20074.16",5788,7988202,0.593615200161731
"5789","20074.16",5789,7988298,0.814886572560353
"5790","20074.16",5790,7988533,0.444678370140838
"5791","20074.16",5791,7988556,-0.389083843902988
"5792","20074.16",5792,7989791,-0.25430775891023
"5793","20074.16",5793,7990068,0.901154473747233
"5794","20074.16",5794,7990747,0.617449535892509
"5795","20074.16",5795,7991865,-0.154669313906525
"5796","20074.16",5796,7992047,0.170150155624508
"5797","20074.16",5797,7993514,0.119564190116597
"5798","20074.16",5798,7995283,-0.370633761540142
"5799","20074.16",5799,8000605,-0.279782842237116
"5800","20074.16",5800,8001778,-0.0136107417297247
"5801","20074.16",5801,8002959,0.72918155476484
"5802","20074.16",5802,8003362,-0.236328708689322
"5803","20074.16",5803,8004388,-0.378599775263003
"5804","20074.16",5804,8006416,0.464845753946375
"5805","20074.16",5805,8008306,-1.01102598666783
"5806","20074.16",5806,8009112,-0.094417738084685
"5807","20074.16",5807,8009354,0.0912476154700395
"5808","20074.16",5808,8009489,0.097911499470504
"5809","20074.16",5809,8009656,-0.815775321395
"5810","20074.16",5810,8011156,0.0987936003400787
"5811","20074.16",5811,8011215,0.00193258329435242
"5812","20074.16",5812,8011367,0.883306811120446
"5813","20074.16",5813,8011400,-0.231698544363211
"5814","20074.16",5814,8011846,0.733437622502298
"5815","20074.16",5815,8011922,-0.558176914970142
"5816","20074.16",5816,8012805,0.469625309083081
"5817","20074.16",5817,8016960,0.510379969049402
"5818","20074.16",5818,8018711,0.0727823607088922
"5819","20074.16",5819,8022876,0.161897743244436
"5820","20074.16",5820,8023245,0.351453125141133
"5821","20074.16",5821,8023366,0.0746783114383618
"5822","20074.16",5822,8024184,0.923110687113184
"5823","20074.16",5823,8025033,-0.78576413200708
"5824","20074.16",5824,8032460,0.0375297264944843
"5825","20074.16",5825,8033128,-0.196991172936042
"5826","20074.16",5826,8033856,-1.20852151961481
"5827","20074.16",5827,8036372,0.432545002882086
"5828","20074.16",5828,8036521,0.741635162125781
"5829","20074.16",5829,8037233,0.0297456496958892
"5830","20074.16",5830,8038856,0.249933699013419
"5831","20074.16",5831,8039286,0.256104178746921
"5832","20074.16",5832,8040175,0.060957980980791
"5833","20074.16",5833,8040321,-0.373161398801281
"5834","20074.16",5834,8040635,0.165780796094359
"5835","20074.16",5835,8040692,0.107930892526332
"5836","20074.16",5836,8045413,-0.162857263843015
"5837","20074.16",5837,8047081,0.604186298167448
"5838","20074.16",5838,8047761,0.159282798653034
"5839","20074.16",5839,8047958,-0.527060002567361
"5840","20074.16",5840,8048010,0.207820915314455
"5841","20074.16",5841,8051013,0.258210729918413
"5842","20074.16",5842,8054168,0.36819612088821
"5843","20074.16",5843,8054714,0.0541372995599065
"5844","20074.16",5844,8055738,0.0542646575251595
"5845","20074.16",5845,8055835,-0.0108632355798965
"5846","20074.16",5846,8055895,0.267235870696825
"5847","20074.16",5847,8056392,0.216290899968119
"5848","20074.16",5848,8056578,0.231813763356332
"5849","20074.16",5849,8056605,0.545582707537439
"5850","20074.16",5850,8059715,-0.639536430995422
"5851","20074.16",5851,8060441,0.178244854888877
"5852","20074.16",5852,8060620,0.387680748868859
"5853","20074.16",5853,8060749,0.34470903992633
"5854","20074.16",5854,8060803,-1.1839539025602
"5855","20074.16",5855,8062273,0.334624527644011
"5856","20074.16",5856,8063339,-0.488032690008754
"5857","20074.16",5857,8064041,0.540735987997553
"5858","20074.16",5858,8064158,0.686110987528235
"5859","20074.16",5859,8064286,0.428677300846327
"5860","20074.16",5860,8070395,-0.30106014472779
"5861","20074.16",5861,8070661,0.251419925855232
"5862","20074.16",5862,8072509,-0.274749536595387
"5863","20074.16",5863,8072984,0.431387141399433
"5864","20074.16",5864,8073193,0.197639332588317
"5865","20074.16",5865,8073193,0.622156836441923
"5866","20074.16",5866,8073285,-0.485620642404559
"5867","20074.16",5867,8073918,0.495375027951757
"5868","20074.16",5868,8074022,0.403880837060503
"5869","20074.16",5869,8075271,0.22870626765811
"5870","20074.16",5870,8075688,-0.462911292791809
"5871","20074.16",5871,8076008,-0.3202976896081
"5872","20074.16",5872,8076611,0.086201145373507
"5873","20074.16",5873,8078319,-0.913925219123637
"5874","20074.16",5874,8078345,-0.101557403972014
"5875","20074.16",5875,8078971,-0.116344221314429
"5876","20074.16",5876,8080358,0.433251479462554
"5877","20074.16",5877,8080533,-0.293731818720217
"5878","20074.16",5878,8082712,-0.215751679071116
"5879","20074.16",5879,8090207,0.27958038011426
"5880","20074.16",5880,8090474,0.0725714156869213
"5881","20074.16",5881,8098364,0.0853254644517731
"5882","20074.16",5882,8098629,0.510816239023437
"5883","20074.16",5883,8098698,0.266164867707393
"5884","20074.16",5884,8099536,-0.0781763488843721
"5885","20074.16",5885,8099698,0.571098436584763
"5886","20074.16",5886,8101051,0.223310122243678
"5887","20074.16",5887,8101160,-0.172394182567333
"5888","20074.16",5888,8101877,-0.267580701102513
"5889","20074.16",5889,8103097,-0.220288574552667
"5890","20074.16",5890,8103157,0.290149468820499
"5891","20074.16",5891,8105294,-0.366140334132647
"5892","20074.16",5892,8106066,0.536524285324702
"5893","20074.16",5893,8112399,0.177775772398927
"5894","20074.16",5894,8112564,-0.561888404405542
"5895","20074.16",5895,8112841,0.285570347270109
"5896","20074.16",5896,8113125,0.478291560616507
"5897","20074.16",5897,8113543,-0.271075992478147
"5898","20074.16",5898,8113757,-0.716582613569537
"5899","20074.16",5899,8113853,0.99563842954749
"5900","20074.16",5900,8114268,0.324704921959946
"5901","20074.16",5901,8117869,0.72608898599039
"5902","20074.16",5902,8118283,-0.363773725612687
"5903","20074.16",5903,8118919,0.338633619283969
"5904","20074.16",5904,8119308,0.33167272959438
"5905","20074.16",5905,8122183,0.82590988694999
"5906","20074.16",5906,8123393,0.0411392238613812
"5907","20074.16",5907,8124559,0.656838778449356
"5908","20074.16",5908,8124685,0.764003200356053
"5909","20074.16",5909,8124824,0.527232794968726
"5910","20074.16",5910,8125031,0.239379147566139
"5911","20074.16",5911,8125072,-0.0913974231165176
"5912","20074.16",5912,8127970,-0.109287835362217
"5913","20074.16",5913,8128058,1.21742366172867
"5914","20074.16",5914,8128631,-1.31459296320779
"5915","20074.16",5915,8131266,-0.335216133774039
"5916","20074.16",5916,8131714,-2.54823687195448
"5917","20074.16",5917,8131940,0.335991004085607
"5918","20074.16",5918,8134946,0.755412433960887
"5919","20074.16",5919,8143405,0.172092060867192
"5920","20074.16",5920,8149854,-0.500222940909442
"5921","20074.16",5921,8150257,-0.140294947835369
"5922","20074.16",5922,8150795,0.0479343953784781
"5923","20074.16",5923,8155254,-0.898191601026556
"5924","20074.16",5924,8155494,0.0680742635448652
"5925","20074.16",5925,8159661,-0.239550025544755
"5926","20074.16",5926,8159812,0.878184307369158
"5927","20074.16",5927,8160024,-1.34356965282679
"5928","20074.16",5928,8160367,-0.258307218828624
"5929","20074.16",5929,8160516,0.617795894370823
"5930","20074.16",5930,8160554,-0.63374569321156
"5931","20074.16",5931,8168130,0.142033059623449
"5932","20074.16",5932,8169041,0.261037190487253
"5933","20074.16",5933,8170733,0.168781145255853
"5934","20074.16",5934,8171026,0.75886899227553
"5935","20074.16",5935,8171911,0.785637828282785
"5936","20074.16",5936,8172228,-0.0736253353356773
"5937","20074.16",5937,8173001,0.027049156837303
"5938","20074.16",5938,8173240,0.159964083128054
"5939","20074.16",5939,8173467,0.187010694078282
"5940","20074.16",5940,8174094,-0.847283813325662
"5941","20074.16",5941,8174117,0.793814485074809
"5942","20074.16",5942,8175492,0.607969978316311
"5943","20074.16",5943,8176842,-0.159257987275379
"5944","20074.16",5944,8177560,0.144073686193567
"5945","20074.16",5945,8177639,-0.269763581468869
"5946","20074.16",5946,8178120,0.79682147218205
"5947","20074.16",5947,8178507,0.404834252866123
"5948","20074.16",5948,8180769,0.299860673768012
"5949","20074.16",5949,8181796,-0.301538785135043
"5950","20074.16",5950,8182473,0.124529996558043
"5951","20074.16",5951,8183955,0.258424484657398
"5952","20074.16",5952,8184017,-0.156004280637609
"5953","20074.16",5953,8184145,-0.397978336269053
"5954","20074.16",5954,8184194,0.247242301648616
"5955","20074.16",5955,8186060,0.18163697533334
"5956","20074.16",5956,8186835,-0.306022821549489
"5957","20074.16",5957,8187507,0.19893086325283
"5958","20074.16",5958,8187530,-0.354579326298427
"5959","20074.16",5959,8189589,-0.297026437886502
"5960","20074.16",5960,8190901,0.0304835992910313
"5961","20074.16",5961,8191541,0.669675534017657
"5962","20074.16",5962,8191561,0.0893284182588374
"5963","20074.16",5963,8192200,1.03879990089527
"5964","20074.16",5964,8192308,0.275544925662014
"5965","20074.16",5965,8196068,-0.12054277351359
"5966","20074.16",5966,8196338,-0.456081635286332
"5967","20074.16",5967,8196712,-0.150355245641717
"5968","20074.16",5968,8196935,-0.180747584312734
"5969","20074.16",5969,8198641,0.229363429525971
"5970","20074.16",5970,8198662,-0.0276778072035135
"5971","20074.16",5971,8198871,-0.187827409459532
"5972","20074.16",5972,8199202,0.367982072473978
"5973","20074.16",5973,8200173,0.719317246797833
"5974","20074.16",5974,8201755,0.322174874243466
"5975","20074.16",5975,8203680,0.247384670057021
"5976","20074.16",5976,8204724,0.0529873104065484
"5977","20074.16",5977,8204796,0.567828017987414
"5978","20074.16",5978,8205224,-0.760716849142809
"5979","20074.16",5979,8205276,0.362333122084521
"5980","20074.16",5980,8205356,0.544708656928798
"5981","20074.16",5981,8205878,-0.482580033420531
"5982","20074.16",5982,8206172,0.269247793267309
"5983","20074.16",5983,8206443,-0.36165235666293
"5984","20074.16",5984,8206461,-0.546572065032797
"5985","20074.16",5985,8209898,-0.902637319114101
"5986","20074.16",5986,8210058,0.302532770123844
"5987","20074.16",5987,8210114,0.66441914404447
"5988","20074.16",5988,8210271,0.114150313932742
"5989","20074.16",5989,8211263,-0.316318122899116
"5990","20074.16",5990,8212857,0.402306644685788
"5991","20074.16",5991,8212959,-0.211268183688274
"5992","20074.16",5992,8214305,0.512914392587231
"5993","20074.16",5993,8214682,-0.325991326076797
"5994","20074.16",5994,8216224,-0.0453163198950071
"5995","20074.16",5995,8216302,-0.210346807701716
"5996","20074.16",5996,8218249,-0.118430070766995
"5997","20074.16",5997,8218549,0.284206069352831
"5998","20074.16",5998,8219030,0.523368268786808
"5999","20074.16",5999,8220961,0.186723268203798
"6000","20074.16",6000,8221742,-1.45618705814872
"6001","20074.16",6001,8221976,0.269785652956814
"6002","20074.16",6002,8223957,-0.483281478047314
"6003","20074.16",6003,8224699,-0.488605240677019
"6004","20074.16",6004,8225722,-0.959781586514417
"6005","20074.16",6005,8225750,0.323548107828731
"6006","20074.16",6006,8226775,-0.0555440957163285
"6007","20074.16",6007,8227151,0.382365740558371
"6008","20074.16",6008,8227311,-0.113515440312598
"6009","20074.16",6009,8227377,-0.0629535617031474
"6010","20074.16",6010,8227998,0.578106169632426
"6011","20074.16",6011,8228126,0.733308164582087
"6012","20074.16",6012,8233425,-0.792676048080253
"6013","20074.16",6013,8236210,0.0545959791695703
"6014","20074.16",6014,8236341,0.129126625900234
"6015","20074.16",6015,8236519,-0.654406514661149
"6016","20074.16",6016,8236685,0.0751166172666098
"6017","20074.16",6017,8236732,-0.905564451230557
"6018","20074.16",6018,8237244,0.921534610070387
"6019","20074.16",6019,8237704,-0.167734875836848
"6020","20074.16",6020,8238485,0.298683262025345
"6021","20074.16",6021,8238961,0.330648043292837
"6022","20074.16",6022,8238988,0.374947845735385
"6023","20074.16",6023,8240790,-0.00849200408686723
"6024","20074.16",6024,8240800,-0.498404416642837
"6025","20074.16",6025,8241035,0.58409571524355
"6026","20074.16",6026,8241117,0.433818321400614
"6027","20074.16",6027,8241231,0.80875840111947
"6028","20074.16",6028,8241779,0.611841127971267
"6029","20074.16",6029,8241881,0.172835980014931
"6030","20074.16",6030,8242146,0.787359810529416
"6031","20074.16",6031,8242233,0.7148890456126
"6032","20074.16",6032,8242428,0.368415322326434
"6033","20074.16",6033,8243035,0.28798212003325
"6034","20074.16",6034,8244539,-0.8858575354572
"6035","20074.16",6035,8244554,-0.986727921452974
"6036","20074.16",6036,8245693,-0.104469627180896
"6037","20074.16",6037,8245791,-0.166395815990477
"6038","20074.16",6038,8245835,-0.194815399201944
"6039","20074.16",6039,8245899,0.16052730819198
"6040","20074.16",6040,8248660,0.309089289940274
"6041","20074.16",6041,8249274,0.466670649286743
"6042","20074.16",6042,8249455,0.47093447669542
"6043","20074.16",6043,8249893,-0.537467670135387
"6044","20074.16",6044,8254150,0.651664045622671
"6045","20074.16",6045,8254399,-0.20637996662146
"6046","20074.16",6046,8257810,0.751699527728417
"6047","20074.16",6047,8259142,-0.125332762209997
"6048","20074.16",6048,8261639,-0.126776973075736
"6049","20074.16",6049,8262490,-0.236826251359217
"6050","20074.16",6050,8262543,0.09405961623842
"6051","20074.16",6051,8262965,0.342803335711568
"6052","20074.16",6052,8265880,-0.333858818068554
"6053","20074.16",6053,8269054,-0.191406475197575
"6054","20074.16",6054,8271102,0.124978568890485
"6055","20074.16",6055,8272603,-0.444587062220064
"6056","20074.16",6056,8273065,-0.461321362276761
"6057","20074.16",6057,8273499,-0.364975703171596
"6058","20074.16",6058,8280086,0.755701350038133
"6059","20074.16",6059,8280944,0.189179890445777
"6060","20074.16",6060,8281240,-0.127074123377465
"6061","20074.16",6061,8281482,0.84218537143126
"6062","20074.16",6062,8283710,0.0330161246633107
"6063","20074.16",6063,8283724,-0.0083743692868099
"6064","20074.16",6064,8287765,-0.0267748163894854
"6065","20074.16",6065,8288481,-0.111829978690446
"6066","20074.16",6066,8289915,0.238358919375867
"6067","20074.16",6067,8290105,0.335314380659624
"6068","20074.16",6068,8291346,-0.724172558213789
"6069","20074.16",6069,8291932,0.206042371290613
"6070","20074.16",6070,8293213,-0.809421807747438
"6071","20074.16",6071,8293213,-0.0683261159869248
"6072","20074.16",6072,8293282,0.623548922295092
"6073","20074.16",6073,8293475,0.404558705428923
"6074","20074.16",6074,8295126,-0.0713703425521244
"6075","20074.16",6075,8295454,1.00154865247947
"6076","20074.16",6076,8295827,-0.000860149959686751
"6077","20074.16",6077,8296086,-0.387272476133871
"6078","20074.16",6078,8297685,0.550715793164255
"6079","20074.16",6079,8298071,1.02924297332427
"6080","20074.16",6080,8298133,-0.0997454714786485
"6081","20074.16",6081,8298526,-0.918908100148354
"6082","20074.16",6082,8298738,-1.15627365853395
"6083","20074.16",6083,8298809,0.204562157638594
"6084","20074.16",6084,8298945,-1.52854515626481
"6085","20074.16",6085,8301183,0.745827587507375
"6086","20074.16",6086,8302418,-0.195863768723271
"6087","20074.16",6087,8302621,-0.436360394229617
"6088","20074.16",6088,8302711,0.156414082535384
"6089","20074.16",6089,8302797,0.39582617181394
"6090","20074.16",6090,8302974,0.27639810446557
"6091","20074.16",6091,8303280,-0.229254994497511
"6092","20074.16",6092,8304390,1.24312764112373
"6093","20074.16",6093,8304438,0.430675543485054
"6094","20074.16",6094,8304692,-0.300099054725008
"6095","20074.16",6095,8304755,0.17843814847373
"6096","20074.16",6096,8305106,0.14618382864623
"6097","20074.16",6097,8309511,0.175492757517659
"6098","20074.16",6098,8309929,-0.0203650945550242
"6099","20074.16",6099,8309930,0.100953134016106
"6100","20074.16",6100,8310556,0.259835135301922
"6101","20074.16",6101,8310851,-0.00147796481745655
"6102","20074.16",6102,8310880,0.526050495491407
"6103","20074.16",6103,8312933,0.358360347687259
"6104","20074.16",6104,8313049,-0.623478042497493
"6105","20074.16",6105,8316117,0.144511694264375
"6106","20074.16",6106,8319620,-0.404813109776195
"6107","20074.16",6107,8322012,0.281847907948085
"6108","20074.16",6108,8326408,0.322048118585001
"6109","20074.16",6109,8326545,0.357529930839257
"6110","20074.16",6110,8326761,0.242611797117006
"6111","20074.16",6111,8326843,-0.129710748791322
"6112","20074.16",6112,8328518,1.09059414096281
"6113","20074.16",6113,8328631,0.544558102509202
"6114","20074.16",6114,8329116,-0.295820381432166
"6115","20074.16",6115,8329327,0.171345645344854
"6116","20074.16",6116,8329390,0.588108279389492
"6117","20074.16",6117,8329513,0.94599764613358
"6118","20074.16",6118,8329678,0.657736432788997
"6119","20074.16",6119,8330247,-0.296089882141976
"6120","20074.16",6120,8330327,0.617327093739047
"6121","20074.16",6121,8330421,0.910239559478062
"6122","20074.16",6122,8330492,1.03287584704335
"6123","20074.16",6123,8330522,0.431833397007478
"6124","20074.16",6124,8330881,0.0718323799901563
"6125","20074.16",6125,8332873,-0.0831679022007599
"6126","20074.16",6126,8333947,-0.503292258324439
"6127","20074.16",6127,8334459,0.0742545996050508
"6128","20074.16",6128,8334680,-0.471164282020992
"6129","20074.16",6129,8334711,-0.292843089662123
"6130","20074.16",6130,8335159,-0.261539340553404
"6131","20074.16",6131,8336680,0.283739247567548
"6132","20074.16",6132,8337388,0.286584169012184
"6133","20074.16",6133,8337803,0.420959734077766
"6134","20074.16",6134,8338606,-0.50107534013083
"6135","20074.16",6135,8340887,-0.00583997301605876
"6136","20074.16",6136,8340940,-0.0122272493810662
"6137","20074.16",6137,8341184,-0.898216969431886
"6138","20074.16",6138,8341334,0.19637255031718
"6139","20074.16",6139,8341542,0.217693079736603
"6140","20074.16",6140,8341862,0.319363296956156
"6141","20074.16",6141,8344513,-1.58129395125125
"6142","20074.16",6142,8344784,0.0366642297912474
"6143","20074.16",6143,8345637,-0.550285659711501
"6144","20074.16",6144,8346687,0.424796228836176
"6145","20074.16",6145,8347726,-0.14516043364987
"6146","20074.16",6146,8348475,-0.344553646900033
"6147","20074.16",6147,8349362,0.184204770434055
"6148","20074.16",6148,8349377,0.703736464231034
"6149","20074.16",6149,8351746,0.944108574271932
"6150","20074.16",6150,8351785,0.173329680141424
"6151","20074.16",6151,8352619,-0.121899672650549
"6152","20074.16",6152,8353271,0.84651584822367
"6153","20074.16",6153,8353467,0.116841409011288
"6154","20074.16",6154,8354532,0.340387987402516
"6155","20074.16",6155,8355250,0.732285446588722
"6156","20074.16",6156,8355529,-0.251521363201332
"6157","20074.16",6157,8355593,0.94637068071251
"6158","20074.16",6158,8356326,0.406865910717351
"6159","20074.16",6159,8357376,-1.33916965817033
"6160","20074.16",6160,8359716,0.714782965004358
"6161","20074.16",6161,8365388,0.0404394013708052
"6162","20074.16",6162,8366810,0.453958363936926
"6163","20074.16",6163,8366866,-0.280094664823439
"6164","20074.16",6164,8369358,0.85147589979389
"6165","20074.16",6165,8369503,-0.247012212135995
"6166","20074.16",6166,8369567,0.431154021017165
"6167","20074.16",6167,8369572,0.241219427115975
"6168","20074.16",6168,8369852,0.739060518589567
"6169","20074.16",6169,8370625,1.22750477248176
"6170","20074.16",6170,8370752,0.676229062458918
"6171","20074.16",6171,8371018,-0.108098670467883
"6172","20074.16",6172,8374096,0.71707145611112
"6173","20074.16",6173,8374176,-0.384892715000005
"6174","20074.16",6174,8374537,0.330338999548506
"6175","20074.16",6175,8374633,0.243177831550642
"6176","20074.16",6176,8374663,-0.516466587671555
"6177","20074.16",6177,8374698,0.668237581984324
"6178","20074.16",6178,8374863,0.673024943389227
"6179","20074.16",6179,8375049,0.331223506576197
"6180","20074.16",6180,8376203,-0.804587225494088
"6181","20074.16",6181,8376321,-0.138465749573438
"6182","20074.16",6182,8377242,-0.0927680682809235
"6183","20074.16",6183,8380704,0.411622083452371
"6184","20074.16",6184,8382053,-0.276374224829426
"6185","20074.16",6185,8382864,0.00553766481523965
"6186","20074.16",6186,8382880,-0.357176253706998
"6187","20074.16",6187,8382920,-0.02093726683088
"6188","20074.16",6188,8383286,0.274939421567693
"6189","20074.16",6189,8383343,0.313669141044328
"6190","20074.16",6190,8387954,0.350445390751426
"6191","20074.16",6191,8388020,0.175708933495847
"6192","20074.16",6192,8388933,0.477835304385729
"6193","20074.16",6193,8388982,0.085855878670749
"6194","20074.16",6194,8391912,-0.2189871646982
"6195","20074.16",6195,8392146,-0.0358116242181818
"6196","20074.16",6196,8393029,1.13055670164629
"6197","20074.16",6197,8393362,0.14679365170618
"6198","20074.16",6198,8394233,-0.651093224503974
"6199","20074.16",6199,8394874,-0.591757999845822
"6200","20074.16",6200,8395008,-0.34839125833235
"6201","20074.16",6201,8396491,0.384069268578711
"6202","20074.16",6202,8396583,-0.00944914064813052
"6203","20074.16",6203,8396691,0.370654596511707
"6204","20074.16",6204,8397400,-0.121345787995365
"6205","20074.16",6205,8397723,0.744490884409051
"6206","20074.16",6206,8399272,-0.627405458671224
"6207","20074.16",6207,8399691,-0.314053020442153
"6208","20074.16",6208,8402338,-0.494969784713096
"6209","20074.16",6209,8403469,-0.225903588873169
"6210","20074.16",6210,8405536,0.474769107336335
"6211","20074.16",6211,8405850,0.206618960202994
"6212","20074.16",6212,8405901,0.286322416687253
"6213","20074.16",6213,8406151,0.515083662819662
"6214","20074.16",6214,8406262,0.58316341147444
"6215","20074.16",6215,8406960,0.817966574908765
"6216","20074.16",6216,8407161,-0.337421677475741
"6217","20074.16",6217,8407460,0.610368006239178
"6218","20074.16",6218,8408723,0.121117137440258
"6219","20074.16",6219,8411336,0.0313864032914966
"6220","20074.16",6220,8411459,0.428364236269673
"6221","20074.16",6221,8411687,0.225858674941199
"6222","20074.16",6222,8411962,0.0279380422585502
"6223","20074.16",6223,8418047,1.0218994356021
"6224","20074.16",6224,8418150,-0.152760877564725
"6225","20074.16",6225,8418524,0.16930366989386
"6226","20074.16",6226,8418552,0.557333238697464
"6227","20074.16",6227,8418576,0.0976202488996023
"6228","20074.16",6228,8420967,-1.02344937210817
"6229","20074.16",6229,8421790,-0.0822150814094869
"6230","20074.16",6230,8426858,-0.168972388483017
"6231","20074.16",6231,8426952,-0.433802410500035
"6232","20074.16",6232,8427224,-0.63064162256611
"6233","20074.16",6233,8427449,0.171229877127086
"6234","20074.16",6234,8427732,-0.509247837383042
"6235","20074.16",6235,8430117,0.0391188044677602
"6236","20074.16",6236,8432142,-0.209182411955911
"6237","20074.16",6237,8432245,0.153141874167918
"6238","20074.16",6238,8432428,0.530784965206137
"6239","20074.16",6239,8432593,0.787028766216648
"6240","20074.16",6240,8434739,0.673703054500225
"6241","20074.16",6241,8434830,-0.00552324897056966
"6242","20074.16",6242,8434935,0.435313578065272
"6243","20074.16",6243,8435145,-0.515371765586638
"6244","20074.16",6244,8435950,0.271829319038225
"6245","20074.16",6245,8438862,0.851229395628462
"6246","20074.16",6246,8439394,0.0824438608847124
"6247","20074.16",6247,8439459,-0.275621029368133
"6248","20074.16",6248,8439874,-0.149527216412244
"6249","20074.16",6249,8440150,-0.341247760519577
"6250","20074.16",6250,8440823,-0.200678285986172
"6251","20074.16",6251,8441073,0.460847344626765
"6252","20074.16",6252,8441300,0.29422159554754
"6253","20074.16",6253,8441382,-0.256574066508758
"6254","20074.16",6254,8441409,0.267023043324598
"6255","20074.16",6255,8441498,-1.13535618855701
"6256","20074.16",6256,8441731,0.491690695397145
"6257","20074.16",6257,8442526,1.0912398089457
"6258","20074.16",6258,8442604,-0.112909438572346
"6259","20074.16",6259,8443089,0.38931916510795
"6260","20074.16",6260,8443102,0.510533887023265
"6261","20074.16",6261,8443410,0.131730165785449
"6262","20074.16",6262,8443515,-0.266851214057823
"6263","20074.16",6263,8444141,-0.445804918831927
"6264","20074.16",6264,8445131,0.547222824786755
"6265","20074.16",6265,8445307,-0.240196339487118
"6266","20074.16",6266,8445547,0.317359728981486
"6267","20074.16",6267,8447267,-0.502054512630695
"6268","20074.16",6268,8448485,0.297378948648958
"6269","20074.16",6269,8448578,0.810154394448598
"6270","20074.16",6270,8448599,-0.462298418077697
"6271","20074.16",6271,8448640,1.70925202164542
"6272","20074.16",6272,8448911,0.28752612187009
"6273","20074.16",6273,8451701,-0.556783471874209
"6274","20074.16",6274,8452884,-1.01257817904119
"6275","20074.16",6275,8453292,-0.256622464957467
"6276","20074.16",6276,8454413,0.553063776608508
"6277","20074.16",6277,8454449,0.201196943149058
"6278","20074.16",6278,8454610,0.207306895638832
"6279","20074.16",6279,8458215,-0.576532017049622
"6280","20074.16",6280,8460765,-0.499134636769921
"6281","20074.16",6281,8462873,0.410226232370953
"6282","20074.16",6282,8463074,0.144498982869537
"6283","20074.16",6283,8463467,0.00284002224708146
"6284","20074.16",6284,8467728,1.08043857309568
"6285","20074.16",6285,8467786,-1.02714670968942
"6286","20074.16",6286,8469447,0.15268116917488
"6287","20074.16",6287,8470122,-0.767374894105513
"6288","20074.16",6288,8470183,0.903989051781024
"6289","20074.16",6289,8470217,0.80301047761172
"6290","20074.16",6290,8471195,0.412968866346055
"6291","20074.16",6291,8471719,0.182517948687511
"6292","20074.16",6292,8471916,-0.089694763886528
"6293","20074.16",6293,8471939,0.468309426697306
"6294","20074.16",6294,8471975,0.419921394077686
"6295","20074.16",6295,8473010,0.252014316348304
"6296","20074.16",6296,8473447,-0.00525413813428077
"6297","20074.16",6297,8473678,-0.8658643606936
"6298","20074.16",6298,8473927,-0.546316330471488
"6299","20074.16",6299,8473960,-0.0472352024432707
"6300","20074.16",6300,8474160,-0.071860471077339
"6301","20074.16",6301,8476449,-0.394467402465933
"6302","20074.16",6302,8478919,0.309857052836269
"6303","20074.16",6303,8480166,0.320080154969937
"6304","20074.16",6304,8480370,-0.237471131561989
"6305","20074.16",6305,8482697,-1.63440660690816
"6306","20074.16",6306,8482800,0.633319305519552
"6307","20074.16",6307,8483424,0.0182038263662294
"6308","20074.16",6308,8485999,0.278828196478437
"6309","20074.16",6309,8492550,-0.0593240348457744
"6310","20074.16",6310,8492816,0.252608884398641
"6311","20074.16",6311,8493819,0.166107175813799
"6312","20074.16",6312,8495528,-0.86193369032023
"6313","20074.16",6313,8496700,-0.374333497044131
"6314","20074.16",6314,8499189,-0.305967855685133
"6315","20074.16",6315,8499293,0.719125398442968
"6316","20074.16",6316,8499315,0.939089708748935
"6317","20074.16",6317,8499511,-0.182001059648215
"6318","20074.16",6318,8499564,-0.930555889674564
"6319","20074.16",6319,8499784,0.126558313313877
"6320","20074.16",6320,8500981,-0.182185978866705
"6321","20074.16",6321,8501041,-0.358419691479117
"6322","20074.16",6322,8501213,0.230968506528391
"6323","20074.16",6323,8501329,1.07627452814369
"6324","20074.16",6324,8501368,-0.445565495391228
"6325","20074.16",6325,8502245,0.713096468909604
"6326","20074.16",6326,8502633,-0.103890965992047
"6327","20074.16",6327,8502961,0.113019603071314
"6328","20074.16",6328,8503222,-0.0704754665782907
"6329","20074.16",6329,8509214,-0.208854576243815
"6330","20074.16",6330,8511601,0.311094652951776
"6331","20074.16",6331,8511742,0.898792026373184
"6332","20074.16",6332,8515708,0.0562199449614829
"6333","20074.16",6333,8515905,0.0746029434129296
"6334","20074.16",6334,8516043,0.99908643968682
"6335","20074.16",6335,8517232,-0.385992285558912
"6336","20074.16",6336,8520367,-0.277992310649297
"6337","20074.16",6337,8520579,0.295250429341963
"6338","20074.16",6338,8524374,-0.572208901147973
"6339","20074.16",6339,8524393,0.529497942542902
"6340","20074.16",6340,8524466,0.0175576587264743
"6341","20074.16",6341,8524661,-1.57811341143482
"6342","20074.16",6342,8524680,0.156431463186542
"6343","20074.16",6343,8525107,0.191200340620807
"6344","20074.16",6344,8525547,-1.09134910733165
"6345","20074.16",6345,8528293,0.943922673687013
"6346","20074.16",6346,8528706,0.3333110992794
"6347","20074.16",6347,8528813,0.06961107420996
"6348","20074.16",6348,8534429,-0.0677694068587718
"6349","20074.16",6349,8534737,-0.0564847036468477
"6350","20074.16",6350,8534813,0.489858063259901
"6351","20074.16",6351,8534828,0.116998591952955
"6352","20074.16",6352,8535598,-0.296861187464224
"6353","20074.16",6353,8537284,0.577692665305094
"6354","20074.16",6354,8539285,-0.157200221273748
"6355","20074.16",6355,8539636,0.196706809897706
"6356","20074.16",6356,8541061,-0.0277467243954961
"6357","20074.16",6357,8541249,0.584715483720845
"6358","20074.16",6358,8541371,0.21009302002918
"6359","20074.16",6359,8541773,0.0283513318235
"6360","20074.16",6360,8541801,0.212663356145962
"6361","20074.16",6361,8542446,0.76887415055592
"6362","20074.16",6362,8542598,-0.269255474399909
"6363","20074.16",6363,8545110,-0.396058927333078
"6364","20074.16",6364,8557407,-0.0232786175415667
"6365","20074.16",6365,8557423,-0.720881789232376
"6366","20074.16",6366,8558200,-0.225550431265962
"6367","20074.16",6367,8558352,0.608992039190842
"6368","20074.16",6368,8560070,0.560214872623576
"6369","20074.16",6369,8560489,0.742652430817626
"6370","20074.16",6370,8561000,-0.825207869022119
"6371","20074.16",6371,8561159,0.387483524852743
"6372","20074.16",6372,8561807,-0.338504503464961
"6373","20074.16",6373,8561975,0.83989483929073
"6374","20074.16",6374,8562036,0.147603481935406
"6375","20074.16",6375,8564756,0.535817891976216
"6376","20074.16",6376,8565123,-1.01283278202589
"6377","20074.16",6377,8565140,0.454765174737461
"6378","20074.16",6378,8565342,-0.926981201344126
"6379","20074.16",6379,8566630,0.158481391583884
"6380","20074.16",6380,8566630,0.983360741933372
"6381","20074.16",6381,8567282,-0.395113723313472
"6382","20074.16",6382,8567519,-0.260648665883204
"6383","20074.16",6383,8571389,-0.260182884130646
"6384","20074.16",6384,8571959,0.255836010277936
"6385","20074.16",6385,8571972,0.532942566282366
"6386","20074.16",6386,8578345,0.58917442531266
"6387","20074.16",6387,8578360,-0.199242610431018
"6388","20074.16",6388,8578804,0.0547191151761943
"6389","20074.16",6389,8579153,0.163345103388011
"6390","20074.16",6390,8579361,0.0554431521221508
"6391","20074.16",6391,8579546,0.737548131106172
"6392","20074.16",6392,8580279,0.447446737379793
"6393","20074.16",6393,8581576,-0.257714950305497
"6394","20074.16",6394,8581799,0.081080063095702
"6395","20074.16",6395,8583305,0.0657643502387417
"6396","20074.16",6396,8583486,0.898615759265609
"6397","20074.16",6397,8583765,0.729782968766655
"6398","20074.16",6398,8587688,0.731758742310928
"6399","20074.16",6399,8589193,0.849534972460687
"6400","20074.16",6400,8589194,0.562478502639071
"6401","20074.16",6401,8590448,-0.107382940467776
"6402","20074.16",6402,8590873,-0.679805528333428
"6403","20074.16",6403,8591273,-0.184568602228271
"6404","20074.16",6404,8592045,-0.254716223174282
"6405","20074.16",6405,8592358,-0.138693750495552
"6406","20074.16",6406,8592549,0.376786672328563
"6407","20074.16",6407,8594987,0.379817362778609
"6408","20074.16",6408,8595074,0.188043293248247
"6409","20074.16",6409,8595414,-1.05042608465489
"6410","20074.16",6410,8595735,0.272389366678541
"6411","20074.16",6411,8596826,-0.420184495781192
"6412","20074.16",6412,8598547,0.240486326673454
"6413","20074.16",6413,8598674,-0.188490108186781
"6414","20074.16",6414,8599619,0.553799766571385
"6415","20074.16",6415,8602591,-0.0383933268303336
"6416","20074.16",6416,8604798,1.22335359381739
"6417","20074.16",6417,8604855,0.649781249371345
"6418","20074.16",6418,8605987,0.303049557671227
"6419","20074.16",6419,8606327,0.536445583210415
"6420","20074.16",6420,8607042,0.271912472714987
"6421","20074.16",6421,8607193,-0.543194390850718
"6422","20074.16",6422,8608296,-0.517719231209687
"6423","20074.16",6423,8608446,0.204554362889645
"6424","20074.16",6424,8608537,0.146397176246825
"6425","20074.16",6425,8609969,0.8032169526987
"6426","20074.16",6426,8609991,1.18977399087291
"6427","20074.16",6427,8610622,-0.098138945628457
"6428","20074.16",6428,8610643,-0.17444139467664
"6429","20074.16",6429,8610969,-0.059572705672494
"6430","20074.16",6430,8617379,-0.19053043407403
"6431","20074.16",6431,8617762,-0.114021264779812
"6432","20074.16",6432,8620696,-0.273801433282726
"6433","20074.16",6433,8621346,-1.94007700108008
"6434","20074.16",6434,8624028,1.00254021212486
"6435","20074.16",6435,8624052,-0.342851360697798
"6436","20074.16",6436,8625523,-0.117610519175041
"6437","20074.16",6437,8625805,0.483278912921938
"6438","20074.16",6438,8626082,-0.0913955985897266
"6439","20074.16",6439,8626803,0.967223396685173
"6440","20074.16",6440,8626870,-0.507900170434955
"6441","20074.16",6441,8626986,-0.719266971440145
"6442","20074.16",6442,8627136,-0.288871337039466
"6443","20074.16",6443,8630612,0.0191950183830265
"6444","20074.16",6444,8631063,0.606151065524565
"6445","20074.16",6445,8632029,-0.747347287021817
"6446","20074.16",6446,8635515,-1.64005211066962
"6447","20074.16",6447,8635994,0.601674247184218
"6448","20074.16",6448,8687684,-0.561611728058679
"6449","20074.16",6449,8689767,-0.380270576889984
"6450","20074.16",6450,8691278,0.462370117532388
"6451","20074.16",6451,8693163,-0.474160927501083
"6452","20074.16",6452,8693610,-0.212920487667994
"6453","20074.16",6453,8695570,0.144843168127952
"6454","20074.16",6454,8696312,-0.715315157820433
"6455","20074.16",6455,8698864,0.22034835383494
"6456","20074.16",6456,8700111,0.287998126302585
"6457","20074.16",6457,8700313,-0.302404774848568
"6458","20074.16",6458,8700408,-0.265098249716772
"6459","20074.16",6459,8701636,-0.297185681009049
"6460","20074.16",6460,8704796,-0.00587342898621213
"6461","20074.16",6461,8705664,0.139530626634187
"6462","20074.16",6462,8705696,-0.0308684684072009
"6463","20074.16",6463,8706201,0.271296919625867
"6464","20074.16",6464,8706369,0.265393320213058
"6465","20074.16",6465,8707468,-0.135493697619354
"6466","20074.16",6466,8708199,-0.254635695645115
"6467","20074.16",6467,8709168,0.211930255255858
"6468","20074.16",6468,8709494,-0.0641629987708292
"6469","20074.16",6469,8714505,0.403953875701482
"6470","20074.16",6470,8714703,0.333921234506938
"6471","20074.16",6471,8714774,0.919634456584125
"6472","20074.16",6472,8715291,-0.752451190307293
"6473","20074.16",6473,8722629,-0.504635352068522
"6474","20074.16",6474,8727497,-0.159007580074518
"6475","20074.16",6475,8727590,0.177311940930389
"6476","20074.16",6476,8728154,-0.359709276839027
"6477","20074.16",6477,8729124,-0.589239752443585
"6478","20074.16",6478,8731241,-0.902106463110296
"6479","20074.16",6479,8732232,1.02876839989149
"6480","20074.16",6480,8735307,-0.316693883018702
"6481","20074.16",6481,8735581,-0.867654152837252
"6482","20074.16",6482,8738060,-0.268511584895233
"6483","20074.16",6483,8740710,0.256289405366435
"6484","20074.16",6484,8741265,0.545345940272614
"6485","20074.16",6485,8741789,-0.007532427244481
"6486","20074.16",6486,8747827,-0.061122309719769
"6487","20074.16",6487,8748544,0.277708254919259
"6488","20074.16",6488,8752547,0.49530332306075
"6489","20074.16",6489,8752883,-0.355738486372528
"6490","20074.16",6490,8757730,-0.140983850079388
"6491","20074.16",6491,8757904,0.165659714827283
"6492","20074.16",6492,8760136,-0.247413277435522
"6493","20074.16",6493,8760960,-0.483103371359691
"6494","20074.16",6494,8763218,0.160422355005152
"6495","20074.16",6495,8764158,-1.03271277868432
"6496","20074.16",6496,8764318,-0.0327946987792407
"6497","20074.16",6497,8764428,0.337256642422244
"6498","20074.16",6498,8766202,0.467126353245745
"6499","20074.16",6499,8772382,-0.392771403838626
"6500","20074.16",6500,8772577,0.27624736964925
"6501","20074.16",6501,8773685,-1.17796204755703
"6502","20074.16",6502,8774190,0.179405733524312
"6503","20074.16",6503,8776506,0.30927476757486
"6504","20074.16",6504,8776984,-0.113282492138161
"6505","20074.16",6505,8777117,0.223043363144484
"6506","20074.16",6506,8777457,0.537817613008737
"6507","20074.16",6507,8778151,0.554521703377403
"6508","20074.16",6508,8779685,0.211913294794096
"6509","20074.16",6509,8779797,-0.334249518963012
"6510","20074.16",6510,8780551,-0.186742704657415
"6511","20074.16",6511,8780891,-0.657279250338231
"6512","20074.16",6512,8781022,-0.0440560032533766
"6513","20074.16",6513,8782236,-0.175019133837028
"6514","20074.16",6514,8782971,1.04808079375195
"6515","20074.16",6515,8786689,-0.14105444783841
"6516","20074.16",6516,8787608,-0.612179371407586
"6517","20074.16",6517,8788648,-0.290415765142686
"6518","20074.16",6518,8788758,-0.273427415989426
"6519","20074.16",6519,8795870,-0.79453181501155
"6520","20074.16",6520,8797609,-0.819015121591378
"6521","20074.16",6521,8798269,-0.980001851899555
"6522","20074.16",6522,8800619,0.510644787587981
"6523","20074.16",6523,8800730,1.04326174394057
"6524","20074.16",6524,8801906,-1.24335467288216
"6525","20074.16",6525,8802752,0.969426438315211
"6526","20074.16",6526,8802832,-0.0600272062501661
"6527","20074.16",6527,8803004,0.719754404565758
"6528","20074.16",6528,8803621,0.298209050720621
"6529","20074.16",6529,8804260,0.588322453000559
"6530","20074.16",6530,8806421,-0.274202493903061
"6531","20074.16",6531,8806470,-1.12447108325967
"6532","20074.16",6532,8808298,-0.359168404760617
"6533","20074.16",6533,8808352,0.434887889005258
"6534","20074.16",6534,8809702,-0.115986757525291
"6535","20074.16",6535,8809852,-0.0852200229231652
"6536","20074.16",6536,8811439,-0.403913759297613
"6537","20074.16",6537,8811986,0.487750794621529
"6538","20074.16",6538,8812432,0.175371771708516
"6539","20074.16",6539,8812592,-0.559651653668468
"6540","20074.16",6540,8813287,-0.277996031719876
"6541","20074.16",6541,8813355,-0.0831094407149617
"6542","20074.16",6542,8815000,0.746617800488036
"6543","20074.16",6543,8815396,-0.0754793263105622
"6544","20074.16",6544,8815466,0.563023939770487
"6545","20074.16",6545,8818125,-0.0954966871237923
"6546","20074.16",6546,8819073,-0.945486606845323
"6547","20074.16",6547,8821979,0.429725985673104
"6548","20074.16",6548,8822021,0.534995052379466
"6549","20074.16",6549,8822064,-0.0427810965923028
"6550","20074.16",6550,8822131,-0.142792743642453
"6551","20074.16",6551,8822199,0.29392641653581
"6552","20074.16",6552,8822840,0.326228665057488
"6553","20074.16",6553,8822984,1.1049101506449
"6554","20074.16",6554,8823253,0.498919383041971
"6555","20074.16",6555,8824150,-0.145570904123769
"6556","20074.16",6556,8828533,0.559702080010044
"6557","20074.16",6557,8828554,0.323155210425996
"6558","20074.16",6558,8830022,1.37002241570984
"6559","20074.16",6559,8830220,0.132662744048301
"6560","20074.16",6560,8830826,0.211531210939231
"6561","20074.16",6561,8832354,-1.25375857074909
"6562","20074.16",6562,8833095,-0.322674564832642
"6563","20074.16",6563,8833192,-0.145823254511619
"6564","20074.16",6564,8836090,-0.0497354018397305
"6565","20074.16",6565,8836248,-0.923123650947633
"6566","20074.16",6566,8836915,0.0554639546778848
"6567","20074.16",6567,8838009,0.597382089532664
"6568","20074.16",6568,8839603,-1.10366892175146
"6569","20074.16",6569,8845859,-0.0976867068646792
"6570","20074.16",6570,8846692,-0.218827835788254
"6571","20074.16",6571,8847502,-0.0881411753141332
"6572","20074.16",6572,8848332,0.348763965039258
"6573","20074.16",6573,8849013,-0.235744447328228
"6574","20074.16",6574,8849456,-0.595538859176363
"6575","20074.16",6575,8850361,-1.02035618022243
"6576","20074.16",6576,8850647,0.10547310435343
"6577","20074.16",6577,8851581,-0.430825258814783
"6578","20074.16",6578,8851934,0.174326571653046
"6579","20074.16",6579,8853060,0.129080394781481
"6580","20074.16",6580,8853253,0.278862506118092
"6581","20074.16",6581,8853787,0.487380898187394
"6582","20074.16",6582,8853987,0.201260940571586
"6583","20074.16",6583,8855471,0.0139324867776889
"6584","20074.16",6584,8856520,-0.637949975722287
"6585","20074.16",6585,8857706,-0.322255239381677
"6586","20074.16",6586,8857792,0.200917303530347
"6587","20074.16",6587,8859598,-0.511582165141438
"6588","20074.16",6588,8859762,0.463365190867706
"6589","20074.16",6589,8859997,0.925563766125793
"6590","20074.16",6590,8860545,-0.228718267556879
"6591","20074.16",6591,8860900,-0.404482844527839
"6592","20074.16",6592,8860930,-0.0524812240590915
"6593","20074.16",6593,8862212,0.18486453569531
"6594","20074.16",6594,8862296,-0.207618397714742
"6595","20074.16",6595,8862644,-0.634818911512713
"6596","20074.16",6596,8862990,0.246193952945197
"6597","20074.16",6597,8865819,-0.368524962851311
"6598","20074.16",6598,8865963,1.03823114177818
"6599","20074.16",6599,8866195,0.815473550536189
"6600","20074.16",6600,8866280,-0.116940214408532
"6601","20074.16",6601,8867357,0.532904152318983
"6602","20074.16",6602,8867596,-0.351572499451656
"6603","20074.16",6603,8869729,-0.306123890089905
"6604","20074.16",6604,8870618,-0.445302935587625
"6605","20074.16",6605,8871081,0.979111532619467
"6606","20074.16",6606,8871225,-0.288013281625357
"6607","20074.16",6607,8871372,0.762979520524209
"6608","20074.16",6608,8871388,0.357955971272548
"6609","20074.16",6609,8873493,0.527051583123217
"6610","20074.16",6610,8873652,0.639067370848532
"6611","20074.16",6611,8873709,0.203693957261604
"6612","20074.16",6612,8874239,-0.379968170578296
"6613","20074.16",6613,8874690,0.712527145073959
"6614","20074.16",6614,8874779,0.501830975488805
"6615","20074.16",6615,8874856,-0.110159937561746
"6616","20074.16",6616,8875585,-0.387193111858029
"6617","20074.16",6617,8875799,-0.26680254103468
"6618","20074.16",6618,8876202,-0.276148364190671
"6619","20074.16",6619,8876418,-0.592589817375615
"6620","20074.16",6620,8876497,0.539831012023417
"6621","20074.16",6621,8877220,0.250654392476686
"6622","20074.16",6622,8877335,-0.465865515526252
"6623","20074.16",6623,8877591,0.0212249135895828
"6624","20074.16",6624,8880561,-1.02973239859643
"6625","20074.16",6625,8881190,-0.436068674635658
"6626","20074.16",6626,8881967,-0.338227998390302
"6627","20074.16",6627,8882652,-0.468529533875849
"6628","20074.16",6628,8882753,-0.150492812617125
"6629","20074.16",6629,8882888,1.28862581440501
"6630","20074.16",6630,8885135,-0.246758895677047
"6631","20074.16",6631,8886383,-0.0127227804249941
"6632","20074.16",6632,8889628,-0.0655421540939507
"6633","20074.16",6633,8890574,-0.0129837873444565
"6634","20074.16",6634,8899475,-0.159909780485989
"6635","20074.16",6635,8899912,-0.35032105570859
"6636","20074.16",6636,8900436,0.0504589293546456
"6637","20074.16",6637,8900815,1.1187724112622
"6638","20074.16",6638,8901283,0.44139831216676
"6639","20074.16",6639,8902411,0.277588674274239
"6640","20074.16",6640,8902777,0.566762378556843
"6641","20074.16",6641,8902788,-0.21777004261585
"6642","20074.16",6642,8902870,0.340027331499518
"6643","20074.16",6643,8904180,0.931613107654784
"6644","20074.16",6644,8904281,-0.118454584060363
"6645","20074.16",6645,8906958,0.53070568451028
"6646","20074.16",6646,8907025,1.013391335851
"6647","20074.16",6647,8907338,-0.0180719350457199
"6648","20074.16",6648,8907972,0.403233205428429
"6649","20074.16",6649,8910754,-0.298141960274392
"6650","20074.16",6650,8911002,-0.574921413432921
"6651","20074.16",6651,8911074,1.08911422617447
"6652","20074.16",6652,8912981,0.331872295682049
"6653","20074.16",6653,8913114,0.708618502047128
"6654","20074.16",6654,8913323,-0.611145977276587
"6655","20074.16",6655,8913804,0.90330345820989
"6656","20074.16",6656,8914147,0.209434460206148
"6657","20074.16",6657,8914519,-0.438664910241958
"6658","20074.16",6658,8914859,0.358530644178695
"6659","20074.16",6659,8914905,0.418487555477079
"6660","20074.16",6660,8916578,-0.883564334700154
"6661","20074.16",6661,8925727,-0.112732068222807
"6662","20074.16",6662,8933022,0.653992081289888
"6663","20074.16",6663,8939621,0.344419319042406
"6664","20074.16",6664,8940178,-0.209463657499152
"6665","20074.16",6665,8940422,0.378898976693418
"6666","20074.16",6666,8942242,-0.098387472064875
"6667","20074.16",6667,8942679,-0.2521738700894
"6668","20074.16",6668,8943277,0.680629914061773
"6669","20074.16",6669,8943652,-0.668895943428908
"6670","20074.16",6670,8944078,-1.29178527174593
"6671","20074.16",6671,8947516,-0.561423751625175
"6672","20074.16",6672,8949187,0.0925231297965174
"6673","20074.16",6673,8949474,0.170169171974284
"6674","20074.16",6674,8949647,0.400525434672283
"6675","20074.16",6675,8950273,0.251655885333649
"6676","20074.16",6676,8950843,-0.256106703290817
"6677","20074.16",6677,8951486,0.381346970338792
"6678","20074.16",6678,8954322,-0.00110213504891021
"6679","20074.16",6679,8958037,-0.193106687864591
"6680","20074.16",6680,8958418,-0.761338489749286
"6681","20074.16",6681,8958463,0.497198105931921
"6682","20074.16",6682,8958908,-0.500437574785928
"6683","20074.16",6683,8959267,-0.458720695267575
"6684","20074.16",6684,8959326,0.331724057396364
"6685","20074.16",6685,8959355,0.319082864580841
"6686","20074.16",6686,8968480,-1.2221415922243
"6687","20074.16",6687,8969867,-0.491160349773839
"6688","20074.16",6688,8972679,0.536498792710199
"6689","20074.16",6689,8975057,0.17568558086125
"6690","20074.16",6690,8978183,-0.530327870547691
"6691","20074.16",6691,8979922,-0.698324620987555
"6692","20074.16",6692,8980061,0.0401979385544342
"6693","20074.16",6693,8980952,0.279682743922588
"6694","20074.16",6694,8983873,-0.65150989851296
"6695","20074.16",6695,8984217,-0.204266541405938
"6696","20074.16",6696,8984269,0.202098046213155
"6697","20074.16",6697,8988188,1.1080828219646
"6698","20074.16",6698,8988238,0.840428651564536
"6699","20074.16",6699,8988603,-2.16292895451832
"6700","20074.16",6700,8991867,-1.15501928977659
"6701","20074.16",6701,8992552,0.854508485840493
"6702","20074.16",6702,8992670,0.159222975740851
"6703","20074.16",6703,8992828,0.824555573618972
"6704","20074.16",6704,8996377,0.669488544670293
"6705","20074.16",6705,8997132,-0.865177900002434
"6706","20074.16",6706,8997257,0.186682352443905
"6707","20074.16",6707,8999548,0.862128252942594
"6708","20074.16",6708,9000003,0.266544236829639
"6709","20074.16",6709,9000085,0.888983222765538
"6710","20074.16",6710,9000210,-1.4726397697527
"6711","20074.16",6711,9005991,0.72423645100737
"6712","20074.16",6712,9007343,-0.581272014045751
"6713","20074.16",6713,9007504,-0.0247373648980842
"6714","20074.16",6714,9008475,0.285613122452724
"6715","20074.16",6715,9009882,0.96661836654899
"6716","20074.16",6716,9013412,0.339674723114038
"6717","20074.16",6717,9013464,1.01089488100151
"6718","20074.16",6718,9013992,-0.307285955170869
"6719","20074.16",6719,9014350,0.31255333429858
"6720","20074.16",6720,9014805,0.382799909155639
"6721","20074.16",6721,9014928,0.375010938508516
"6722","20074.16",6722,9015519,-0.468155996507794
"6723","20074.16",6723,9015759,0.503785732898065
"6724","20074.16",6724,9018369,0.744534647329055
"6725","20074.16",6725,9022087,-0.36232129556373
"6726","20074.16",6726,9022552,-0.0976974877706587
"6727","20074.16",6727,9024969,0.560600446264945
"6728","20074.16",6728,9026594,-0.150675917215406
"6729","20074.16",6729,9027351,0.549477130305427
"6730","20074.16",6730,9027441,0.509511038914217
"6731","20074.16",6731,9027981,0.865106716668985
"6732","20074.16",6732,9028428,0.28916851444851
"6733","20074.16",6733,9028541,0.0816388616174875
"6734","20074.16",6734,9028695,-0.0570958277004801
"6735","20074.16",6735,9029008,0.9775495848663
"6736","20074.16",6736,9029932,-0.0959376442319657
"6737","20074.16",6737,9030916,-0.0521010704652651
"6738","20074.16",6738,9031104,0.27793595876883
"6739","20074.16",6739,9032865,-1.14826938886461
"6740","20074.16",6740,9032964,0.456940601901242
"6741","20074.16",6741,9034826,0.367079101917013
"6742","20074.16",6742,9035124,1.15844967172977
"6743","20074.16",6743,9035384,0.931934398395412
"6744","20074.16",6744,9035771,-0.613877592097257
"6745","20074.16",6745,9036911,-0.269092961471307
"6746","20074.16",6746,9037470,0.194627353465895
"6747","20074.16",6747,9041603,-1.37311222835671
"6748","20074.16",6748,9044162,0.331091392443438
"6749","20074.16",6749,9044342,0.268470983089474
"6750","20074.16",6750,9045462,0.388942889961521
"6751","20074.16",6751,9046434,0.584927958741228
"6752","20074.16",6752,9049071,-0.460368128789045
"6753","20074.16",6753,9049110,-0.97131462205459
"6754","20074.16",6754,9050194,-0.222517879920747
"6755","20074.16",6755,9050331,0.784210202668445
"6756","20074.16",6756,9050892,-0.220401191270887
"6757","20074.16",6757,9053913,0.731914092447528
"6758","20074.16",6758,9064262,-0.601672533922805
"6759","20074.16",6759,9073832,-1.43084500599279
"6760","20074.16",6760,9074342,-0.401892247805044
"6761","20074.16",6761,9076724,-0.709675678393393
"6762","20074.16",6762,9076936,1.47559019336656
"6763","20074.16",6763,9081384,-0.30874444977917
"6764","20074.16",6764,9083367,0.229968222126884
"6765","20074.16",6765,9085748,0.0225793144709856
"6766","20074.16",6766,9087429,-0.562756519230872
"6767","20074.16",6767,9090953,0.523204775794858
"6768","20074.16",6768,9091945,-0.310629511974621
"6769","20074.16",6769,9094668,-0.111690324064941
"6770","20074.16",6770,9097525,0.241502509826852
"6771","20074.16",6771,9100285,0.0484715891417782
"6772","20074.16",6772,9101180,-0.899239264455051
"6773","20074.16",6773,9101249,0.427712424915449
"6774","20074.16",6774,9101586,0.592748665203504
"6775","20074.16",6775,9101609,0.943389498358802
"6776","20074.16",6776,9102388,0.214193294062131
"6777","20074.16",6777,9103926,1.23692874694748
"6778","20074.16",6778,9104131,0.0806783949388414
"6779","20074.16",6779,9107012,-0.531478862999964
"6780","20074.16",6780,9107554,-0.0430127607311466
"6781","20074.16",6781,9108098,0.232571248243616
"6782","20074.16",6782,9108220,0.0475723602339135
"6783","20074.16",6783,9109391,-0.187922878200431
"6784","20074.16",6784,9110891,-0.65525628746382
"6785","20074.16",6785,9111137,-0.346690524559335
"6786","20074.16",6786,9115906,-0.0914434584325372
"6787","20074.16",6787,9118599,-0.135219793889449
"6788","20074.16",6788,9118815,-0.202238635458098
"6789","20074.16",6789,9119884,0.209091161438298
"6790","20074.16",6790,9123409,0.316337066967219
"6791","20074.16",6791,9133663,-1.4605974951901
"6792","20074.16",6792,9141051,0.230722732740621
"6793","20074.16",6793,9143217,-0.137489793011319
"6794","20074.16",6794,9146110,-0.408498853676684
"6795","20074.16",6795,9147012,-0.271287941468615
"6796","20074.16",6796,9150891,-0.166976189808655
"6797","20074.16",6797,9154687,0.218130834413398
"6798","20074.16",6798,9157035,-0.930854989766708
"6799","20074.16",6799,9160757,-0.577649595993533
"6800","20074.16",6800,9162214,1.11210581045022
"6801","20074.16",6801,9162397,0.0588386140541841
"6802","20074.16",6802,9163956,-0.168768110808741
"6803","20074.16",6803,9165054,-0.037621316829882
"6804","20074.16",6804,9165147,-0.252896518355112
"6805","20074.16",6805,9166310,-0.963737231888984
"6806","20074.16",6806,9170248,0.922221166403529
"6807","20074.16",6807,9172290,-0.922853822171213
"6808","20074.16",6808,9172993,-0.395669132493118
"6809","20074.16",6809,9174181,0.567893593714373
"6810","20074.16",6810,9181901,0.0238074404206579
"6811","20074.16",6811,9182577,0.383712161347057
"6812","20074.16",6812,9182612,0.576057576358044
"6813","20074.16",6813,9183435,0.281182909407895
"6814","20074.16",6814,9183900,-0.519380383555093
"6815","20074.16",6815,9194374,1.00576927807879
"6816","20074.16",6816,9196630,0.00583132270073605
"6817","20074.16",6817,9198940,0.401619818259067
"6818","20074.16",6818,9198987,0.368224838420818
"6819","20074.16",6819,9199036,0.95805730954121
"6820","20074.16",6820,9200902,-0.32626423113507
"6821","20074.16",6821,9201970,0.790130754355943
"6822","20074.16",6822,9203302,-0.366339241595577
"6823","20074.16",6823,9205363,0.578734088390244
"6824","20074.16",6824,9205447,0.816612039039865
"6825","20074.16",6825,9205982,-0.144027367156243
"6826","20074.16",6826,9206299,-0.288528733031409
"6827","20074.16",6827,9206758,0.601248096830088
"6828","20074.16",6828,9210373,0.697457762668244
"6829","20074.16",6829,9211175,-0.38674622370227
"6830","20074.16",6830,9211859,0.510886225392261
"6831","20074.16",6831,9212560,0.370710946657382
"6832","20074.16",6832,9212987,-0.0510486417080429
"6833","20074.16",6833,9215165,0.694729926130168
"6834","20074.16",6834,9216040,-0.294512082588445
"6835","20074.16",6835,9216164,-0.289424697733405
"6836","20074.16",6836,9216739,0.586722642187074
"6837","20074.16",6837,9216914,-0.495162137102144
"6838","20074.16",6838,9217225,0.5926224761977
"6839","20074.16",6839,9218024,-1.1586992521552
"6840","20074.16",6840,9218701,-0.224809045628141
"6841","20074.16",6841,9218887,-0.704558216859775
"6842","20074.16",6842,9222243,0.303445830742258
"6843","20074.16",6843,9222411,0.184183284533448
"6844","20074.16",6844,9223039,0.503910333846277
"6845","20074.16",6845,9224222,-0.168413239032641
"6846","20074.16",6846,9224276,-0.0911746215531783
"6847","20074.16",6847,9224356,-0.322633355398836
"6848","20074.16",6848,9225952,0.0429398757330564
"6849","20074.16",6849,9225975,-1.71579297374153
"6850","20074.16",6850,9226371,0.470545797629488
"6851","20074.16",6851,9228532,0.143444150243263
"6852","20074.16",6852,9232888,-0.550841223899432
"6853","20074.16",6853,9236300,-0.514387470921862
"6854","20074.16",6854,9241941,-0.67692339728857
"6855","20074.16",6855,9242279,-0.240773322205075
"6856","20074.16",6856,9243718,-1.00813507718595
"6857","20074.16",6857,9247978,-0.483436906030693
"6858","20074.16",6858,9248090,-0.352985871628389
"6859","20074.16",6859,9249825,-0.710944173025093
"6860","20074.16",6860,9250173,0.0933084116106455
"6861","20074.16",6861,9256438,0.250091112479732
"6862","20074.16",6862,9258425,-0.0738168635695446
"6863","20074.16",6863,9259690,0.622449788466136
"6864","20074.16",6864,9261332,-0.623540965069378
"6865","20074.16",6865,9262284,0.458406457841371
"6866","20074.16",6866,9263053,-0.0538773796578083
"6867","20074.16",6867,9263737,-0.351408057653821
"6868","20074.16",6868,9264161,0.320579806323123
"6869","20074.16",6869,9264427,-0.634409213594158
"6870","20074.16",6870,9266300,0.719264130285231
"6871","20074.16",6871,9267829,-0.598787193783262
"6872","20074.16",6872,9269975,0.545740727400198
"6873","20074.16",6873,9270011,0.215245349616564
"6874","20074.16",6874,9274482,0.318254574646308
"6875","20074.16",6875,9276090,-0.067757710196716
"6876","20074.16",6876,9276561,0.215993226435566
"6877","20074.16",6877,9278948,0.180048630069617
"6878","20074.16",6878,9279491,0.166578509543846
"6879","20074.16",6879,9279670,-0.00242798029077651
"6880","20074.16",6880,9279852,-0.171140878830983
"6881","20074.16",6881,9279881,-0.812631914048437
"6882","20074.16",6882,9280016,0.569149083684928
"6883","20074.16",6883,9281087,0.135016225219798
"6884","20074.16",6884,9283624,-0.193596392029711
"6885","20074.16",6885,9283991,-0.349729810602402
"6886","20074.16",6886,9284960,0.806072112261208
"6887","20074.16",6887,9286860,0.162801749778839
"6888","20074.16",6888,9287874,0.636532085715827
"6889","20074.16",6889,9288453,0.516324266390698
"6890","20074.16",6890,9288662,-0.296292959729824
"6891","20074.16",6891,9289238,-0.0303915943043265
"6892","20074.16",6892,9290351,-0.562619812519319
"6893","20074.16",6893,9290749,0.267848767010743
"6894","20074.16",6894,9294659,0.0562654726749114
"6895","20074.16",6895,9295342,-0.147330037605792
"6896","20074.16",6896,9297165,-0.232701077546457
"6897","20074.16",6897,9298188,0.923100339913229
"6898","20074.16",6898,9298257,0.291605350956957
"6899","20074.16",6899,9299876,0.277756251351231
"6900","20074.16",6900,9299907,0.0393403318382983
"6901","20074.16",6901,9299946,0.577162292981439
"6902","20074.16",6902,9300231,0.772077484799413
"6903","20074.16",6903,9300263,0.322912535008553
"6904","20074.16",6904,9300308,1.13078291096257
"6905","20074.16",6905,9301716,0.545987912712609
"6906","20074.16",6906,9302081,-0.188956100033988
"6907","20074.16",6907,9302688,0.47372457514924
"6908","20074.16",6908,9303304,0.358963176664594
"6909","20074.16",6909,9303318,0.0725595032911563
"6910","20074.16",6910,9306667,-0.879038280199175
"6911","20074.16",6911,9308081,0.0926378303679218
"6912","20074.16",6912,9312120,-0.0385859454468465
"6913","20074.16",6913,9312782,0.099758820704917
"6914","20074.16",6914,9317592,-0.155527002909695
"6915","20074.16",6915,9318045,-0.720221616492753
"6916","20074.16",6916,9318269,-0.511908453133405
"6917","20074.16",6917,9318767,-0.73320394752311
"6918","20074.16",6918,9318907,0.135455570252196
"6919","20074.16",6919,9320999,-0.8887192762502
"6920","20074.16",6920,9321263,0.778803750860642
"6921","20074.16",6921,9322363,0.508511023676022
"6922","20074.16",6922,9322418,0.408543680521384
"6923","20074.16",6923,9322507,0.67918428068918
"6924","20074.16",6924,9322613,0.391119534890618
"6925","20074.16",6925,9323347,-0.535021313461239
"6926","20074.16",6926,9323443,-0.198975581395247
"6927","20074.16",6927,9325985,0.828899945159345
"6928","20074.16",6928,9326011,0.538181408437159
"6929","20074.16",6929,9327644,-0.156720624615279
"6930","20074.16",6930,9328676,0.857564613209717
"6931","20074.16",6931,9328703,0.449303632215634
"6932","20074.16",6932,9328942,0.739545974353663
"6933","20074.16",6933,9330892,0.0304009736921529
"6934","20074.16",6934,9331799,0.349114588136774
"6935","20074.16",6935,9332816,0.207642238784665
"6936","20074.16",6936,9333707,-0.319155839201623
"6937","20074.16",6937,9334207,0.45842054997281
"6938","20074.16",6938,9335318,0.526335664308282
"6939","20074.16",6939,9335411,0.331655231574358
"6940","20074.16",6940,9336256,-0.243432719368447
"6941","20074.16",6941,9336618,-0.234000938340082
"6942","20074.16",6942,9337305,0.117120811394354
"6943","20074.16",6943,9337440,-0.242018838623067
"6944","20074.16",6944,9338713,0.62485736225682
"6945","20074.16",6945,9342280,-0.283034979546493
"6946","20074.16",6946,9342838,0.384293798649732
"6947","20074.16",6947,9343367,-0.211712411116913
"6948","20074.16",6948,9343543,0.404584859061974
"6949","20074.16",6949,9346449,-0.310267436122328
"6950","20074.16",6950,9346759,0.690970042927314
"6951","20074.16",6951,9346787,0.9313507653089
"6952","20074.16",6952,9347864,-0.384001817460012
"6953","20074.16",6953,9348180,-1.49293115974343
"6954","20074.16",6954,9348180,-0.529077678124285
"6955","20074.16",6955,9348755,-0.512483366463315
"6956","20074.16",6956,9349447,-0.40882421489218
"6957","20074.16",6957,9350580,-0.527018054614349
"6958","20074.16",6958,9350820,0.982187051962655
"6959","20074.16",6959,9351021,0.33542914708542
"6960","20074.16",6960,9351258,-0.339143506447957
"6961","20074.16",6961,9354047,-1.1165598924885
"6962","20074.16",6962,9354756,0.0556792256196106
"6963","20074.16",6963,9357195,0.128694138829962
"6964","20074.16",6964,9357428,-0.0821595031031732
"6965","20074.16",6965,9361791,0.541782422313147
"6966","20074.16",6966,9362743,1.01175435901668
"6967","20074.16",6967,9363567,-0.455128871558263
"6968","20074.16",6968,9371024,-0.180435995003742
"6969","20074.16",6969,9371586,0.756479193306288
"6970","20074.16",6970,9371906,-0.0521399789574666
"6971","20074.16",6971,9375301,0.494646968820166
"6972","20074.16",6972,9375523,0.426391665562575
"6973","20074.16",6973,9375856,0.479011733705044
"6974","20074.16",6974,9379293,-0.316211508444532
"6975","20074.16",6975,9379379,0.186568700580554
"6976","20074.16",6976,9380416,-0.177910806592307
"6977","20074.16",6977,9380708,-0.251756996497379
"6978","20074.16",6978,9380877,0.224998036958188
"6979","20074.16",6979,9380962,0.482773525898375
"6980","20074.16",6980,9381211,-0.236209795973197
"6981","20074.16",6981,9381295,0.010036099019338
"6982","20074.16",6982,9382729,0.675569305578933
"6983","20074.16",6983,9383175,0.511206634830622
"6984","20074.16",6984,9383554,-0.767371215201031
"6985","20074.16",6985,9384272,-0.339354380146783
"6986","20074.16",6986,9384562,-0.101367292989016
"6987","20074.16",6987,9384791,-0.432217207777951
"6988","20074.16",6988,9384971,0.246566058390491
"6989","20074.16",6989,9385874,-0.463545448538121
"6990","20074.16",6990,9389845,0.629308136941572
"6991","20074.16",6991,9390035,0.44234113571915
"6992","20074.16",6992,9390295,0.26805465873509
"6993","20074.16",6993,9390519,-1.61741607653827
"6994","20074.16",6994,9391703,0.414007899266202
"6995","20074.16",6995,9392381,0.242640404579114
"6996","20074.16",6996,9393154,-1.71479883608113
"6997","20074.16",6997,9394212,-0.0507370368646667
"6998","20074.16",6998,9394518,-0.615806146047049
"6999","20074.16",6999,9397933,0.979801232651355
"7000","20074.16",7000,9398101,-0.610085436902365
"7001","20074.16",7001,9398435,1.06066113581411
"7002","20074.16",7002,9398894,-0.969238707720094
"7003","20074.16",7003,9399292,-0.0786539358114284
"7004","20074.16",7004,9399711,0.383309179168777
"7005","20074.16",7005,9399724,0.804291403546078
"7006","20074.16",7006,9399796,0.843034385988134
"7007","20074.16",7007,9400682,0.462832622972127
"7008","20074.16",7008,9400995,0.637618408118164
"7009","20074.16",7009,9401041,0.762000068773921
"7010","20074.16",7010,9401170,-0.135541808393834
"7011","20074.16",7011,9401446,-0.0944577183817241
"7012","20074.16",7012,9401468,0.372033526002331
"7013","20074.16",7013,9403093,0.919299125844678
"7014","20074.16",7014,9403856,0.380087637051701
"7015","20074.16",7015,9404979,-0.0949197663202348
"7016","20074.16",7016,9405703,-0.0711859758780626
"7017","20074.16",7017,9405834,-0.16518530833512
"7018","20074.16",7018,9405885,-0.524633965703525
"7019","20074.16",7019,9408508,-0.112608534572454
"7020","20074.16",7020,9409310,-0.0467848668174797
"7021","20074.16",7021,9410473,-0.569377864961709
"7022","20074.16",7022,9410763,-0.181510139547749
"7023","20074.16",7023,9413210,-0.126045622724567
"7024","20074.16",7024,9413237,-0.164491665774983
"7025","20074.16",7025,9413353,0.705452302442214
"7026","20074.16",7026,9413622,0.079596002153429
"7027","20074.16",7027,9414652,0.0986644005988406
"7028","20074.16",7028,9415351,0.294642942503629
"7029","20074.16",7029,9415480,0.68946867050909
"7030","20074.16",7030,9415586,0.228589649576234
"7031","20074.16",7031,9415717,-0.15341362504614
"7032","20074.16",7032,9416690,0.439179635265307
"7033","20074.16",7033,9417288,0.0811106147759784
"7034","20074.16",7034,9417363,0.176660984312773
"7035","20074.16",7035,9417495,-0.199666877314383
"7036","20074.16",7036,9417781,0.65918113884088
"7037","20074.16",7037,9418948,0.0331856460347479
"7038","20074.16",7038,9420635,0.210734062213406
"7039","20074.16",7039,9425362,-0.279422559690388
"7040","20074.16",7040,9425567,0.0709318497168914
"7041","20074.16",7041,9427217,0.870774074133219
"7042","20074.16",7042,9427609,0.454855207675407
"7043","20074.16",7043,9428626,-0.214694592882062
"7044","20074.16",7044,9430442,0.138569121697814
"7045","20074.16",7045,9431173,-0.0713952880800797
"7046","20074.16",7046,9433276,-1.08962652077512
"7047","20074.16",7047,9435202,-0.111000549239065
"7048","20074.16",7048,9435491,-0.691562942975442
"7049","20074.16",7049,9436005,-0.817295628732467
"7050","20074.16",7050,9436915,0.57599923028394
"7051","20074.16",7051,9437050,0.18067197550389
"7052","20074.16",7052,9437951,-0.848983145652767
"7053","20074.16",7053,9438481,-0.645352756019816
"7054","20074.16",7054,9438692,0.434910608052319
"7055","20074.16",7055,9438831,-0.0684847166620539
"7056","20074.16",7056,9448247,0.00435808912853197
"7057","20074.16",7057,9448927,0.679370634763823
"7058","20074.16",7058,9454917,0.294601951113008
"7059","20074.16",7059,9456554,0.218268003205132
"7060","20074.16",7060,9457270,0.198767846235144
"7061","20074.16",7061,9457517,0.050609486975258
"7062","20074.16",7062,9457915,0.388301174152201
"7063","20074.16",7063,9460186,0.0992403712386762
"7064","20074.16",7064,9462809,0.725733879466891
"7065","20074.16",7065,9463433,0.478612054331983
"7066","20074.16",7066,9465191,-1.02035724625491
"7067","20074.16",7067,9465757,-0.709612304561555
"7068","20074.16",7068,9465845,0.163888995499143
"7069","20074.16",7069,9466158,-0.233808775176241
"7070","20074.16",7070,9466790,0.610254087209927
"7071","20074.16",7071,9466983,-1.16341590503313
"7072","20074.16",7072,9468329,0.334988175475627
"7073","20074.16",7073,9469907,-0.267436702527409
"7074","20074.16",7074,9470620,-0.192600399559511
"7075","20074.16",7075,9470887,0.638717280155059
"7076","20074.16",7076,9471236,0.606425857289337
"7077","20074.16",7077,9471268,-0.141844243511361
"7078","20074.16",7078,9473127,-0.835685776956016
"7079","20074.16",7079,9473595,-0.736567333253931
"7080","20074.16",7080,9474186,-0.538149760053091
"7081","20074.16",7081,9476345,-0.576998650930912
"7082","20074.16",7082,9476828,0.545164738826839
"7083","20074.16",7083,9477763,-0.6880816208649
"7084","20074.16",7084,9478263,0.32253169624872
"7085","20074.16",7085,9479558,0.184358319035205
"7086","20074.16",7086,9481766,0.11070209024373
"7087","20074.16",7087,9483202,-0.00542549528115366
"7088","20074.16",7088,9483855,-0.815525619657937
"7089","20074.16",7089,9483968,0.367247801920924
"7090","20074.16",7090,9484028,-0.0477268963543365
"7091","20074.16",7091,9484957,0.71186032400026
"7092","20074.16",7092,9490305,-0.519085945289397
"7093","20074.16",7093,9491883,-1.07829383944888
"7094","20074.16",7094,9492377,-0.735705933622916
"7095","20074.16",7095,9492446,0.272532653871335
"7096","20074.16",7096,9492707,0.413555253416498
"7097","20074.16",7097,9493517,0.875943435048959
"7098","20074.16",7098,9493926,-0.0648374187805185
"7099","20074.16",7099,9493967,0.454119290154284
"7100","20074.16",7100,9495943,-0.353826619513659
"7101","20074.16",7101,9496186,0.572848869533995
"7102","20074.16",7102,9497391,-1.11217771554759
"7103","20074.16",7103,9497663,0.303209391046299
"7104","20074.16",7104,9497720,-0.233763410204653
"7105","20074.16",7105,9499321,0.32446404220853
"7106","20074.16",7106,9499411,-0.00441280233694474
"7107","20074.16",7107,9500086,0.456060077483088
"7108","20074.16",7108,9500509,0.301368199478824
"7109","20074.16",7109,9502281,-0.22483775386264
"7110","20074.16",7110,9502513,-0.373265145203
"7111","20074.16",7111,9503071,-1.34937468724995
"7112","20074.16",7112,9503413,-0.826263209969617
"7113","20074.16",7113,9505631,-1.32006420453153
"7114","20074.16",7114,9505931,0.402346591497428
"7115","20074.16",7115,9505986,-0.477315004441151
"7116","20074.16",7116,9508990,-1.48244750370768
"7117","20074.16",7117,9509850,0.681660543368221
"7118","20074.16",7118,9510005,-0.583006693428913
"7119","20074.16",7119,9510161,-0.43981922914369
"7120","20074.16",7120,9510190,-0.037159025991075
"7121","20074.16",7121,9515339,0.0942096962120527
"7122","20074.16",7122,9515402,0.177293024167525
"7123","20074.16",7123,9516112,0.827488982542662
"7124","20074.16",7124,9516566,0.115519190663228
"7125","20074.16",7125,9516684,0.973142422747798
"7126","20074.16",7126,9516815,0.413652574743744
"7127","20074.16",7127,9516992,0.52365779477767
"7128","20074.16",7128,9517454,0.731744919005004
"7129","20074.16",7129,9517561,0.162708537509635
"7130","20074.16",7130,9518037,0.569731834769894
"7131","20074.16",7131,9519835,0.177912335378431
"7132","20074.16",7132,9519927,-0.784691886716367
"7133","20074.16",7133,9522052,0.175328131540966
"7134","20074.16",7134,9522260,-0.0519790020852318
"7135","20074.16",7135,9522660,0.0693601820908007
"7136","20074.16",7136,9530272,0.012589041598023
"7137","20074.16",7137,9531496,-0.155860065462329
"7138","20074.16",7138,9531918,0.678802827337342
"7139","20074.16",7139,9532307,0.211553637652301
"7140","20074.16",7140,9532484,-0.466364725415857
"7141","20074.16",7141,9532955,-0.138187942184839
"7142","20074.16",7142,9532978,0.657675828263259
"7143","20074.16",7143,9535518,-0.599166616015273
"7144","20074.16",7144,9535675,0.0596696120518327
"7145","20074.16",7145,9535895,0.227809558742452
"7146","20074.16",7146,9536631,0.224954395758802
"7147","20074.16",7147,9536847,0.942158162616093
"7148","20074.16",7148,9537169,-1.60306590235977
"7149","20074.16",7149,9541557,-0.344071621436731
"7150","20074.16",7150,9541717,0.319383896543761
"7151","20074.16",7151,9542295,-0.78314574816097
"7152","20074.16",7152,9542308,0.0706138147636617
"7153","20074.16",7153,9544100,-0.00529216727044091
"7154","20074.16",7154,9546610,-0.548231355570942
"7155","20074.16",7155,9548864,0.884685047361077
"7156","20074.16",7156,9548959,0.676285035750337
"7157","20074.16",7157,9549459,-0.0510370041993635
"7158","20074.16",7158,9550075,-1.19959776767611
"7159","20074.16",7159,9551169,-0.111905424174578
"7160","20074.16",7160,9552872,-0.0493454800324846
"7161","20074.16",7161,9555283,0.67908428153451
"7162","20074.16",7162,9555369,0.803764643340291
"7163","20074.16",7163,9555489,-0.504270847897454
"7164","20074.16",7164,9558385,0.69508673123548
"7165","20074.16",7165,9561316,0.379951399449374
"7166","20074.16",7166,9561784,-0.257520827561529
"7167","20074.16",7167,9561925,-0.0405224449157204
"7168","20074.16",7168,9562002,-0.368576193542134
"7169","20074.16",7169,9562082,-0.368894993828495
"7170","20074.16",7170,9562368,0.00531527314071489
"7171","20074.16",7171,9562524,-0.464383373190502
"7172","20074.16",7172,9562745,0.765594898957365
"7173","20074.16",7173,9562763,-0.557832791321845
"7174","20074.16",7174,9563338,1.00841940458754
"7175","20074.16",7175,9563738,-0.478094233547731
"7176","20074.16",7176,9563977,0.074109780655343
"7177","20074.16",7177,9566074,0.0868452879064172
"7178","20074.16",7178,9566111,-0.904323757984534
"7179","20074.16",7179,9570037,-0.331839531005747
"7180","20074.16",7180,9571042,0.309516263179268
"7181","20074.16",7181,9574228,-0.723689094213942
"7182","20074.16",7182,9574513,-0.0331249030153016
"7183","20074.16",7183,9574557,1.06293096710746
"7184","20074.16",7184,9574729,-0.0357487422898233
"7185","20074.16",7185,9575052,-0.287369582641444
"7186","20074.16",7186,9575704,1.25726648279177
"7187","20074.16",7187,9576196,0.462093033363442
"7188","20074.16",7188,9576581,0.254065610543267
"7189","20074.16",7189,9577109,-0.456164032158154
"7190","20074.16",7190,9581196,-0.0970539442210168
"7191","20074.16",7191,9581419,0.58348089870331
"7192","20074.16",7192,9581809,-0.50813200081847
"7193","20074.16",7193,9584489,0.200190496457622
"7194","20074.16",7194,9584547,0.512256044278081
"7195","20074.16",7195,9585387,-0.154815650349519
"7196","20074.16",7196,9587927,0.32442039679816
"7197","20074.16",7197,9588194,-0.0717101871615631
"7198","20074.16",7198,9588215,0.287019320063369
"7199","20074.16",7199,9590062,0.143962333333096
"7200","20074.16",7200,9590817,-0.534282416117621
"7201","20074.16",7201,9591896,0.000989258913032032
"7202","20074.16",7202,9592256,0.0995431323043698
"7203","20074.16",7203,9595000,0.558965271561774
"7204","20074.16",7204,9597259,0.0773124224855044
"7205","20074.16",7205,9597748,0.0539871912771881
"7206","20074.16",7206,9598191,-0.557938261250519
"7207","20074.16",7207,9601721,0.0503396118675807
"7208","20074.16",7208,9602246,-0.0247172765482961
"7209","20074.16",7209,9603447,0.452023596463024
"7210","20074.16",7210,9604537,0.0932382465219641
"7211","20074.16",7211,9605288,0.0417055931044423
"7212","20074.16",7212,9607100,0.348415087362599
"7213","20074.16",7213,9607238,-0.24749918624455
"7214","20074.16",7214,9607715,-0.227061107474726
"7215","20074.16",7215,9608288,-0.127073541594036
"7216","20074.16",7216,9608879,0.599101811252823
"7217","20074.16",7217,9609206,0.208255592760384
"7218","20074.16",7218,9609762,0.132522252680165
"7219","20074.16",7219,9610105,-0.625999076729713
"7220","20074.16",7220,9610356,-0.297788919988818
"7221","20074.16",7221,9612510,0.728048809647126
"7222","20074.16",7222,9613595,0.0199339699575045
"7223","20074.16",7223,9614203,0.972196737507155
"7224","20074.16",7224,9615769,0.730642280179768
"7225","20074.16",7225,9615907,-0.756185230661563
"7226","20074.16",7226,9617033,-0.579159983868901
"7227","20074.16",7227,9619444,0.464921124663047
"7228","20074.16",7228,9621035,-0.443536798858773
"7229","20074.16",7229,9622330,0.407813617948219
"7230","20074.16",7230,9624153,-0.836653073008637
"7231","20074.16",7231,9624532,0.346815725391051
"7232","20074.16",7232,9626186,0.233969351044501
"7233","20074.16",7233,9626633,-0.832466496261777
"7234","20074.16",7234,9626736,0.185719622914758
"7235","20074.16",7235,9626822,0.161089634708732
"7236","20074.16",7236,9627133,0.841728052548327
"7237","20074.16",7237,9627341,0.0434817616187395
"7238","20074.16",7238,9627358,0.357442789632223
"7239","20074.16",7239,9628653,-0.598062401760271
"7240","20074.16",7240,9629444,-0.652765556000205
"7241","20074.16",7241,9630173,-0.170666502573035
"7242","20074.16",7242,9630509,0.251996163888715
"7243","20074.16",7243,9630723,0.129726610988005
"7244","20074.16",7244,9631181,0.0923985672784093
"7245","20074.16",7245,9631362,-0.260236608586895
"7246","20074.16",7246,9631875,-0.403886327043849
"7247","20074.16",7247,9634108,-0.667118646760453
"7248","20074.16",7248,9634142,0.580498744136482
"7249","20074.16",7249,9634237,-0.269430646861949
"7250","20074.16",7250,9634630,-0.176144959947173
"7251","20074.16",7251,9636476,-0.950308809184252
"7252","20074.16",7252,9637271,0.055086775515373
"7253","20074.16",7253,9637552,0.409057254956047
"7254","20074.16",7254,9638655,-0.0960025943543368
"7255","20074.16",7255,9638734,0.176363480779624
"7256","20074.16",7256,9639128,-0.25748978467578
"7257","20074.16",7257,9640737,0.584064335794392
"7258","20074.16",7258,9640809,-0.561973556753216
"7259","20074.16",7259,9641385,0.280206536690446
"7260","20074.16",7260,9641789,0.445020242332652
"7261","20074.16",7261,9641984,0.464771826116482
"7262","20074.16",7262,9642019,-0.0648154151915632
"7263","20074.16",7263,9642504,0.693662394998507
"7264","20074.16",7264,9642620,-0.237061369320116
"7265","20074.16",7265,9644235,0.6075240140414
"7266","20074.16",7266,9644485,-0.185649767703772
"7267","20074.16",7267,9644891,0.208010691642537
"7268","20074.16",7268,9645225,0.200509227418386
"7269","20074.16",7269,9645390,0.37343724383597
"7270","20074.16",7270,9645424,0.304754065273337
"7271","20074.16",7271,9645677,0.00464418883136286
"7272","20074.16",7272,9645827,-0.138961346379684
"7273","20074.16",7273,9645880,-0.580481520775203
"7274","20074.16",7274,9648118,-0.212936283316051
"7275","20074.16",7275,9650813,0.759914020403616
"7276","20074.16",7276,9651128,0.194698836417716
"7277","20074.16",7277,9653405,-0.178288252398902
"7278","20074.16",7278,9653458,-0.000114390561139821
"7279","20074.16",7279,9653968,0.110795233332086
"7280","20074.16",7280,9654056,-0.167383045704417
"7281","20074.16",7281,9654132,-0.111463671508828
"7282","20074.16",7282,9654353,0.885217153521046
"7283","20074.16",7283,9655579,0.00400340059699733
"7284","20074.16",7284,9655604,-0.788614367850587
"7285","20074.16",7285,9655772,0.76899766057791
"7286","20074.16",7286,9656240,0.0195479192352233
"7287","20074.16",7287,9656746,1.05590118289236
"7288","20074.16",7288,9656902,-1.3337005991566
"7289","20074.16",7289,9657105,-0.440686855279923
"7290","20074.16",7290,9660746,-1.48753214604635
"7291","20074.16",7291,9661110,0.313062004634109
"7292","20074.16",7292,9661244,-0.242598506728043
"7293","20074.16",7293,9661713,-0.0219676709513585
"7294","20074.16",7294,9661935,0.459471662502756
"7295","20074.16",7295,9662155,0.64194474476669
"7296","20074.16",7296,9664529,0.659361320969302
"7297","20074.16",7297,9664713,-0.154987932134951
"7298","20074.16",7298,9664731,0.846708535573643
"7299","20074.16",7299,9664946,0.0130648153669011
"7300","20074.16",7300,9665827,-0.186612975188973
"7301","20074.16",7301,9667058,0.384478601235121
"7302","20074.16",7302,9668608,-0.322606708714822
"7303","20074.16",7303,9668688,0.186312369631731
"7304","20074.16",7304,9668884,0.605648206723191
"7305","20074.16",7305,9668929,-0.593227503059444
"7306","20074.16",7306,9670669,0.200858732732197
"7307","20074.16",7307,9671707,0.390258872758028
"7308","20074.16",7308,9671844,0.243457080400504
"7309","20074.16",7309,9672098,0.70816616421038
"7310","20074.16",7310,9672452,-0.0924148110058622
"7311","20074.16",7311,9672917,-0.13866589128189
"7312","20074.16",7312,9674366,0.0914706333170479
"7313","20074.16",7313,9674469,-0.683603396590573
"7314","20074.16",7314,9677503,0.593064988291519
"7315","20074.16",7315,9677662,0.458957576735954
"7316","20074.16",7316,9678223,0.119997613509264
"7317","20074.16",7317,9678239,-0.396282660172383
"7318","20074.16",7318,9684712,0.00330360398590557
"7319","20074.16",7319,9684737,-0.254234586697965
"7320","20074.16",7320,9684775,-0.0694692983617635
"7321","20074.16",7321,9684860,0.692272629382283
"7322","20074.16",7322,9684985,-0.0281186519281391
"7323","20074.16",7323,9685382,-0.530072919090112
"7324","20074.16",7324,9685414,1.01278870673465
"7325","20074.16",7325,9685760,-0.322457158533723
"7326","20074.16",7326,9688055,-0.0581446424549164
"7327","20074.16",7327,9689261,0.087680215096003
"7328","20074.16",7328,9689351,0.389587635710469
"7329","20074.16",7329,9689474,-0.0385501788535949
"7330","20074.16",7330,9692894,-1.4048246728553
"7331","20074.16",7331,9693326,-1.22567778229276
"7332","20074.16",7332,9693676,0.319192030943412
"7333","20074.16",7333,9693997,-0.484596142751984
"7334","20074.16",7334,9694175,-1.27478332017683
"7335","20074.16",7335,9694661,0.200059773761203
"7336","20074.16",7336,9702917,-0.105545816813156
"7337","20074.16",7337,9703336,0.0148256148209596
"7338","20074.16",7338,9703656,-0.649284900421895
"7339","20074.16",7339,9707265,0.629300354508721
"7340","20074.16",7340,9707666,0.832871062890297
"7341","20074.16",7341,9707856,-0.173436714298076
"7342","20074.16",7342,9708048,0.298513200340753
"7343","20074.16",7343,9708268,0.93002159579774
"7344","20074.16",7344,9710475,0.257706797596192
"7345","20074.16",7345,9710524,-0.612411321433752
"7346","20074.16",7346,9710895,-0.371600549395131
"7347","20074.16",7347,9717369,-0.602772162364223
"7348","20074.16",7348,9717386,0.160501816417558
"7349","20074.16",7349,9717408,-0.313205971938793
"7350","20074.16",7350,9719252,-0.207893106350963
"7351","20074.16",7351,9719959,-0.678617138538183
"7352","20074.16",7352,9720346,0.344791097633633
"7353","20074.16",7353,9721078,-0.0127464347485802
"7354","20074.16",7354,9721301,-0.253078526874052
"7355","20074.16",7355,9721516,-0.252673424402825
"7356","20074.16",7356,9721637,-0.96431685063208
"7357","20074.16",7357,9721951,-0.1096035587816
"7358","20074.16",7358,9722180,0.157538200163761
"7359","20074.16",7359,9722367,-0.309146164924459
"7360","20074.16",7360,9722399,0.488231793548555
"7361","20074.16",7361,9723004,0.7642761253757
"7362","20074.16",7362,9723082,0.379538777692285
"7363","20074.16",7363,9724750,-0.475580631791553
"7364","20074.16",7364,9726246,0.267289830322651
"7365","20074.16",7365,9727952,0.395016121650849
"7366","20074.16",7366,9728129,0.195648926619185
"7367","20074.16",7367,9729341,-1.52578654901311
"7368","20074.16",7368,9730107,0.239228307332314
"7369","20074.16",7369,9730114,0.466257970260274
"7370","20074.16",7370,9730827,-0.417975630072295
"7371","20074.16",7371,9736454,-1.39998374868183
"7372","20074.16",7372,9738833,0.287331792778015
"7373","20074.16",7373,9738961,-0.740825935574164
"7374","20074.16",7374,9739045,0.142611988313462
"7375","20074.16",7375,9739204,-0.523602171378929
"7376","20074.16",7376,9740540,0.345345090715662
"7377","20074.16",7377,9741343,0.56227736055672
"7378","20074.16",7378,9741773,0.181088154600311
"7379","20074.16",7379,9742078,-0.209396273483994
"7380","20074.16",7380,9743414,-0.252910483998529
"7381","20074.16",7381,9743499,-0.141501945084795
"7382","20074.16",7382,9744095,-0.543560644715199
"7383","20074.16",7383,9748201,-0.295054179399453
"7384","20074.16",7384,9748234,-0.0640539702510221
"7385","20074.16",7385,9749086,0.460706244236053
"7386","20074.16",7386,9749229,0.0806449940856275
"7387","20074.16",7387,9749365,-0.594992895144316
"7388","20074.16",7388,9750767,-1.6869779410052
"7389","20074.16",7389,9754737,0.12714668138764
"7390","20074.16",7390,9754812,-0.128198276094399
"7391","20074.16",7391,9754849,-0.326552361966568
"7392","20074.16",7392,9754898,0.801149361066561
"7393","20074.16",7393,9754931,0.666422796343496
"7394","20074.16",7394,9757306,-0.18698785233155
"7395","20074.16",7395,9757699,0.184799799692363
"7396","20074.16",7396,9758131,0.548533951606648
"7397","20074.16",7397,9758810,0.113142881696435
"7398","20074.16",7398,9759488,0.199285433234607
"7399","20074.16",7399,9761770,-0.0470155808731327
"7400","20074.16",7400,9763623,0.613224028492103
"7401","20074.16",7401,9764365,0.130950710505748
"7402","20074.16",7402,9767536,-1.44161628105202
"7403","20074.16",7403,9773843,-0.596298020636205
"7404","20074.16",7404,9774871,-0.286890166107093
"7405","20074.16",7405,9775055,-0.0669897765175049
"7406","20074.16",7406,9775196,0.251289322402841
"7407","20074.16",7407,9775235,0.838596744182794
"7408","20074.16",7408,9775326,0.446303197384947
"7409","20074.16",7409,9775665,0.0254937534673623
"7410","20074.16",7410,9781375,0.22836228504444
"7411","20074.16",7411,9781736,-0.72377801995669
"7412","20074.16",7412,9782136,0.100486237542244
"7413","20074.16",7413,9783139,0.4807427141129
"7414","20074.16",7414,9783169,0.512211122500806
"7415","20074.16",7415,9783662,-0.467225794632321
"7416","20074.16",7416,9786359,-0.223073648854584
"7417","20074.16",7417,9786502,0.0558773712445326
"7418","20074.16",7418,9786875,-0.698117690994941
"7419","20074.16",7419,9794693,-0.467134443241708
"7420","20074.16",7420,9799707,0.00489277535269217
"7421","20074.16",7421,9800111,-0.134218677002687
"7422","20074.16",7422,9800580,0.341350517342961
"7423","20074.16",7423,9800892,-0.491181770978677
"7424","20074.16",7424,9802251,0.884363866807353
"7425","20074.16",7425,9802457,-0.223563143466786
"7426","20074.16",7426,9802840,-0.382448440592456
"7427","20074.16",7427,9803354,0.767174314230359
"7428","20074.16",7428,9803469,-0.141838437531083
"7429","20074.16",7429,9803756,0.199400482265332
"7430","20074.16",7430,9806192,-0.902140981762948
"7431","20074.16",7431,9806527,0.298984766136022
"7432","20074.16",7432,9807577,1.30601388286552
"7433","20074.16",7433,9807602,0.325673749441042
"7434","20074.16",7434,9807616,0.270205330808404
"7435","20074.16",7435,9807787,1.3933857839657
"7436","20074.16",7436,9808352,0.0199850303521689
"7437","20074.16",7437,9808497,0.328790656283977
"7438","20074.16",7438,9808900,0.375444351610862
"7439","20074.16",7439,9808954,1.12584386457896
"7440","20074.16",7440,9808976,0.787562432682225
"7441","20074.16",7441,9809074,-0.512935305880328
"7442","20074.16",7442,9809110,0.719575343732797
"7443","20074.16",7443,9809151,-0.263299238920794
"7444","20074.16",7444,9809230,0.820369413803975
"7445","20074.16",7445,9809395,-0.396370301453945
"7446","20074.16",7446,9811136,-0.9914472959077
"7447","20074.16",7447,9811330,-0.0173168393144465
"7448","20074.16",7448,9811480,0.300034491770057
"7449","20074.16",7449,9811569,0.109903463200394
"7450","20074.16",7450,9811583,0.618756087015973
"7451","20074.16",7451,9811706,0.726930919861515
"7452","20074.16",7452,9811723,0.192371189221785
"7453","20074.16",7453,9812077,-0.290597938542636
"7454","20074.16",7454,9812126,-0.356709089551132
"7455","20074.16",7455,9812269,-0.0247565783160706
"7456","20074.16",7456,9812467,0.0542921977148811
"7457","20074.16",7457,9813549,1.12459809882142
"7458","20074.16",7458,9813572,-1.14323739867114
"7459","20074.16",7459,9813607,0.354581161238234
"7460","20074.16",7460,9813624,0.297929658479322
"7461","20074.16",7461,9813637,0.0504619334220315
"7462","20074.16",7462,9813654,0.605996859391278
"7463","20074.16",7463,9813668,0.137563641343979
"7464","20074.16",7464,9813725,0.496522257177122
"7465","20074.16",7465,9815551,-0.259456115308435
"7466","20074.16",7466,9815947,0.0154083840586337
"7467","20074.16",7467,9815962,0.0866567087002332
"7468","20074.16",7468,9818558,-0.445809519843689
"7469","20074.16",7469,9818927,0.259840140141635
"7470","20074.16",7470,9819035,0.214994337431859
"7471","20074.16",7471,9819050,0.159208847835683
"7472","20074.16",7472,9819187,0.772421206313026
"7473","20074.16",7473,9819201,-2.10754978601022
"7474","20074.16",7474,9819213,-0.222446677177038
"7475","20074.16",7475,9819285,-0.378682513320378
"7476","20074.16",7476,9819300,0.142742481495878
"7477","20074.16",7477,9819327,-0.616926974114054
"7478","20074.16",7478,9819344,0.100148572720089
"7479","20074.16",7479,9819358,0.450527096402351
"7480","20074.16",7480,9821373,-1.25726113779155
"7481","20074.16",7481,9821641,-0.557470966329929
"7482","20074.16",7482,9822192,-0.485153550666445
"7483","20074.16",7483,9822300,0.186001629972973
"7484","20074.16",7484,9822411,-0.562652263681914
"7485","20074.16",7485,9822448,0.493333644340312
"7486","20074.16",7486,9822547,-0.129438181262828
"7487","20074.16",7487,9826972,0.264913798092311
"7488","20074.16",7488,9827113,0.00103903526388827
"7489","20074.16",7489,9827259,-1.02217696107175
"7490","20074.16",7490,9828384,-0.775982222750456
"7491","20074.16",7491,9830137,-0.2353208051262
"7492","20074.16",7492,9831031,0.100191950667886
"7493","20074.16",7493,9831202,-0.79519517448495
"7494","20074.16",7494,9832645,-0.444871817835229
"7495","20074.16",7495,9833154,1.66177921478763
"7496","20074.16",7496,9833193,0.260246403476144
"7497","20074.16",7497,9833312,0.454560098053698
"7498","20074.16",7498,9833561,0.233064060094931
"7499","20074.16",7499,9838767,-0.231723144616498
"7500","20074.16",7500,9839160,-0.18400431016444
"7501","20074.16",7501,9839724,-0.530497753346747
"7502","20074.16",7502,9840902,0.0125261754890902
"7503","20074.16",7503,9841163,-0.192373072625135
"7504","20074.16",7504,9844364,-1.02884813706058
"7505","20074.16",7505,9845355,0.086855152395735
"7506","20074.16",7506,9849209,-0.0529087883135473
"7507","20074.16",7507,9849682,0.825495951333747
"7508","20074.16",7508,9850100,0.604060284112934
"7509","20074.16",7509,9850397,0.697638638633818
"7510","20074.16",7510,9850606,-0.506254917894573
"7511","20074.16",7511,9850724,0.605782221516043
"7512","20074.16",7512,9850857,0.000826562107766549
"7513","20074.16",7513,9851064,0.55124187380764
"7514","20074.16",7514,9851122,0.186949744735046
"7515","20074.16",7515,9851188,0.193278376363258
"7516","20074.16",7516,9853285,0.896732816640573
"7517","20074.16",7517,9853329,-1.07555237409715
"7518","20074.16",7518,9854203,-0.448158531283199
"7519","20074.16",7519,9855076,0.420095016525043
"7520","20074.16",7520,9855794,-0.198050467102448
"7521","20074.16",7521,9857508,-0.921924002739193
"7522","20074.16",7522,9858490,-0.194320534675464
"7523","20074.16",7523,9861682,0.428142403170306
"7524","20074.16",7524,9862320,0.252974068894399
"7525","20074.16",7525,9862556,0.662580328875468
"7526","20074.16",7526,9863491,-0.94483937373867
"7527","20074.16",7527,9863987,-0.530700910396374
"7528","20074.16",7528,9866137,-0.457430145692977
"7529","20074.16",7529,9866186,-0.335997137058003
"7530","20074.16",7530,9867387,-0.25425963752982
"7531","20074.16",7531,9868758,-0.0919130086879312
"7532","20074.16",7532,9869639,0.122015936621657
"7533","20074.16",7533,9870086,1.1228285471909
"7534","20074.16",7534,9870244,0.152386122963405
"7535","20074.16",7535,9872749,-0.450532502560751
"7536","20074.16",7536,9873117,0.163350615209599
"7537","20074.16",7537,9873219,1.07854360521727
"7538","20074.16",7538,9873264,0.494892820273395
"7539","20074.16",7539,9873319,0.473218617666052
"7540","20074.16",7540,9873479,0.280226991022457
"7541","20074.16",7541,9873939,0.484598057831554
"7542","20074.16",7542,9874062,0.105904534998293
"7543","20074.16",7543,9876382,0.896864611668845
"7544","20074.16",7544,9876776,-0.0410788222528087
"7545","20074.16",7545,9877327,-0.0108410069403826
"7546","20074.16",7546,9877445,-0.708094963236243
"7547","20074.16",7547,9877679,0.116443251095248
"7548","20074.16",7548,9883002,0.114400918660778
"7549","20074.16",7549,9883537,0.155474749552692
"7550","20074.16",7550,9883691,0.383936626185737
"7551","20074.16",7551,9885381,0.114683135599293
"7552","20074.16",7552,9885720,0.00661507771641823
"7553","20074.16",7553,9885807,0.201887500906838
"7554","20074.16",7554,9889569,-0.153039628924621
"7555","20074.16",7555,9889687,-1.74259149989719
"7556","20074.16",7556,9890958,-0.0572099323045077
"7557","20074.16",7557,9891130,-0.116902684480571
"7558","20074.16",7558,9891470,-0.52055339950003
"7559","20074.16",7559,9893017,-0.243029000510071
"7560","20074.16",7560,9894522,0.25086787463852
"7561","20074.16",7561,9895590,0.10712582887972
"7562","20074.16",7562,9897622,-0.427274862613622
"7563","20074.16",7563,9898548,-0.39875409220335
"7564","20074.16",7564,9899076,0.266902929986371
"7565","20074.16",7565,9902752,0.0386978247220604
"7566","20074.16",7566,9903460,0.364511642312922
"7567","20074.16",7567,9903491,0.251398442045532
"7568","20074.16",7568,9908376,0.336553917857258
"7569","20074.16",7569,9908509,0.248308205345114
"7570","20074.16",7570,9909123,0.734934040544036
"7571","20074.16",7571,9909685,-0.113063844736585
"7572","20074.16",7572,9910061,0.0188208753368357
"7573","20074.16",7573,9914095,0.0626846708019739
"7574","20074.16",7574,9914401,-0.0101495761518819
"7575","20074.16",7575,9914776,-0.387686190510101
"7576","20074.16",7576,9915013,-0.341182415970902
"7577","20074.16",7577,9915223,-0.207969272919664
"7578","20074.16",7578,9916379,1.08650276854395
"7579","20074.16",7579,9918248,0.57136279925426
"7580","20074.16",7580,9919073,-0.0957025525412476
"7581","20074.16",7581,9925092,0.69100378195228
"7582","20074.16",7582,9925196,0.215846627323956
"7583","20074.16",7583,9926071,0.186802579787792
"7584","20074.16",7584,9929174,1.16519501983292
"7585","20074.16",7585,9935106,0.0556644045093009
"7586","20074.16",7586,9935233,-0.0683443110395352
"7587","20074.16",7587,9937017,1.31134313494395
"7588","20074.16",7588,9937980,0.0744805276112386
"7589","20074.16",7589,9939477,0.726800203959978
"7590","20074.16",7590,9939560,-0.19086874894372
"7591","20074.16",7591,9939750,0.96675182091059
"7592","20074.16",7592,9939769,-0.0087178396795169
"7593","20074.16",7593,9945136,-1.12047866503665
"7594","20074.16",7594,9945482,-0.426590678871565
"7595","20074.16",7595,9945919,0.484644342482428
"7596","20074.16",7596,9946801,0.704616183526741
"7597","20074.16",7597,9947581,0.366591622591836
"7598","20074.16",7598,9948634,0.0131299231646826
"7599","20074.16",7599,9948694,-0.390980430043584
"7600","20074.16",7600,9950901,0.272318707186943
"7601","20074.16",7601,9951599,-0.0300909793748882
"7602","20074.16",7602,9955564,0.861553841751681
"7603","20074.16",7603,9959776,0.0450026411591846
"7604","20074.16",7604,9960204,0.890959996609078
"7605","20074.16",7605,9961397,0.0398588161603053
"7606","20074.16",7606,9961865,-0.383545325308432
"7607","20074.16",7607,9962679,0.117362585654814
"7608","20074.16",7608,9962899,-0.409408318779386
"7609","20074.16",7609,9963449,-0.495022037018619
"7610","20074.16",7610,9963922,-0.0469105984830938
"7611","20074.16",7611,9967001,0.0870291741705023
"7612","20074.16",7612,9967827,0.162452331358814
"7613","20074.16",7613,9974366,-0.60124308486848
"7614","20074.16",7614,9975071,0.33886748982482
"7615","20074.16",7615,9975828,-0.566965636181691
"7616","20074.16",7616,9979918,-0.132147177885996
"7617","20074.16",7617,9980688,0.16005213069621
"7618","20074.16",7618,9981385,-0.502090276777367
"7619","20074.16",7619,9982115,-0.69364181414593
"7620","20074.16",7620,9986276,-0.0852311352124069
"7621","20074.16",7621,9986462,-0.222141336235858
"7622","20074.16",7622,9989521,-0.319296141584039
"7623","20074.16",7623,9989840,0.392184795955688
"7624","20074.16",7624,9990791,0.359231484217857
"7625","20074.16",7625,9990816,0.372031524620847
"7626","20074.16",7626,9991762,0.342006086027502
"7627","20074.16",7627,9992219,-0.698332174613579
"7628","20074.16",7628,9992520,-0.109039823267404
"7629","20074.16",7629,9993900,-0.063756808394869
"7630","20074.16",7630,9994546,-0.500111909901226
"7631","20074.16",7631,9994646,0.163620222233256
"7632","20074.16",7632,10000384,-0.113938099288714
"7633","20074.16",7633,10001565,1.02974234210074
"7634","20074.16",7634,10001721,0.394451798298797
"7635","20074.16",7635,10002809,0.189733260127547
"7636","20074.16",7636,10002862,0.159098585058398
"7637","20074.16",7637,10003512,-0.32681393521542
"7638","20074.16",7638,10008036,0.115421046538121
"7639","20074.16",7639,10008454,0.762744833495764
"7640","20074.16",7640,10013755,-0.476210708559237
"7641","20074.16",7641,10016904,-0.00643298384003188
"7642","20074.16",7642,10017236,-0.253318212790952
"7643","20074.16",7643,10017562,-0.428222407974763
"7644","20074.16",7644,10022352,-0.310582155694298
"7645","20074.16",7645,10022683,0.352209528454087
"7646","20074.16",7646,10022719,-0.15349575869316
"7647","20074.16",7647,10022979,-0.376104517023852
"7648","20074.16",7648,10023435,-0.0815059597038656
"7649","20074.16",7649,10025402,0.0098447236395831
"7650","20074.16",7650,10027281,1.06090110393047
"7651","20074.16",7651,10027332,-0.370104382949036
"7652","20074.16",7652,10027767,1.21160465120153
"7653","20074.16",7653,10029958,-0.460666009715616
"7654","20074.16",7654,10030406,0.296224486137452
"7655","20074.16",7655,10034276,-0.378517044050648
"7656","20074.16",7656,10034715,-0.232705549862591
"7657","20074.16",7657,10035065,-0.113451781871535
"7658","20074.16",7658,10035408,-0.488494935343742
"7659","20074.16",7659,10036394,0.50919960540358
"7660","20074.16",7660,10037474,0.0789016784630672
"7661","20074.16",7661,10038232,0.255988365762946
"7662","20074.16",7662,10039357,0.32441897690133
"7663","20074.16",7663,10039892,0.204115810402346
"7664","20074.16",7664,10040325,0.709478649194202
"7665","20074.16",7665,10042273,-1.15349027569395
"7666","20074.16",7666,10042722,-0.472869287295503
"7667","20074.16",7667,10044700,0.71900595300416
"7668","20074.16",7668,10045725,0.682808797409987
"7669","20074.16",7669,10046004,0.112134586186669
"7670","20074.16",7670,10046305,0.779694060818554
"7671","20074.16",7671,10051639,0.208627943887843
"7672","20074.16",7672,10052440,-0.0922682425912802
"7673","20074.16",7673,10053450,-0.737478390907057
"7674","20074.16",7674,10054388,-0.319343148459449
"7675","20074.16",7675,10054966,0.396392678878988
"7676","20074.16",7676,10055078,-0.490661302793912
"7677","20074.16",7677,10057591,-0.717434864347951
"7678","20074.16",7678,10058272,-0.506517826255521
"7679","20074.16",7679,10058350,0.374126866048358
"7680","20074.16",7680,10058574,0.241299127699443
"7681","20074.16",7681,10058650,0.244528930031653
"7682","20074.16",7682,10058991,-0.203556044766353
"7683","20074.16",7683,10059144,-0.519177432176321
"7684","20074.16",7684,10059322,0.75970719536021
"7685","20074.16",7685,10059826,0.912714744486174
"7686","20074.16",7686,10059922,-0.85024353048758
"7687","20074.16",7687,10060108,-0.124274962822441
"7688","20074.16",7688,10060436,0.142445376523396
"7689","20074.16",7689,10063086,0.199141017297987
"7690","20074.16",7690,10063339,0.217045384296741
"7691","20074.16",7691,10063398,0.487390313141492
"7692","20074.16",7692,10065193,0.554811960059959
"7693","20074.16",7693,10065548,0.299426202251818
"7694","20074.16",7694,10065600,-0.287730861549926
"7695","20074.16",7695,10065787,-0.293828215781333
"7696","20074.16",7696,10066021,0.146806628900568
"7697","20074.16",7697,10066325,0.099652779399487
"7698","20074.16",7698,10067952,0.758831609654707
"7699","20074.16",7699,10067989,0.482783116062955
"7700","20074.16",7700,10069081,0.527557961427903
"7701","20074.16",7701,10070168,0.535519319389848
"7702","20074.16",7702,10070285,0.172964527832965
"7703","20074.16",7703,10070545,0.2354027864305
"7704","20074.16",7704,10070607,0.327963020425822
"7705","20074.16",7705,10070739,0.140765416202441
"7706","20074.16",7706,10070895,0.85272015875628
"7707","20074.16",7707,10071193,-0.112020847679998
"7708","20074.16",7708,10071789,0.337788235163687
"7709","20074.16",7709,10071972,-0.280283613346942
"7710","20074.16",7710,10072137,0.198630426535845
"7711","20074.16",7711,10074605,0.524504820553916
"7712","20074.16",7712,10075179,0.0348683130262435
"7713","20074.16",7713,10076340,-0.361838724220016
"7714","20074.16",7714,10076656,0.747737014659617
"7715","20074.16",7715,10078803,0.199543147066022
"7716","20074.16",7716,10078848,0.137737467287277
"7717","20074.16",7717,10080185,-0.0333491757580262
"7718","20074.16",7718,10082751,-0.450177078780807
"7719","20074.16",7719,10082866,-0.168838473462539
"7720","20074.16",7720,10086131,-0.859916876871365
"7721","20074.16",7721,10092002,0.388564823058627
"7722","20074.16",7722,10092034,0.0292427100462112
"7723","20074.16",7723,10092549,-0.376269711946772
"7724","20074.16",7724,10093636,-0.327260288957515
"7725","20074.16",7725,10094117,0.122544131590015
"7726","20074.16",7726,10094138,0.675194838525136
"7727","20074.16",7727,10094546,-0.46982643724394
"7728","20074.16",7728,10095199,-1.95426204357489
"7729","20074.16",7729,10096015,-0.278637333859813
"7730","20074.16",7730,10096870,0.237171546308224
"7731","20074.16",7731,10099543,-0.380952903611754
"7732","20074.16",7732,10100316,-0.166434191169274
"7733","20074.16",7733,10102906,0.491125898023721
"7734","20074.16",7734,10102969,0.594820997950323
"7735","20074.16",7735,10103058,-0.006361437874566
"7736","20074.16",7736,10103466,-0.634099494494505
"7737","20074.16",7737,10103689,0.243112108696061
"7738","20074.16",7738,10103724,-0.238035438370747
"7739","20074.16",7739,10103830,-0.320531099094691
"7740","20074.16",7740,10108583,-0.349577663053389
"7741","20074.16",7741,10108658,-0.0784721469699363
"7742","20074.16",7742,10108788,0.100293416043127
"7743","20074.16",7743,10109392,0.0521269489044434
"7744","20074.16",7744,10110040,0.303342844482668
"7745","20074.16",7745,10110153,-0.0858500847425745
"7746","20074.16",7746,10110969,-0.42539611590254
"7747","20074.16",7747,10111902,-0.27868416034434
"7748","20074.16",7748,10112025,0.30776446607666
"7749","20074.16",7749,10112199,0.269685205319218
"7750","20074.16",7750,10112259,0.92458926933514
"7751","20074.16",7751,10112295,0.0161097211774859
"7752","20074.16",7752,10112308,0.419436724435827
"7753","20074.16",7753,10112381,-0.160102084035579
"7754","20074.16",7754,10112776,-0.59181988374609
"7755","20074.16",7755,10113234,-0.341101161656474
"7756","20074.16",7756,10116668,0.864237240164141
"7757","20074.16",7757,10116699,0.57511810520593
"7758","20074.16",7758,10117537,0.167989843786374
"7759","20074.16",7759,10117555,0.724487323008222
"7760","20074.16",7760,10117992,0.640854341794463
"7761","20074.16",7761,10119067,-0.0735865009901451
"7762","20074.16",7762,10119736,0.00380631594365255
"7763","20074.16",7763,10120473,0.512022127067001
"7764","20074.16",7764,10120807,-0.19576759082358
"7765","20074.16",7765,10120890,0.196485444261648
"7766","20074.16",7766,10120949,0.200085535173926
"7767","20074.16",7767,10121193,0.12342772414135
"7768","20074.16",7768,10121262,-0.388479501113342
"7769","20074.16",7769,10121613,-0.192808569109779
"7770","20074.16",7770,10121726,0.326259445306769
"7771","20074.16",7771,10122457,-0.057991157062447
"7772","20074.16",7772,10123542,-0.37986010576215
"7773","20074.16",7773,10124196,0.312493765879103
"7774","20074.16",7774,10125476,0.632148771454978
"7775","20074.16",7775,10125617,0.121283369549342
"7776","20074.16",7776,10126760,0.314708902482493
"7777","20074.16",7777,10127234,0.163156776653082
"7778","20074.16",7778,10127955,-0.401696797308737
"7779","20074.16",7779,10128177,-1.19657392140306
"7780","20074.16",7780,10129946,0.831311085428589
"7781","20074.16",7781,10131004,0.472250612559839
"7782","20074.16",7782,10133895,-0.000856731303386482
"7783","20074.16",7783,10134396,0.347463046758372
"7784","20074.16",7784,10136842,-0.493603438954112
"7785","20074.16",7785,10136889,0.448972133123363
"7786","20074.16",7786,10141759,0.317024752152663
"7787","20074.16",7787,10142208,-0.683149463593367
"7788","20074.16",7788,10142717,0.321908968966555
"7789","20074.16",7789,10145845,0.680647553516253
"7790","20074.16",7790,10145932,0.514580701545522
"7791","20074.16",7791,10146237,0.0194427362338718
"7792","20074.16",7792,10149252,0.407034198091874
"7793","20074.16",7793,10149278,0.496893152482749
"7794","20074.16",7794,10149609,0.117817609764383
"7795","20074.16",7795,10151048,0.0571192176521356
"7796","20074.16",7796,10151357,-0.344177754327739
"7797","20074.16",7797,10153308,-0.705026382127466
"7798","20074.16",7798,10154181,0.256152661535565
"7799","20074.16",7799,10157081,0.193869263583953
"7800","20074.16",7800,10157186,0.211863482569247
"7801","20074.16",7801,10157263,0.282208817723512
"7802","20074.16",7802,10157678,0.211149395873165
"7803","20074.16",7803,10157793,-0.394802993614279
"7804","20074.16",7804,10157973,-1.14329968042134
"7805","20074.16",7805,10158420,-0.0458789476629935
"7806","20074.16",7806,10158479,-0.91130943639721
"7807","20074.16",7807,10158757,-0.0814902565634439
"7808","20074.16",7808,10160869,-0.0963346954538515
"7809","20074.16",7809,10161036,-0.497729019531558
"7810","20074.16",7810,10161226,0.0178702887446525
"7811","20074.16",7811,10161318,-0.463656158287851
"7812","20074.16",7812,10161555,0.369183329836267
"7813","20074.16",7813,10161869,-0.914738700978242
"7814","20074.16",7814,10163066,-0.839285011393044
"7815","20074.16",7815,10163445,-0.800537536770621
"7816","20074.16",7816,10163733,0.711436595859685
"7817","20074.16",7817,10164522,-0.565534420764399
"7818","20074.16",7818,10164691,-0.129031800910886
"7819","20074.16",7819,10164816,1.128907916901
"7820","20074.16",7820,10165030,0.495105041118479
"7821","20074.16",7821,10165319,0.46161525064707
"7822","20074.16",7822,10167116,-0.321532530930315
"7823","20074.16",7823,10167434,0.0260171354589822
"7824","20074.16",7824,10170514,-0.015118164953468
"7825","20074.16",7825,10170609,0.68383369391944
"7826","20074.16",7826,10170654,0.74242741338514
"7827","20074.16",7827,10170676,-0.104757945503006
"7828","20074.16",7828,10170727,-0.13351504608451
"7829","20074.16",7829,10171111,-0.113695485068844
"7830","20074.16",7830,10173075,-0.564069675294353
"7831","20074.16",7831,10175006,-0.388055513986882
"7832","20074.16",7832,10177629,-1.00586708682406
"7833","20074.16",7833,10177995,0.832044474823426
"7834","20074.16",7834,10178230,-0.0658358340474257
"7835","20074.16",7835,10178896,-1.15462147509634
"7836","20074.16",7836,10179147,0.824077327506944
"7837","20074.16",7837,10179634,-0.591056094034821
"7838","20074.16",7838,10181912,0.0123627725825122
"7839","20074.16",7839,10182173,-0.00081455459283486
"7840","20074.16",7840,10182349,-1.1695614484101
"7841","20074.16",7841,10182364,0.358416708654175
"7842","20074.16",7842,10182568,-0.067524627906237
"7843","20074.16",7843,10183087,-0.657638593598419
"7844","20074.16",7844,10183355,0.703030524646311
"7845","20074.16",7845,10183489,0.392261837699299
"7846","20074.16",7846,10185629,-0.27259652394841
"7847","20074.16",7847,10186248,-0.790470323526713
"7848","20074.16",7848,10186553,-0.294458490882318
"7849","20074.16",7849,10187401,0.658589129404283
"7850","20074.16",7850,10188060,0.930777396233002
"7851","20074.16",7851,10188213,0.0558289590132839
"7852","20074.16",7852,10189522,0.305315580097816
"7853","20074.16",7853,10191609,-1.32394756897264
"7854","20074.16",7854,10195398,-0.077821700476604
"7855","20074.16",7855,10195433,0.00852599879157001
"7856","20074.16",7856,10195584,0.786546383311214
"7857","20074.16",7857,10197952,0.524603241872259
"7858","20074.16",7858,10198129,-0.644988685413445
"7859","20074.16",7859,10198160,-1.06007450820011
"7860","20074.16",7860,10198160,0.00879643448145107
"7861","20074.16",7861,10198435,-0.570161060713489
"7862","20074.16",7862,10198435,1.04537430136087
"7863","20074.16",7863,10201191,0.40713062158324
"7864","20074.16",7864,10202802,-0.703994187026193
"7865","20074.16",7865,10203425,-0.734189969006634
"7866","20074.16",7866,10205245,-0.238679960744231
"7867","20074.16",7867,10206432,-1.56416334009848
"7868","20074.16",7868,10206652,0.154055510820553
"7869","20074.16",7869,10207671,0.586414757486463
"7870","20074.16",7870,10208218,0.305395303360606
"7871","20074.16",7871,10208325,-0.514550809928618
"7872","20074.16",7872,10208516,-0.0054351113819413
"7873","20074.16",7873,10208857,-0.536952719081619
"7874","20074.16",7874,10208913,0.450598710997229
"7875","20074.16",7875,10208924,-0.62890438732851
"7876","20074.16",7876,10208985,0.474709800516709
"7877","20074.16",7877,10209983,-0.471943043320898
"7878","20074.16",7878,10212779,-0.735946458929918
"7879","20074.16",7879,10213608,-0.170247982131347
"7880","20074.16",7880,10214117,-0.91708206225969
"7881","20074.16",7881,10214241,-0.667958727961382
"7882","20074.16",7882,10214306,-0.467629107554611
"7883","20074.16",7883,10214604,0.108377240206162
"7884","20074.16",7884,10215071,-0.675332506217089
"7885","20074.16",7885,10215279,-0.477448653577545
"7886","20074.16",7886,10215441,-0.15589728994874
"7887","20074.16",7887,10216386,-0.0797236766848943
"7888","20074.16",7888,10216682,0.752549271420492
"7889","20074.16",7889,10217990,1.2959789877963
"7890","20074.16",7890,10218633,0.23094285071783
"7891","20074.16",7891,10218725,-0.200415568769114
"7892","20074.16",7892,10219417,0.246294284871731
"7893","20074.16",7893,10220496,-0.47376381785053
"7894","20074.16",7894,10220611,1.05663110067658
"7895","20074.16",7895,10220802,0.299530447063289
"7896","20074.16",7896,10220961,0.950868084194261
"7897","20074.16",7897,10221206,0.0634732117097121
"7898","20074.16",7898,10221483,0.356524358999052
"7899","20074.16",7899,10221970,0.523139846835618
"7900","20074.16",7900,10222585,0.279350434928474
"7901","20074.16",7901,10223554,-0.300711609699117
"7902","20074.16",7902,10223580,0.582787848239886
"7903","20074.16",7903,10225152,0.146534662475831
"7904","20074.16",7904,10225200,-0.632788498079521
"7905","20074.16",7905,10227108,-0.222645417507502
"7906","20074.16",7906,10228222,-0.396219900788192
"7907","20074.16",7907,10228918,0.772957618382224
"7908","20074.16",7908,10229035,0.322924003991962
"7909","20074.16",7909,10229904,0.0985421870383645
"7910","20074.16",7910,10229982,-0.0829628844426233
"7911","20074.16",7911,10230136,0.751186216341595
"7912","20074.16",7912,10230219,0.398028795830967
"7913","20074.16",7913,10230253,-0.45362121416423
"7914","20074.16",7914,10231317,0.346338890358932
"7915","20074.16",7915,10231558,0.624701762085308
"7916","20074.16",7916,10232086,0.288221867125224
"7917","20074.16",7917,10236995,0.679908202286062
"7918","20074.16",7918,10237086,0.0849567955044268
"7919","20074.16",7919,10237148,0.0585622933978271
"7920","20074.16",7920,10239278,-0.689226623937087
"7921","20074.16",7921,10240949,0.136161921722904
"7922","20074.16",7922,10241058,-0.839706017643727
"7923","20074.16",7923,10241117,-0.968052957636503
"7924","20074.16",7924,10241739,-0.137247666843594
"7925","20074.16",7925,10243151,0.161287144648695
"7926","20074.16",7926,10246100,0.269490247468576
"7927","20074.16",7927,10246388,-0.265187528259929
"7928","20074.16",7928,10246481,0.0306696165036255
"7929","20074.16",7929,10247911,-0.137148491883677
"7930","20074.16",7930,10248064,-0.617748166982752
"7931","20074.16",7931,10248694,0.339107084981946
"7932","20074.16",7932,10248860,0.407530851600803
"7933","20074.16",7933,10249021,0.566790647891122
"7934","20074.16",7934,10249416,-0.0759042183588683
"7935","20074.16",7935,10249868,0.767984015766358
"7936","20074.16",7936,10250465,0.776713971990413
"7937","20074.16",7937,10250553,0.498664951031668
"7938","20074.16",7938,10250659,0.83396429914302
"7939","20074.16",7939,10251010,1.26806669431819
"7940","20074.16",7940,10251235,-0.128166291053494
"7941","20074.16",7941,10251791,0.190756984834642
"7942","20074.16",7942,10251829,-0.266490543570272
"7943","20074.16",7943,10252565,0.506225858076946
"7944","20074.16",7944,10253636,0.590214258893787
"7945","20074.16",7945,10253978,0.622342920418171
"7946","20074.16",7946,10254487,-0.632929031991236
"7947","20074.16",7947,10254601,0.754939337939546
"7948","20074.16",7948,10254951,0.254938595644156
"7949","20074.16",7949,10260690,0.137198180922122
"7950","20074.16",7950,10260980,0.653260965670879
"7951","20074.16",7951,10261308,-0.198726956805453
"7952","20074.16",7952,10262489,0.431827186899622
"7953","20074.16",7953,10263278,0.587978349230149
"7954","20074.16",7954,10263623,0.192790063666441
"7955","20074.16",7955,10265596,0.530007155155547
"7956","20074.16",7956,10265945,0.190248483393703
"7957","20074.16",7957,10266652,-0.892575476813848
"7958","20074.16",7958,10266972,0.0478962604561826
"7959","20074.16",7959,10268330,0.663284671454416
"7960","20074.16",7960,10268446,0.442749020895872
"7961","20074.16",7961,10268731,0.865548547309973
"7962","20074.16",7962,10268991,-1.42218940624312
"7963","20074.16",7963,10269198,0.592471340013087
"7964","20074.16",7964,10270314,0.680565752245305
"7965","20074.16",7965,10270810,-0.497361898334114
"7966","20074.16",7966,10270934,0.685322307978381
"7967","20074.16",7967,10278009,-0.503108927890734
"7968","20074.16",7968,10278219,1.16378570850729
"7969","20074.16",7969,10278423,0.54079839224528
"7970","20074.16",7970,10279180,-0.769920074056837
"7971","20074.16",7971,10279323,0.155725112705733
"7972","20074.16",7972,10279798,0.231260773626
"7973","20074.16",7973,10279848,0.0756196160953486
"7974","20074.16",7974,10280016,0.433489563981968
"7975","20074.16",7975,10281150,-0.657000829568681
"7976","20074.16",7976,10281314,0.66192020246573
"7977","20074.16",7977,10281974,-0.610245845341419
"7978","20074.16",7978,10282131,-0.392458113705155
"7979","20074.16",7979,10282367,0.813859023254436
"7980","20074.16",7980,10283119,0.217379333251698
"7981","20074.16",7981,10283155,0.940738148816537
"7982","20074.16",7982,10283242,0.436801609182756
"7983","20074.16",7983,10283313,0.736568274717217
"7984","20074.16",7984,10283486,0.632493728826556
"7985","20074.16",7985,10283595,0.532652006828573
"7986","20074.16",7986,10284799,0.147269605463283
"7987","20074.16",7987,10285079,0.323942518556069
"7988","20074.16",7988,10285115,0.0666211720435239
"7989","20074.16",7989,10285569,0.370909443632811
"7990","20074.16",7990,10285629,0.674617347270433
"7991","20074.16",7991,10285985,0.40808750355905
"7992","20074.16",7992,10286089,0.415231402495787
"7993","20074.16",7993,10286706,0.906919662947806
"7994","20074.16",7994,10287639,-0.108659210066148
"7995","20074.16",7995,10288079,-0.346254248243764
"7996","20074.16",7996,10288184,-0.180990908341164
"7997","20074.16",7997,10288262,0.0305979385455801
"7998","20074.16",7998,10288702,-0.721780243304576
"7999","20074.16",7999,10289197,-0.573844089627682
"8000","20074.16",8000,10291833,0.6286805008789
"8001","20074.16",8001,10291974,0.12277398684227
"8002","20074.16",8002,10292060,0.7707662702743
"8003","20074.16",8003,10293070,-0.720996016482302
"8004","20074.16",8004,10293435,-0.378751976176734
"8005","20074.16",8005,10293477,0.409136127380481
"8006","20074.16",8006,10293528,0.475323733359336
"8007","20074.16",8007,10295011,-0.247606377539057
"8008","20074.16",8008,10295273,-0.677068592401901
"8009","20074.16",8009,10297809,-1.02515736888478
"8010","20074.16",8010,10298533,-0.386980393841304
"8011","20074.16",8011,10300276,-0.636821733936956
"8012","20074.16",8012,10301429,0.154671271243828
"8013","20074.16",8013,10302575,0.419000654995725
"8014","20074.16",8014,10303717,0.0588890143095133
"8015","20074.16",8015,10304271,0.0663476730622268
"8016","20074.16",8016,10304924,-0.455845868175182
"8017","20074.16",8017,10307222,0.54298371298857
"8018","20074.16",8018,10307481,0.329241495499164
"8019","20074.16",8019,10308466,0.632764370687709
"8020","20074.16",8020,10308714,0.330968307319247
"8021","20074.16",8021,10308912,0.342420903746688
"8022","20074.16",8022,10309092,-0.259380351814798
"8023","20074.16",8023,10309839,-0.67577736496793
"8024","20074.16",8024,10309921,0.358030144063517
"8025","20074.16",8025,10310369,0.026472843027304
"8026","20074.16",8026,10310697,-0.27429612782175
"8027","20074.16",8027,10311033,0.107880067992162
"8028","20074.16",8028,10311067,-0.0836759650463499
"8029","20074.16",8029,10312762,0.281044563535645
"8030","20074.16",8030,10313835,0.352698576462902
"8031","20074.16",8031,10314003,-0.167853392057335
"8032","20074.16",8032,10314028,0.12698961902873
"8033","20074.16",8033,10314724,0.89025317356825
"8034","20074.16",8034,10315112,-0.902037113687308
"8035","20074.16",8035,10315254,0.186464815446523
"8036","20074.16",8036,10315753,-0.224346993871247
"8037","20074.16",8037,10315838,0.214427934064055
"8038","20074.16",8038,10316465,-0.999743032995587
"8039","20074.16",8039,10317597,-0.253539855135218
"8040","20074.16",8040,10318531,-0.580750494641531
"8041","20074.16",8041,10318779,-0.0335254158872473
"8042","20074.16",8042,10319184,0.343530725714319
"8043","20074.16",8043,10319819,-0.496098369239458
"8044","20074.16",8044,10321003,-1.47081251431302
"8045","20074.16",8045,10321629,0.148050551481944
"8046","20074.16",8046,10322037,0.226934231516664
"8047","20074.16",8047,10325135,0.589158459876077
"8048","20074.16",8048,10325245,0.0147490056899846
"8049","20074.16",8049,10325958,0.277239262902662
"8050","20074.16",8050,10326481,0.252522152966148
"8051","20074.16",8051,10327072,0.276795722879013
"8052","20074.16",8052,10327329,-0.385527413164855
"8053","20074.16",8053,10329629,0.123585158228699
"8054","20074.16",8054,10329905,0.25493713975871
"8055","20074.16",8055,10330257,0.683033101491342
"8056","20074.16",8056,10330277,0.253956218515598
"8057","20074.16",8057,10330431,0.230930615680734
"8058","20074.16",8058,10331953,0.071131370481961
"8059","20074.16",8059,10332071,0.363390349368042
"8060","20074.16",8060,10335142,-0.437724422053213
"8061","20074.16",8061,10336485,0.702635244601136
"8062","20074.16",8062,10336503,0.565482930281285
"8063","20074.16",8063,10336665,0.117012797217046
"8064","20074.16",8064,10336730,0.275256047862073
"8065","20074.16",8065,10336760,0.00694276493314749
"8066","20074.16",8066,10336997,1.60585715160141
"8067","20074.16",8067,10337494,0.227162329175025
"8068","20074.16",8068,10338252,-0.532903664103107
"8069","20074.16",8069,10339141,-0.25201081331512
"8070","20074.16",8070,10341141,0.549493076555474
"8071","20074.16",8071,10341412,1.42841458370563
"8072","20074.16",8072,10341515,0.0169204349056944
"8073","20074.16",8073,10342484,0.686987375932545
"8074","20074.16",8074,10342518,0.362099325549036
"8075","20074.16",8075,10342955,-0.480843211843538
"8076","20074.16",8076,10343038,0.018787228697982
"8077","20074.16",8077,10344602,0.340503631049072
"8078","20074.16",8078,10345650,-1.19409568196956
"8079","20074.16",8079,10352462,-0.423741788636596
"8080","20074.16",8080,10355200,0.0900033288266062
"8081","20074.16",8081,10355690,0.234149229862614
"8082","20074.16",8082,10355745,0.868327985596975
"8083","20074.16",8083,10355844,0.50098912035086
"8084","20074.16",8084,10356216,-0.303606830013715
"8085","20074.16",8085,10356542,-0.914447791358292
"8086","20074.16",8086,10357081,0.122827005431491
"8087","20074.16",8087,10357140,0.332202734647349
"8088","20074.16",8088,10357283,1.05907652223707
"8089","20074.16",8089,10357401,-0.117782080321857
"8090","20074.16",8090,10357519,1.14178466499558
"8091","20074.16",8091,10357537,-0.0924282982524058
"8092","20074.16",8092,10358063,-0.530147279263476
"8093","20074.16",8093,10360499,-0.502226361524865
"8094","20074.16",8094,10360931,-0.845173020753201
"8095","20074.16",8095,10361158,0.345995056124237
"8096","20074.16",8096,10363011,0.591860873417255
"8097","20074.16",8097,10363447,-2.15194184371898
"8098","20074.16",8098,10363708,0.549816629451962
"8099","20074.16",8099,10364589,0.0603725096928445
"8100","20074.16",8100,10364872,0.0155494307027402
"8101","20074.16",8101,10366277,-0.276021526385835
"8102","20074.16",8102,10367132,-0.551524792047918
"8103","20074.16",8103,10367888,-0.981002445156888
"8104","20074.16",8104,10367893,0.313930913976072
"8105","20074.16",8105,10367912,-0.55108685751502
"8106","20074.16",8106,10369673,-0.260919160395203
"8107","20074.16",8107,10372033,-0.178621735464151
"8108","20074.16",8108,10380149,0.0386028528851234
"8109","20074.16",8109,10380427,0.30829273665987
"8110","20074.16",8110,10386752,-0.551868011844349
"8111","20074.16",8111,10386830,0.159654654502841
"8112","20074.16",8112,10390119,-0.694578367374805
"8113","20074.16",8113,10391698,0.180710465085745
"8114","20074.16",8114,10393021,0.0248137134598174
"8115","20074.16",8115,10393066,-0.63154336880942
"8116","20074.16",8116,10393130,-0.714990689601309
"8117","20074.16",8117,10395920,0.0586127075813607
"8118","20074.16",8118,10396564,-1.2092861329045
"8119","20074.16",8119,10397338,-0.373617206645451
"8120","20074.16",8120,10399080,-1.1960150617221
"8121","20074.16",8121,10402511,0.36720107510619
"8122","20074.16",8122,10402692,-0.300560338770722
"8123","20074.16",8123,10403428,0.521004915421483
"8124","20074.16",8124,10408562,0.535556308444792
"8125","20074.16",8125,10409027,-0.149868107016788
"8126","20074.16",8126,10409202,0.169407226575763
"8127","20074.16",8127,10411140,0.895453774681354
"8128","20074.16",8128,10415894,-0.132276511802861
"8129","20074.16",8129,10418771,-0.635763781288668
"8130","20074.16",8130,10421568,0.845992715287188
"8131","20074.16",8131,10421728,-1.48192831846719
"8132","20074.16",8132,10423488,-0.131030699527624
"8133","20074.16",8133,10423557,-0.288119095813236
"8134","20074.16",8134,10423631,0.668121728848367
"8135","20074.16",8135,10423669,-0.0978237130499933
"8136","20074.16",8136,10426661,-0.334885211107419
"8137","20074.16",8137,10427549,-0.424398765918236
"8138","20074.16",8138,10429705,-0.856227269817055
"8139","20074.16",8139,10432323,0.106787022222878
"8140","20074.16",8140,10434403,0.10215990076539
"8141","20074.16",8141,10435322,-0.431586301435827
"8142","20074.16",8142,10440804,-0.60336337213191
"8143","20074.16",8143,10442778,-0.30692317255343
"8144","20074.16",8144,10443118,-0.523104538941761
"8145","20074.16",8145,10444689,-0.174105694556917
"8146","20074.16",8146,10445372,-0.325392533011859
"8147","20074.16",8147,10459647,-0.174881863860973
"8148","20074.16",8148,10459729,-1.20166305794296
"8149","20074.16",8149,10467026,-0.252857756469124
"8150","20074.16",8150,10467377,-0.0738838864319504
"8151","20074.16",8151,10467757,-0.98385354829627
"8152","20074.16",8152,10469536,0.115425953973149
"8153","20074.16",8153,10470234,0.522580032954489
"8154","20074.16",8154,10470763,0.135904189205643
"8155","20074.16",8155,10473817,1.32541238417759
"8156","20074.16",8156,10474454,0.359600479575266
"8157","20074.16",8157,10476495,0.272867138334919
"8158","20074.16",8158,10484687,0.465852114731205
"8159","20074.16",8159,10485234,-1.02933265713203
"8160","20074.16",8160,10488009,-0.00510366681886865
"8161","20074.16",8161,10492419,0.278003765106907
"8162","20074.16",8162,10492468,0.769617117848278
"8163","20074.16",8163,10498805,0.0524926058894479
"8164","20074.16",8164,10498892,-0.227160396444154
"8165","20074.16",8165,10499331,0.186666269080787
"8166","20074.16",8166,10501251,0.20966928459463
"8167","20074.16",8167,10501543,0.0619215140594731
"8168","20074.16",8168,10509214,0.317447076869935
"8169","20074.16",8169,10512051,0.071051002245075
"8170","20074.16",8170,10512835,-0.73817926813057
"8171","20074.16",8171,10518014,-0.397167231208851
"8172","20074.16",8172,10519931,0.069435189458627
"8173","20074.16",8173,10521096,0.890037208780313
"8174","20074.16",8174,10529906,-0.468363651602772
"8175","20074.16",8175,10530797,0.728779669424534
"8176","20074.16",8176,10531220,-1.21258555778944
"8177","20074.16",8177,10534167,-1.48634113728407
"8178","20074.16",8178,10535874,0.220544432109124
"8179","20074.16",8179,10536024,0.515210128797217
"8180","20074.16",8180,10538075,-0.850793836692993
"8181","20074.16",8181,10539830,-0.289211435732931
"8182","20074.16",8182,10549617,-0.0482849676301038
"8183","20074.16",8183,10551977,-0.254224841818631
"8184","20074.16",8184,10553672,0.919501883549347
"8185","20074.16",8185,10554315,0.134172462374305
"8186","20074.16",8186,10555199,-0.453362644993723
"8187","20074.16",8187,10559263,0.411314754149777
"8188","20074.16",8188,10559302,-0.573845226473229
"8189","20074.16",8189,10559835,0.310510396322843
"8190","20074.16",8190,10560038,-0.108806677515284
"8191","20074.16",8191,10560501,0.370671926287918
"8192","20074.16",8192,10562179,0.356055421747441
"8193","20074.16",8193,10562302,-0.668481960775768
"8194","20074.16",8194,10563199,-0.221017561321337
"8195","20074.16",8195,10564301,0.499877673116736
"8196","20074.16",8196,10564586,-0.0707795355791863
"8197","20074.16",8197,10565448,0.648013322712351
"8198","20074.16",8198,10568591,0.446149015914581
"8199","20074.16",8199,10570806,0.102081024214168
"8200","20074.16",8200,10577722,-0.685642800787779
"8201","20074.16",8201,10578791,0.702488814324219
"8202","20074.16",8202,10578805,0.13157438321822
"8203","20074.16",8203,10579080,0.0286247993994397
"8204","20074.16",8204,10582624,-0.341922776886642
"8205","20074.16",8205,10583270,1.18584982379322
"8206","20074.16",8206,10583975,-0.60850685391218
"8207","20074.16",8207,10584501,-0.512245679391871
"8208","20074.16",8208,10585737,0.261620569054668
"8209","20074.16",8209,10586102,-0.641400252995993
"8210","20074.16",8210,10586389,1.38488433913564
"8211","20074.16",8211,10586827,0.48311565872369
"8212","20074.16",8212,10588544,-0.197950383618791
"8213","20074.16",8213,10591251,-0.145552532301797
"8214","20074.16",8214,10591887,-0.778384546147542
"8215","20074.16",8215,10596409,-1.81958372016688
"8216","20074.16",8216,10597400,-0.74950164552446
"8217","20074.16",8217,10598293,1.03840696387599
"8218","20074.16",8218,10598656,-1.37123550531942
"8219","20074.16",8219,10600893,0.129858908883008
"8220","20074.16",8220,10606805,-0.88172307640274
"8221","20074.16",8221,10607834,-0.007482741119893
"8222","20074.16",8222,10608343,-0.294127432329467
"8223","20074.16",8223,10608402,-0.211857733884893
"8224","20074.16",8224,10608563,-0.0341872558649019
"8225","20074.16",8225,10614947,0.297855677453804
"8226","20074.16",8226,10615526,-1.4338596460888
"8227","20074.16",8227,10623332,0.210901640990606
"8228","20074.16",8228,10623369,0.00343462445147669
"8229","20074.16",8229,10624549,0.424611636689847
"8230","20074.16",8230,10625166,0.0449665576855338
"8231","20074.16",8231,10625544,-2.44865908158348
"8232","20074.16",8232,10626122,0.140268877918038
"8233","20074.16",8233,10627270,-0.720503905046616
"8234","20074.16",8234,10627505,-0.383819233196444
"8235","20074.16",8235,10629259,-0.0992429014089273
"8236","20074.16",8236,10629926,-0.913426654788
"8237","20074.16",8237,10629993,0.335315998899767
"8238","20074.16",8238,10631912,-0.316187902495187
"8239","20074.16",8239,10631985,-1.21060462545555
"8240","20074.16",8240,10632163,-0.318635282593112
"8241","20074.16",8241,10632375,0.588601405031176
"8242","20074.16",8242,10632395,-0.758415429655099
"8243","20074.16",8243,10635235,-0.358950316019891
"8244","20074.16",8244,10637418,0.626115035540932
"8245","20074.16",8245,10637557,0.201722487528569
"8246","20074.16",8246,10639884,0.128762873349589
"8247","20074.16",8247,10639910,-0.518036131613953
"8248","20074.16",8248,10639936,-0.162041565585231
"8249","20074.16",8249,10645653,-0.639932122656728
"8250","20074.16",8250,10645717,-0.404415153941865
"8251","20074.16",8251,10645743,0.0330017074118176
"8252","20074.16",8252,10645929,0.00531136587524372
"8253","20074.16",8253,10646345,-0.115277771000701
"8254","20074.16",8254,10646459,-0.0098837021403977
"8255","20074.16",8255,10646632,0.0583043037311253
"8256","20074.16",8256,10650216,-0.560007840322708
"8257","20074.16",8257,10650819,-0.216361955463749
"8258","20074.16",8258,10651749,0.461804384014145
"8259","20074.16",8259,10654137,0.703822475007148
"8260","20074.16",8260,10654346,0.292389231755904
"8261","20074.16",8261,10655052,-0.168748094751415
"8262","20074.16",8262,10655496,1.05573666996201
"8263","20074.16",8263,10656321,0.395954344221292
"8264","20074.16",8264,10656636,-0.282353251410989
"8265","20074.16",8265,10656911,0.552236012450822
"8266","20074.16",8266,10657405,-0.308777939259145
"8267","20074.16",8267,10657605,-0.108393223879633
"8268","20074.16",8268,10658018,0.254241844643539
"8269","20074.16",8269,10658896,0.734171153698784
"8270","20074.16",8270,10659929,0.538478589310917
"8271","20074.16",8271,10660512,-0.222761874437575
"8272","20074.16",8272,10660533,-0.744548022067648
"8273","20074.16",8273,10662948,-1.64933456935782
"8274","20074.16",8274,10663038,0.182124357634132
"8275","20074.16",8275,10664345,0.356724376765793
"8276","20074.16",8276,10666645,0.710262237580596
"8277","20074.16",8277,10667330,0.283051538866498
"8278","20074.16",8278,10669802,-0.716448873082177
"8279","20074.16",8279,10671459,-0.675200479484084
"8280","20074.16",8280,10672033,-0.81742499582686
"8281","20074.16",8281,10672128,0.975123597239425
"8282","20074.16",8282,10672178,0.212465726305319
"8283","20074.16",8283,10677101,0.600452776390639
"8284","20074.16",8284,10677181,0.967717478187482
"8285","20074.16",8285,10677411,0.584694807165145
"8286","20074.16",8286,10678787,0.230162762563033
"8287","20074.16",8287,10678838,0.978078666718337
"8288","20074.16",8288,10679205,0.141822039309071
"8289","20074.16",8289,10679473,0.137882435552333
"8290","20074.16",8290,10681209,0.55525255372341
"8291","20074.16",8291,10681997,0.299800565881932
"8292","20074.16",8292,10682643,0.00747513899124197
"8293","20074.16",8293,10683546,0.122516746362682
"8294","20074.16",8294,10683751,-1.52510720869491
"8295","20074.16",8295,10687193,0.2464256090247
"8296","20074.16",8296,10687290,0.170039111649126
"8297","20074.16",8297,10687834,0.325652138332932
"8298","20074.16",8298,10688418,-0.827828380717182
"8299","20074.16",8299,10689577,0.173764572062059
"8300","20074.16",8300,10689747,0.434353925718596
"8301","20074.16",8301,10691516,-0.164687621255512
"8302","20074.16",8302,10692832,-0.276909391137454
"8303","20074.16",8303,10693188,-0.315589153783018
"8304","20074.16",8304,10693239,-0.202294405412643
"8305","20074.16",8305,10694803,0.508121397686998
"8306","20074.16",8306,10695418,-0.424210482700694
"8307","20074.16",8307,10695871,0.179297354298765
"8308","20074.16",8308,10696294,0.1267641912481
"8309","20074.16",8309,10696559,0.0746342880083004
"8310","20074.16",8310,10696682,0.33549191346668
"8311","20074.16",8311,10696712,0.0961417798062376
"8312","20074.16",8312,10696794,-0.167803903388891
"8313","20074.16",8313,10697244,-0.00253541488461373
"8314","20074.16",8314,10697435,-0.32845211375393
"8315","20074.16",8315,10698857,0.0460890662268536
"8316","20074.16",8316,10703162,0.0534427535427726
"8317","20074.16",8317,10703517,0.134100887609027
"8318","20074.16",8318,10704913,0.449486991254298
"8319","20074.16",8319,10719601,0.287836259102616
"8320","20074.16",8320,10720975,-0.336326874022562
"8321","20074.16",8321,10722412,0.0849534618849903
"8322","20074.16",8322,10723084,1.3360550907633
"8323","20074.16",8323,10724695,-1.09271462150217
"8324","20074.16",8324,10725361,0.36049545774027
"8325","20074.16",8325,10728438,-0.0255373316828651
"8326","20074.16",8326,10728696,-0.179260328469327
"8327","20074.16",8327,10732355,0.63409356394868
"8328","20074.16",8328,10733787,-0.331538155150715
"8329","20074.16",8329,10734474,0.708019721359642
"8330","20074.16",8330,10734929,0.736152885825763
"8331","20074.16",8331,10735380,0.87747645358748
"8332","20074.16",8332,10735738,0.302564193789091
"8333","20074.16",8333,10736194,0.0638377482574564
"8334","20074.16",8334,10736547,0.165674186021973
"8335","20074.16",8335,10737421,-0.0999758533466943
"8336","20074.16",8336,10742510,0.297577042543671
"8337","20074.16",8337,10742625,-0.842104554924356
"8338","20074.16",8338,10742767,1.04849215496921
"8339","20074.16",8339,10745099,0.304945416045903
"8340","20074.16",8340,10745528,0.304066738878771
"8341","20074.16",8341,10746802,-0.212295518377244
"8342","20074.16",8342,10748266,0.215808675260642
"8343","20074.16",8343,10748493,-0.81312233031868
"8344","20074.16",8344,10749126,-0.204377472810847
"8345","20074.16",8345,10749869,0.0377362291070318
"8346","20074.16",8346,10750548,0.2207491687164
"8347","20074.16",8347,10750805,0.624533425131806
"8348","20074.16",8348,10753055,0.620596861569772
"8349","20074.16",8349,10754914,0.0313735762595941
"8350","20074.16",8350,10757882,-0.117060396442222
"8351","20074.16",8351,10758088,0.123871623169743
"8352","20074.16",8352,10760634,0.539544936751414
"8353","20074.16",8353,10761393,-0.745134053222483
"8354","20074.16",8354,10762331,-0.26640248614652
"8355","20074.16",8355,10763388,0.0929318583336718
"8356","20074.16",8356,10763466,-0.0893117309563518
"8357","20074.16",8357,10765697,-1.53039727542839
"8358","20074.16",8358,10765962,0.32015334698196
"8359","20074.16",8359,10766516,-0.168501768306783
"8360","20074.16",8360,10770075,-0.434038506541416
"8361","20074.16",8361,10770091,-0.00952142513559462
"8362","20074.16",8362,10770160,0.0195849316407477
"8363","20074.16",8363,10770541,-0.36284877828728
"8364","20074.16",8364,10770556,-0.447694981431312
"8365","20074.16",8365,10772423,0.0170328934556121
"8366","20074.16",8366,10772824,0.650730585594794
"8367","20074.16",8367,10773341,0.686319764098726
"8368","20074.16",8368,10773407,0.353114232277677
"8369","20074.16",8369,10774285,0.45180945088465
"8370","20074.16",8370,10774378,0.538762055039991
"8371","20074.16",8371,10774430,1.41345280718422
"8372","20074.16",8372,10779130,0.567727468253744
"8373","20074.16",8373,10779741,-0.111407827777329
"8374","20074.16",8374,10779821,0.0712909743402754
"8375","20074.16",8375,10781280,-0.5431622710068
"8376","20074.16",8376,10783113,-1.00055848594883
"8377","20074.16",8377,10785317,-0.417311645897946
"8378","20074.16",8378,10786549,0.566189019322716
"8379","20074.16",8379,10786652,0.830489403073488
"8380","20074.16",8380,10786917,0.138603319109288
"8381","20074.16",8381,10787525,0.675488456729854
"8382","20074.16",8382,10787625,-0.337382907136864
"8383","20074.16",8383,10789867,0.270544112707944
"8384","20074.16",8384,10791898,-1.2403377623085
"8385","20074.16",8385,10794682,-1.1400462690717
"8386","20074.16",8386,10795115,0.279157287901278
"8387","20074.16",8387,10796904,-0.0961013905449262
"8388","20074.16",8388,10797278,1.01075026788527
"8389","20074.16",8389,10797413,-0.200929901768166
"8390","20074.16",8390,10797949,-1.35775039078437
"8391","20074.16",8391,10798647,-0.254860990744088
"8392","20074.16",8392,10811687,-1.12968818374346
"8393","20074.16",8393,10815474,-0.268500638794726
"8394","20074.16",8394,10816173,0.330896055979745
"8395","20074.16",8395,10816321,0.887647967850532
"8396","20074.16",8396,10818808,0.198648278863075
"8397","20074.16",8397,10819054,0.633286872137767
"8398","20074.16",8398,10819107,-1.92152748219659
"8399","20074.16",8399,10822175,-0.560812080923493
"8400","20074.16",8400,10822455,0.00380019098166784
"8401","20074.16",8401,10823122,0.64431638340693
"8402","20074.16",8402,10825233,-0.346127494522874
"8403","20074.16",8403,10826272,0.381287746229716
"8404","20074.16",8404,10826648,1.57368887809098
"8405","20074.16",8405,10826962,0.119935204240316
"8406","20074.16",8406,10826976,0.165138720889943
"8407","20074.16",8407,10829051,0.360884790944289
"8408","20074.16",8408,10829928,-0.618787458627608
"8409","20074.16",8409,10830285,-0.0414164464601647
"8410","20074.16",8410,10830753,-0.00301164746114413
"8411","20074.16",8411,10831655,-0.467668909368843
"8412","20074.16",8412,10832444,0.154481047639066
"8413","20074.16",8413,10832742,-0.685625002470177
"8414","20074.16",8414,10839352,-0.44278549054313
"8415","20074.16",8415,10840847,0.473083881213076
"8416","20074.16",8416,10841533,0.0902761694095133
"8417","20074.16",8417,10841672,0.966691315579006
"8418","20074.16",8418,10843085,-0.123359893295508
"8419","20074.16",8419,10843313,0.811104137288971
"8420","20074.16",8420,10843443,0.43456440444067
"8421","20074.16",8421,10846632,0.0939866277277037
"8422","20074.16",8422,10848596,0.0154727508817754
"8423","20074.16",8423,10848952,1.30105743723928
"8424","20074.16",8424,10849274,0.446996255766224
"8425","20074.16",8425,10849726,0.577274195738346
"8426","20074.16",8426,10852033,0.866904054999474
"8427","20074.16",8427,10853868,0.198182754005336
"8428","20074.16",8428,10861602,-0.431293933678227
"8429","20074.16",8429,10861914,-0.269940688577666
"8430","20074.16",8430,10864322,-0.557941170409023
"8431","20074.16",8431,10864350,0.382751632212996
"8432","20074.16",8432,10869083,0.191808422523017
"8433","20074.16",8433,10869587,-0.0647405701686719
"8434","20074.16",8434,10883004,0.411887801034955
"8435","20074.16",8435,10883110,-1.04186526939862
"8436","20074.16",8436,10885076,-0.204396329230786
"8437","20074.16",8437,10886009,-0.208937603761803
"8438","20074.16",8438,10888794,0.251696982473249
"8439","20074.16",8439,10889444,0.180652765797278
"8440","20074.16",8440,10889621,-0.10120820973534
"8441","20074.16",8441,10896034,-0.512787702635869
"8442","20074.16",8442,10896063,0.332474643804233
"8443","20074.16",8443,10896722,0.215659881021912
"8444","20074.16",8444,10896769,0.384622303283821
"8445","20074.16",8445,10898849,0.418755050614277
"8446","20074.16",8446,10901158,-0.911254208227855
"8447","20074.16",8447,10901399,0.576420920657612
"8448","20074.16",8448,10902122,0.44715175368911
"8449","20074.16",8449,10902154,0.132801944533361
"8450","20074.16",8450,10902446,-0.555744556080793
"8451","20074.16",8451,10903108,0.169747197722212
"8452","20074.16",8452,10904103,0.593022822379882
"8453","20074.16",8453,10904133,-0.122475387779473
"8454","20074.16",8454,10909313,-0.529839572869815
"8455","20074.16",8455,10910528,-0.0421626674102846
"8456","20074.16",8456,10910546,-0.0876499483807498
"8457","20074.16",8457,10916428,-0.451406594479297
"8458","20074.16",8458,10918006,-0.19511806098568
"8459","20074.16",8459,10919418,-0.514044453017876
"8460","20074.16",8460,10920439,0.17220481800377
"8461","20074.16",8461,10920794,-0.655716649692644
"8462","20074.16",8462,10922491,-0.52859991420679
"8463","20074.16",8463,10922939,-0.114310579526814
"8464","20074.16",8464,10924058,0.168964449374216
"8465","20074.16",8465,10924874,-1.04065915274678
"8466","20074.16",8466,10926134,0.879177985250181
"8467","20074.16",8467,10926301,0.519521511611578
"8468","20074.16",8468,10927972,0.320860407850737
"8469","20074.16",8469,10930740,-0.515546133035915
"8470","20074.16",8470,10931623,0.59529679384802
"8471","20074.16",8471,10932445,0.0177321697551962
"8472","20074.16",8472,10932727,0.478233097540364
"8473","20074.16",8473,10936991,0.119428893854422
"8474","20074.16",8474,10940155,-0.0254637488230127
"8475","20074.16",8475,10941546,-0.966231631768133
"8476","20074.16",8476,10942981,0.46941887869571
"8477","20074.16",8477,10944047,0.152664272990406
"8478","20074.16",8478,10944171,0.110416032841187
"8479","20074.16",8479,10944569,-0.386105914824054
"8480","20074.16",8480,10948770,1.78639181169763
"8481","20074.16",8481,10949105,0.914463188286144
"8482","20074.16",8482,10949263,0.797746116386128
"8483","20074.16",8483,10949321,-0.61343790301778
"8484","20074.16",8484,10952488,-0.206207153576536
"8485","20074.16",8485,10955283,0.751747808296916
"8486","20074.16",8486,10955371,-0.54179457056123
"8487","20074.16",8487,10955391,-0.23849394191254
"8488","20074.16",8488,10955456,0.598781222092261
"8489","20074.16",8489,10955760,-0.0358365833774315
"8490","20074.16",8490,10956128,-0.195748013626133
"8491","20074.16",8491,10959021,-0.833737868702793
"8492","20074.16",8492,10959990,-0.354195448667181
"8493","20074.16",8493,10961560,0.539369104459964
"8494","20074.16",8494,10962352,0.339433105017732
"8495","20074.16",8495,10963134,-0.267519606574781
"8496","20074.16",8496,10965511,-0.489954106787423
"8497","20074.16",8497,10966479,1.1023978901795
"8498","20074.16",8498,10966761,-0.156991040693566
"8499","20074.16",8499,10967115,-0.0657334169911294
"8500","20074.16",8500,10968472,0.0865123826330185
"8501","20074.16",8501,10970476,0.636867720500088
"8502","20074.16",8502,10970627,-0.358022488001376
"8503","20074.16",8503,10970760,0.0932050291809379
"8504","20074.16",8504,10971303,0.544043559867942
"8505","20074.16",8505,10971471,-0.064310923269506
"8506","20074.16",8506,10971880,-0.00649456473684129
"8507","20074.16",8507,10976915,-0.653572565904276
"8508","20074.16",8508,10979417,-0.350492593108406
"8509","20074.16",8509,10979440,0.663848254584331
"8510","20074.16",8510,10979654,-0.78424692237026
"8511","20074.16",8511,10982345,0.127149538889404
"8512","20074.16",8512,10982865,0.0700017654118428
"8513","20074.16",8513,10988170,-0.698295866228694
"8514","20074.16",8514,10991621,-0.709414395710955
"8515","20074.16",8515,10991878,-0.427087411484377
"8516","20074.16",8516,10991988,-0.604501826345748
"8517","20074.16",8517,10993488,-1.14608247290943
"8518","20074.16",8518,10994182,-0.689730214572708
"8519","20074.16",8519,10995689,-0.076299245263752
"8520","20074.16",8520,10996399,-0.223083948726825
"8521","20074.16",8521,10996875,-0.200561972272875
"8522","20074.16",8522,10997289,-0.152777392524244
"8523","20074.16",8523,10997372,0.568185970406161
"8524","20074.16",8524,10998482,-0.314207515589235
"8525","20074.16",8525,10999673,0.120640225123058
"8526","20074.16",8526,11000848,-0.314537629467488
"8527","20074.16",8527,11002626,-0.209426964234074
"8528","20074.16",8528,11004328,-0.373844350808052
"8529","20074.16",8529,11004363,-0.391313526794602
"8530","20074.16",8530,11004549,-0.849828053084438
"8531","20074.16",8531,11006543,-0.493747677677142
"8532","20074.16",8532,11007075,-0.47533321756771
"8533","20074.16",8533,11008262,-0.025646095313606
"8534","20074.16",8534,11009505,-0.521283512516675
"8535","20074.16",8535,11009936,-0.383895823016567
"8536","20074.16",8536,11010626,0.145360590044509
"8537","20074.16",8537,11010644,-0.0638694910252706
"8538","20074.16",8538,11011406,0.287548957142696
"8539","20074.16",8539,11011709,0.178709218093604
"8540","20074.16",8540,11011728,0.631825190622908
"8541","20074.16",8541,11012550,0.902104291183083
"8542","20074.16",8542,11012567,0.348568013150362
"8543","20074.16",8543,11012642,0.725162940728453
"8544","20074.16",8544,11012734,-0.0672214098671953
"8545","20074.16",8545,11015906,0.0157959938259138
"8546","20074.16",8546,11016045,0.08734758770448
"8547","20074.16",8547,11016597,0.648438536225094
"8548","20074.16",8548,11017058,-0.47331018105472
"8549","20074.16",8549,11017419,-0.76254384760367
"8550","20074.16",8550,11019731,0.250403239241833
"8551","20074.16",8551,11020237,-0.752528483963738
"8552","20074.16",8552,11020904,0.058562696077094
"8553","20074.16",8553,11023825,-0.0225069612618034
"8554","20074.16",8554,11023868,-0.0817835615242926
"8555","20074.16",8555,11024105,0.102554151690953
"8556","20074.16",8556,11029339,0.259082049588927
"8557","20074.16",8557,11030199,-0.422783359299771
"8558","20074.16",8558,11032163,0.194321156027038
"8559","20074.16",8559,11036863,-0.574398113906418
"8560","20074.16",8560,11037738,0.213935260900025
"8561","20074.16",8561,11039487,0.348144434269613
"8562","20074.16",8562,11039693,-0.141247633897763
"8563","20074.16",8563,11040626,0.596744076914152
"8564","20074.16",8564,11041147,0.178889319116339
"8565","20074.16",8565,11045278,-0.404563145068169
"8566","20074.16",8566,11051358,0.280186985313249
"8567","20074.16",8567,11051596,-0.152192024145553
"8568","20074.16",8568,11053634,-0.0452051724444429
"8569","20074.16",8569,11054005,0.68984556367034
"8570","20074.16",8570,11056463,0.708963620506984
"8571","20074.16",8571,11056536,-0.155267604277657
"8572","20074.16",8572,11056618,-0.247666759735407
"8573","20074.16",8573,11061113,1.14917800572352
"8574","20074.16",8574,11061205,0.952222063179467
"8575","20074.16",8575,11061916,-0.0906058911110446
"8576","20074.16",8576,11062509,-0.335316733524762
"8577","20074.16",8577,11062936,0.300137503030936
"8578","20074.16",8578,11065262,-0.586173303644669
"8579","20074.16",8579,11065307,0.418681680577916
"8580","20074.16",8580,11065637,-0.0544337551724379
"8581","20074.16",8581,11068844,-0.546582168923286
"8582","20074.16",8582,11070228,-0.0390908079886163
"8583","20074.16",8583,11070289,0.99208464180205
"8584","20074.16",8584,11070323,0.388961468343179
"8585","20074.16",8585,11070509,-0.0872021011932045
"8586","20074.16",8586,11071795,0.66067340305115
"8587","20074.16",8587,11072459,-0.651492205992743
"8588","20074.16",8588,11075593,0.0620246904041304
"8589","20074.16",8589,11080451,-0.506784063948251
"8590","20074.16",8590,11081249,0.234070646665587
"8591","20074.16",8591,11081391,0.181591684986426
"8592","20074.16",8592,11087985,-0.57808721992405
"8593","20074.16",8593,11088694,0.223568240414095
"8594","20074.16",8594,11089334,-0.218897931003784
"8595","20074.16",8595,11089389,-0.192234641761776
"8596","20074.16",8596,11090411,0.701503024319295
"8597","20074.16",8597,11090719,-1.28804579526789
"8598","20074.16",8598,11091561,-0.00935389000050524
"8599","20074.16",8599,11092218,-0.274045801678955
"8600","20074.16",8600,11093274,0.0954409623848678
"8601","20074.16",8601,11093321,0.547638008370556
"8602","20074.16",8602,11093396,-0.420058349460456
"8603","20074.16",8603,11097479,0.31448172044371
"8604","20074.16",8604,11100333,-0.215703894404284
"8605","20074.16",8605,11100374,-0.312746991275915
"8606","20074.16",8606,11101486,0.0629228499595369
"8607","20074.16",8607,11103431,-0.099942446337061
"8608","20074.16",8608,11103464,-0.685871664523565
"8609","20074.16",8609,11103725,-0.345772247218711
"8610","20074.16",8610,11106316,-1.827924429766
"8611","20074.16",8611,11106660,-0.40100884495582
"8612","20074.16",8612,11106707,0.434224691069486
"8613","20074.16",8613,11113845,0.563871056214242
"8614","20074.16",8614,11114006,-0.304623929848558
"8615","20074.16",8615,11121700,0.137144280956202
"8616","20074.16",8616,11122390,-0.0818351339014436
"8617","20074.16",8617,11124296,0.391004170064389
"8618","20074.16",8618,11125094,-0.215420729703719
"8619","20074.16",8619,11125293,0.430794580717939
"8620","20074.16",8620,11125903,-0.0294530826686792
"8621","20074.16",8621,11126528,-0.76001068402372
"8622","20074.16",8622,11127055,0.565274579868176
"8623","20074.16",8623,11129080,0.593955861296609
"8624","20074.16",8624,11132152,0.199047037781114
"8625","20074.16",8625,11132224,-0.284004019910458
"8626","20074.16",8626,11132633,0.298336076118821
"8627","20074.16",8627,11132911,-0.0648703567346409
"8628","20074.16",8628,11134903,0.478952254814948
"8629","20074.16",8629,11135064,0.190069110458198
"8630","20074.16",8630,11138471,-0.46065091729399
"8631","20074.16",8631,11139322,0.639691383599541
"8632","20074.16",8632,11141026,-0.474279336474289
"8633","20074.16",8633,11141321,0.477780865862813
"8634","20074.16",8634,11141989,-0.393162411255039
"8635","20074.16",8635,11142720,0.391088781863771
"8636","20074.16",8636,11143976,-0.576027242651174
"8637","20074.16",8637,11144209,-0.0965632582371665
"8638","20074.16",8638,11145648,0.0998995863050194
"8639","20074.16",8639,11145810,0.183503274797895
"8640","20074.16",8640,11147094,0.123918057998121
"8641","20074.16",8641,11148398,-0.518585964862145
"8642","20074.16",8642,11149172,0.150492442519238
"8643","20074.16",8643,11149751,0.190838481945791
"8644","20074.16",8644,11153322,-0.370019631724891
"8645","20074.16",8645,11156260,0.471607587852692
"8646","20074.16",8646,11157287,-0.996021991919251
"8647","20074.16",8647,11159173,-0.231520816093872
"8648","20074.16",8648,11162931,0.393654545325695
"8649","20074.16",8649,11167603,-0.388386315552931
"8650","20074.16",8650,11169224,-0.363150286875991
"8651","20074.16",8651,11170455,-0.529685465109024
"8652","20074.16",8652,11171602,-0.69036476455387
"8653","20074.16",8653,11171629,-0.0100841900351947
"8654","20074.16",8654,11175028,-1.16927011223573
"8655","20074.16",8655,11175654,-1.01805489834662
"8656","20074.16",8656,11179873,0.405688215312785
"8657","20074.16",8657,11185209,0.267474205811012
"8658","20074.16",8658,11187415,0.324944386253457
"8659","20074.16",8659,11187679,-0.300256885510097
"8660","20074.16",8660,11187783,-0.207712253705143
"8661","20074.16",8661,11188930,0.0239898264840166
"8662","20074.16",8662,11189256,-0.856283762994062
"8663","20074.16",8663,11190617,-0.321514923344802
"8664","20074.16",8664,11191219,-0.429904515335607
"8665","20074.16",8665,11192172,-1.47423854116377
"8666","20074.16",8666,11192601,0.141860497522985
"8667","20074.16",8667,11193745,-0.00844291614089343
"8668","20074.16",8668,11193930,0.464800904332995
"8669","20074.16",8669,11194018,0.94436255983329
"8670","20074.16",8670,11194080,0.617008125674494
"8671","20074.16",8671,11194771,-0.29633757687126
"8672","20074.16",8672,11196041,-0.212961905550022
"8673","20074.16",8673,11196356,-0.30521881212375
"8674","20074.16",8674,11197523,-0.60367472493345
"8675","20074.16",8675,11198835,0.564133644423587
"8676","20074.16",8676,11199678,0.578699021532164
"8677","20074.16",8677,11199980,0.0546683021875669
"8678","20074.16",8678,11201751,0.312264798949921
"8679","20074.16",8679,11201945,-0.429947831614147
"8680","20074.16",8680,11204730,-0.70025307580478
"8681","20074.16",8681,11205522,0.0167286930911059
"8682","20074.16",8682,11207617,0.550357071792074
"8683","20074.16",8683,11207722,-0.0602869358997244
"8684","20074.16",8684,11207894,1.2216999405357
"8685","20074.16",8685,11208090,0.565084336392956
"8686","20074.16",8686,11208387,-0.22270809877809
"8687","20074.16",8687,11208658,0.219164011701198
"8688","20074.16",8688,11209302,-0.923006404569496
"8689","20074.16",8689,11210447,-0.459430876882273
"8690","20074.16",8690,11210593,0.0779706870258101
"8691","20074.16",8691,11214385,-1.61854949293214
"8692","20074.16",8692,11214507,-1.84720621311051
"8693","20074.16",8693,11214655,0.545098794241802
"8694","20074.16",8694,11215141,-0.062571861348018
"8695","20074.16",8695,11217514,-0.0984432529740618
"8696","20074.16",8696,11218322,-0.44406398930665
"8697","20074.16",8697,11218606,-0.0331980807593082
"8698","20074.16",8698,11219041,0.0804359376967412
"8699","20074.16",8699,11219984,-0.441123406479351
"8700","20074.16",8700,11223537,0.0780347046439855
"8701","20074.16",8701,11226756,-0.00209432180457725
"8702","20074.16",8702,11227914,-0.337335044594249
"8703","20074.16",8703,11229475,-0.0472711467387477
"8704","20074.16",8704,11229589,0.136957246389815
"8705","20074.16",8705,11231857,-0.0804982624838768
"8706","20074.16",8706,11232260,0.404551383428708
"8707","20074.16",8707,11233179,-1.23100869537884
"8708","20074.16",8708,11233179,-1.25779808094928
"8709","20074.16",8709,11234845,1.04029040583396
"8710","20074.16",8710,11235159,0.0273244763442948
"8711","20074.16",8711,11235599,-0.627972613980321
"8712","20074.16",8712,11237184,0.0565235046062007
"8713","20074.16",8713,11244155,0.115930606425646
"8714","20074.16",8714,11244194,-0.0569965166600053
"8715","20074.16",8715,11244238,0.0209030865254975
"8716","20074.16",8716,11248371,0.231550414985965
"8717","20074.16",8717,11249329,0.226948353034641
"8718","20074.16",8718,11249674,0.117561672316937
"8719","20074.16",8719,11251463,-0.238244290952491
"8720","20074.16",8720,11252829,0.712554553224126
"8721","20074.16",8721,11253105,-0.772626324706126
"8722","20074.16",8722,11254033,-0.17752442682107
"8723","20074.16",8723,11255856,-1.23640184484036
"8724","20074.16",8724,11256592,0.438542961594517
"8725","20074.16",8725,11256936,0.77728431638145
"8726","20074.16",8726,11257101,0.191256270827259
"8727","20074.16",8727,11257308,0.105758888905902
"8728","20074.16",8728,11261769,0.182531039634839
"8729","20074.16",8729,11262783,-0.262868483942309
"8730","20074.16",8730,11263556,0.59218413720996
"8731","20074.16",8731,11263856,-0.321106443731074
"8732","20074.16",8732,11264504,-0.184581337382509
"8733","20074.16",8733,11264612,0.815226965008613
"8734","20074.16",8734,11265321,-0.39791883922879
"8735","20074.16",8735,11266792,-0.202430890276299
"8736","20074.16",8736,11270079,-0.0796369807695143
"8737","20074.16",8737,11270904,0.0231974248573348
"8738","20074.16",8738,11271506,0.0133746821313077
"8739","20074.16",8739,11273229,-0.0191297667444372
"8740","20074.16",8740,11274606,-0.443404213145458
"8741","20074.16",8741,11277118,0.089935975336421
"8742","20074.16",8742,11279085,-0.0860687713563166
"8743","20074.16",8743,11279778,0.574319704061339
"8744","20074.16",8744,11282491,-0.228053636570793
"8745","20074.16",8745,11283005,-0.621661527182352
"8746","20074.16",8746,11283444,-0.328266232857157
"8747","20074.16",8747,11283687,0.056999885642659
"8748","20074.16",8748,11283702,0.576254550213448
"8749","20074.16",8749,11285190,-0.624148730074576
"8750","20074.16",8750,11285202,0.0419808786832334
"8751","20074.16",8751,11285382,0.136093805705351
"8752","20074.16",8752,11286238,0.641910724881817
"8753","20074.16",8753,11286690,0.276288569732537
"8754","20074.16",8754,11288428,-0.239561147577461
"8755","20074.16",8755,11288935,0.902279788626204
"8756","20074.16",8756,11293711,0.944492691435676
"8757","20074.16",8757,11294725,-0.94365201996367
"8758","20074.16",8758,11296311,0.655644603781886
"8759","20074.16",8759,11297168,0.434672861661418
"8760","20074.16",8760,11297562,0.0768073882209084
"8761","20074.16",8761,11298850,-0.944468757486358
"8762","20074.16",8762,11299248,-0.17316206873523
"8763","20074.16",8763,11300434,0.0688236935032389
"8764","20074.16",8764,11301524,-0.476700187033797
"8765","20074.16",8765,11302106,0.360564083549261
"8766","20074.16",8766,11302144,-0.811623730964266
"8767","20074.16",8767,11305870,0.142929436518231
"8768","20074.16",8768,11309702,-0.517139796843605
"8769","20074.16",8769,11309751,0.00685829831456353
"8770","20074.16",8770,11310220,0.781201083178696
"8771","20074.16",8771,11311865,-1.08182120302936
"8772","20074.16",8772,11312173,0.186363931660891
"8773","20074.16",8773,11312399,-1.05633528518949
"8774","20074.16",8774,11313051,-0.275250997720582
"8775","20074.16",8775,11315651,0.0942297077639642
"8776","20074.16",8776,11315655,0.536740459543439
"8777","20074.16",8777,11317911,0.722816816865504
"8778","20074.16",8778,11318506,-0.19725798457316
"8779","20074.16",8779,11319045,-0.101893246325808
"8780","20074.16",8780,11322024,-0.139149368571763
"8781","20074.16",8781,11322491,0.281030315273473
"8782","20074.16",8782,11325872,-0.365136363122669
"8783","20074.16",8783,11329239,-0.0737825264358403
"8784","20074.16",8784,11330026,0.295429244812772
"8785","20074.16",8785,11332741,0.464458001192448
"8786","20074.16",8786,11334059,1.09781841582435
"8787","20074.16",8787,11334504,0.371191532689886
"8788","20074.16",8788,11334985,-0.205552382849312
"8789","20074.16",8789,11337721,0.250377512165231
"8790","20074.16",8790,11337788,0.432145322133674
"8791","20074.16",8791,11337802,-0.542181458912649
"8792","20074.16",8792,11337805,-0.25891283710668
"8793","20074.16",8793,11337863,-0.296609169951263
"8794","20074.16",8794,11339057,0.267874930413739
"8795","20074.16",8795,11339128,0.00125120742590923
"8796","20074.16",8796,11339702,0.331650573555957
"8797","20074.16",8797,11344297,0.758615462730979
"8798","20074.16",8798,11345145,0.761171963400405
"8799","20074.16",8799,11345699,0.144339189810816
"8800","20074.16",8800,11345754,-0.0535265138586194
"8801","20074.16",8801,11351211,1.08363293985619
"8802","20074.16",8802,11351412,-1.89003887463501
"8803","20074.16",8803,11351537,-0.221956555868069
"8804","20074.16",8804,11352524,-0.345386608547471
"8805","20074.16",8805,11352770,-0.342284655470829
"8806","20074.16",8806,11352936,-1.02023880515287
"8807","20074.16",8807,11353304,0.826710365586883
"8808","20074.16",8808,11354497,-0.232041387560655
"8809","20074.16",8809,11356095,0.0835255730015279
"8810","20074.16",8810,11356642,-0.915824871762897
"8811","20074.16",8811,11357331,-0.904081519105548
"8812","20074.16",8812,11357688,0.499768602580589
"8813","20074.16",8813,11360768,0.651657191833466
"8814","20074.16",8814,11361729,-0.277527116772505
"8815","20074.16",8815,11362554,-0.21739698020143
"8816","20074.16",8816,11362729,-0.691809795047885
"8817","20074.16",8817,11364079,0.0591120009304351
"8818","20074.16",8818,11364783,0.534902725325265
"8819","20074.16",8819,11364852,0.706001051261276
"8820","20074.16",8820,11364888,0.37572317048875
"8821","20074.16",8821,11365343,-0.345527141630094
"8822","20074.16",8822,11365416,-0.110518471427179
"8823","20074.16",8823,11366589,0.75105893525658
"8824","20074.16",8824,11368236,-0.506604839987519
"8825","20074.16",8825,11369149,-0.132508175357062
"8826","20074.16",8826,11369205,0.452087415528793
"8827","20074.16",8827,11369460,0.131772943728167
"8828","20074.16",8828,11369534,0.92262488086034
"8829","20074.16",8829,11372735,0.610538512653263
"8830","20074.16",8830,11372831,0.630192300201432
"8831","20074.16",8831,11373301,0.185069540877848
"8832","20074.16",8832,11373320,-0.24559692196728
"8833","20074.16",8833,11373336,-0.14627328673743
"8834","20074.16",8834,11375475,-0.562102085373331
"8835","20074.16",8835,11376029,-0.276926117940357
"8836","20074.16",8836,11376446,0.535012981645063
"8837","20074.16",8837,11383519,0.400660070800332
"8838","20074.16",8838,11384741,-0.158758636756034
"8839","20074.16",8839,11384776,-0.00932928146636325
"8840","20074.16",8840,11384829,0.508436222946556
"8841","20074.16",8841,11385011,1.03815526161531
"8842","20074.16",8842,11385329,1.36060046169681
"8843","20074.16",8843,11387164,0.698465999955562
"8844","20074.16",8844,11387546,-1.18152173343243
"8845","20074.16",8845,11389048,0.160866385161265
"8846","20074.16",8846,11389137,1.15980330461574
"8847","20074.16",8847,11389629,0.402208127143418
"8848","20074.16",8848,11390728,1.21656424917766
"8849","20074.16",8849,11391190,1.23352716611792
"8850","20074.16",8850,11393103,-1.85522834835471
"8851","20074.16",8851,11393887,-0.807493134497254
"8852","20074.16",8852,11394115,-0.0824380746462978
"8853","20074.16",8853,11394128,0.383507315394003
"8854","20074.16",8854,11394830,-0.486625146302566
"8855","20074.16",8855,11395915,-2.10868375311804
"8856","20074.16",8856,11395915,-1.15600081810124
"8857","20074.16",8857,11397603,-0.154498332747599
"8858","20074.16",8858,11398698,0.598013168221592
"8859","20074.16",8859,11399218,-1.25254242251467
"8860","20074.16",8860,11399728,-1.10962846204943
"8861","20074.16",8861,11401416,0.711316836385953
"8862","20074.16",8862,11403893,0.985816735257424
"8863","20074.16",8863,11403963,-0.336402481454349
"8864","20074.16",8864,11404830,-1.17736387572692
"8865","20074.16",8865,11406018,0.332294461339296
"8866","20074.16",8866,11406048,-0.721280719493409
"8867","20074.16",8867,11406519,-0.406870298587822
"8868","20074.16",8868,11407178,0.445806353894224
"8869","20074.16",8869,11407506,-0.573122377822703
"8870","20074.16",8870,11407943,0.21244749751599
"8871","20074.16",8871,11412040,-0.328456679684409
"8872","20074.16",8872,11413589,-0.335261626295064
"8873","20074.16",8873,11415117,0.0191706830236793
"8874","20074.16",8874,11415203,0.722112485709954
"8875","20074.16",8875,11417672,-0.382861040178805
"8876","20074.16",8876,11419018,0.262464622564827
"8877","20074.16",8877,11419103,0.275661801661962
"8878","20074.16",8878,11419378,0.5405051330205
"8879","20074.16",8879,11420142,-0.567024950805744
"8880","20074.16",8880,11420769,0.577358234433878
"8881","20074.16",8881,11421252,-0.51958280183694
"8882","20074.16",8882,11421842,0.556843921260074
"8883","20074.16",8883,11426972,-0.208911610882482
"8884","20074.16",8884,11433103,-0.226210991012529
"8885","20074.16",8885,11434941,0.676706016029329
"8886","20074.16",8886,11435990,0.191981528501064
"8887","20074.16",8887,11435990,0.95698571355549
"8888","20074.16",8888,11441612,0.612911659871835
"8889","20074.16",8889,11444572,0.0837021777919826
"8890","20074.16",8890,11444726,0.386744849767484
"8891","20074.16",8891,11447272,-0.22704487281738
"8892","20074.16",8892,11447358,-0.779579356620172
"8893","20074.16",8893,11452499,-0.879776416037024
"8894","20074.16",8894,11455606,-0.214874807312317
"8895","20074.16",8895,11455993,0.222421753587008
"8896","20074.16",8896,11456266,0.0357370951137232
"8897","20074.16",8897,11462478,-0.545938526400606
"8898","20074.16",8898,11466511,0.585484875793413
"8899","20074.16",8899,11467170,-0.199827718384748
"8900","20074.16",8900,11468079,-0.319477541553339
"8901","20074.16",8901,11468162,-0.0999767970637402
"8902","20074.16",8902,11470099,0.0448292326512503
"8903","20074.16",8903,11470372,0.29191212128542
"8904","20074.16",8904,11473435,-0.095948641278742
"8905","20074.16",8905,11473656,0.578476575660859
"8906","20074.16",8906,11474146,-0.242520853602447
"8907","20074.16",8907,11474660,-0.0278868999373856
"8908","20074.16",8908,11475328,-0.128858541863331
"8909","20074.16",8909,11475673,-0.081624737165213
"8910","20074.16",8910,11476096,0.332367377290955
"8911","20074.16",8911,11477246,0.761681630989478
"8912","20074.16",8912,11477341,-0.457043467216772
"8913","20074.16",8913,11477919,-0.230138660585554
"8914","20074.16",8914,11478148,0.907117551808724
"8915","20074.16",8915,11478271,0.73868769478308
"8916","20074.16",8916,11478556,0.123254940761458
"8917","20074.16",8917,11478845,-0.338856518732016
"8918","20074.16",8918,11484791,-0.68909666232491
"8919","20074.16",8919,11484912,-1.238886357664
"8920","20074.16",8920,11487639,0.343479334114115
"8921","20074.16",8921,11488000,0.212313636927571
"8922","20074.16",8922,11488872,0.889105250306724
"8923","20074.16",8923,11489256,-0.158055734028092
"8924","20074.16",8924,11489365,-0.23813625644094
"8925","20074.16",8925,11489545,0.724020581188905
"8926","20074.16",8926,11489734,-0.018730670197634
"8927","20074.16",8927,11491007,-0.0171050368792818
"8928","20074.16",8928,11492516,-0.422499416614932
"8929","20074.16",8929,11493341,-0.551909680667372
"8930","20074.16",8930,11495560,-0.176556582960298
"8931","20074.16",8931,11495576,0.495577106089878
"8932","20074.16",8932,11499172,-0.630254641160971
"8933","20074.16",8933,11499701,0.473181164616025
"8934","20074.16",8934,11499972,0.0677248745929804
"8935","20074.16",8935,11500459,0.535924774685637
"8936","20074.16",8936,11500629,0.109166329696283
"8937","20074.16",8937,11500830,-0.496413119874766
"8938","20074.16",8938,11501087,0.447894096991408
"8939","20074.16",8939,11501405,-1.9293016334693
"8940","20074.16",8940,11501432,-0.513061106710822
"8941","20074.16",8941,11502210,-0.0993841293980786
"8942","20074.16",8942,11505171,-0.906084150648963
"8943","20074.16",8943,11509068,0.383631403345897
"8944","20074.16",8944,11509150,-0.245246290397105
"8945","20074.16",8945,11509295,0.629746586020093
"8946","20074.16",8946,11509430,0.660748027300229
"8947","20074.16",8947,11511725,0.703225781334019
"8948","20074.16",8948,11512003,0.085026877378084
"8949","20074.16",8949,11512277,0.38380611868049
"8950","20074.16",8950,11514067,0.577687393883806
"8951","20074.16",8951,11515222,0.814065843412844
"8952","20074.16",8952,11517299,-0.105834540558456
"8953","20074.16",8953,11518637,0.693759474872254
"8954","20074.16",8954,11518774,0.289535422340635
"8955","20074.16",8955,11518788,0.0211712411355025
"8956","20074.16",8956,11525119,0.120219309119602
"8957","20074.16",8957,11526181,0.595859450237371
"8958","20074.16",8958,11527640,0.0814756272790422
"8959","20074.16",8959,11528732,-0.962126320469978
"8960","20074.16",8960,11528773,0.570232558804308
"8961","20074.16",8961,11530121,0.0134853075140642
"8962","20074.16",8962,11531730,-0.952756057838298
"8963","20074.16",8963,11533624,0.266106953576103
"8964","20074.16",8964,11533901,0.248074153148008
"8965","20074.16",8965,11535288,-0.340929306209899
"8966","20074.16",8966,11535383,0.992309652518077
"8967","20074.16",8967,11535576,0.365753148019244
"8968","20074.16",8968,11535697,-0.6901195459117
"8969","20074.16",8969,11535788,0.340045595299814
"8970","20074.16",8970,11535939,0.903859108932783
"8971","20074.16",8971,11536429,0.881754744034944
"8972","20074.16",8972,11538309,-0.317730841243461
"8973","20074.16",8973,11539986,-0.254644618348725
"8974","20074.16",8974,11540712,0.414155688151305
"8975","20074.16",8975,11542423,0.393099942855849
"8976","20074.16",8976,11542719,-0.0779295172728949
"8977","20074.16",8977,11542862,-0.175354377588063
"8978","20074.16",8978,11542894,-0.245476356325979
"8979","20074.16",8979,11544673,0.312464776922082
"8980","20074.16",8980,11545851,0.277597763811076
"8981","20074.16",8981,11546711,-0.0967120566549475
"8982","20074.16",8982,11547488,0.152633485282498
"8983","20074.16",8983,11547873,-0.139342137830846
"8984","20074.16",8984,11548285,-1.07994771427737
"8985","20074.16",8985,11552406,-0.0435793115755336
"8986","20074.16",8986,11553842,0.402038568577471
"8987","20074.16",8987,11556910,-0.282677885236573
"8988","20074.16",8988,11558282,0.0324400990873857
"8989","20074.16",8989,11558706,0.0793461437523577
"8990","20074.16",8990,11558757,0.496023078703151
"8991","20074.16",8991,11560759,-0.594701645273592
"8992","20074.16",8992,11561547,-0.0273257013154966
"8993","20074.16",8993,11562062,0.675592096776982
"8994","20074.16",8994,11564091,-1.24664995621981
"8995","20074.16",8995,11564493,0.513072112911796
"8996","20074.16",8996,11564916,0.214580184557652
"8997","20074.16",8997,11565012,0.409064997831874
"8998","20074.16",8998,11567084,0.13279256042001
"8999","20074.16",8999,11568826,-0.806591979858882
"9000","20074.16",9000,11569240,0.140495066396414
"9001","20074.16",9001,11569424,0.179476029211195
"9002","20074.16",9002,11569454,0.194931735583269
"9003","20074.16",9003,11571294,-0.0338566123733388
"9004","20074.16",9004,11577367,0.0726866806401008
"9005","20074.16",9005,11582570,0.146833799355896
"9006","20074.16",9006,11583095,-0.268433903682195
"9007","20074.16",9007,11583168,0.0248631092732277
"9008","20074.16",9008,11583500,-0.955639329328314
"9009","20074.16",9009,11585891,0.295754570726122
"9010","20074.16",9010,11586784,0.814468577257442
"9011","20074.16",9011,11587125,0.110326792793543
"9012","20074.16",9012,11589761,-0.25743615235208
"9013","20074.16",9013,11590418,0.0103341861100992
"9014","20074.16",9014,11590905,0.62075385911237
"9015","20074.16",9015,11594841,0.221596569981638
"9016","20074.16",9016,11594875,0.342497874744258
"9017","20074.16",9017,11595821,-0.428946524005487
"9018","20074.16",9018,11598973,0.217564281780954
"9019","20074.16",9019,11600230,-0.29521150268545
"9020","20074.16",9020,11601998,0.999246031960968
"9021","20074.16",9021,11602615,-0.211680278323313
"9022","20074.16",9022,11603872,0.386072671098449
"9023","20074.16",9023,11608244,-0.625602314052452
"9024","20074.16",9024,11608710,-0.0605441474221049
"9025","20074.16",9025,11613169,0.0898304093203217
"9026","20074.16",9026,11620748,-0.493246778783271
"9027","20074.16",9027,11623191,-0.506256334623163
"9028","20074.16",9028,11623369,0.116479467639863
"9029","20074.16",9029,11629464,-0.487377327515788
"9030","20074.16",9030,11629784,-0.2596053347075
"9031","20074.16",9031,11629933,-0.939446117057021
"9032","20074.16",9032,11629949,-1.00694732005295
"9033","20074.16",9033,11633483,-0.674027850857558
"9034","20074.16",9034,11633746,0.961849726389436
"9035","20074.16",9035,11633807,0.350010481351496
"9036","20074.16",9036,11633871,1.07916621804959
"9037","20074.16",9037,11636743,-0.332497447889953
"9038","20074.16",9038,11637577,-0.735042672314542
"9039","20074.16",9039,11637687,0.579363861683707
"9040","20074.16",9040,11638188,0.244015043203999
"9041","20074.16",9041,11638910,0.883548110949714
"9042","20074.16",9042,11639000,0.941323975638372
"9043","20074.16",9043,11640049,0.79892548632942
"9044","20074.16",9044,11640538,0.530047213507049
"9045","20074.16",9045,11641180,1.19194445053865
"9046","20074.16",9046,11641440,0.280125005566217
"9047","20074.16",9047,11642242,0.232814166369494
"9048","20074.16",9048,11642549,0.184750499563408
"9049","20074.16",9049,11642697,0.327564284653804
"9050","20074.16",9050,11643631,0.3132975622692
"9051","20074.16",9051,11644334,0.762122657327018
"9052","20074.16",9052,11645013,-0.0748154083306742
"9053","20074.16",9053,11645729,-0.706363141824864
"9054","20074.16",9054,11645832,-0.983202578777401
"9055","20074.16",9055,11646011,0.167837659706296
"9056","20074.16",9056,11647492,-0.145480529866128
"9057","20074.16",9057,11648071,-1.57482354714597
"9058","20074.16",9058,11648180,0.473017158001922
"9059","20074.16",9059,11650057,-1.62501817574895
"9060","20074.16",9060,11650887,0.121068945764781
"9061","20074.16",9061,11652119,0.130886995809722
"9062","20074.16",9062,11660194,-0.0518325307017884
"9063","20074.16",9063,11660702,-0.830044424262546
"9064","20074.16",9064,11662898,-0.537711721530064
"9065","20074.16",9065,11667162,-0.0829676162184318
"9066","20074.16",9066,11667205,0.327769256113892
"9067","20074.16",9067,11667277,0.457678472288776
"9068","20074.16",9068,11672129,-0.822126519717623
"9069","20074.16",9069,11676019,-0.383914940048498
"9070","20074.16",9070,11676461,0.0313585146314672
"9071","20074.16",9071,11679467,-0.786458914884931
"9072","20074.16",9072,11679823,0.148356486851342
"9073","20074.16",9073,11681610,-1.10196008570356
"9074","20074.16",9074,11681722,-0.560549986722016
"9075","20074.16",9075,11681802,-1.12522665186622
"9076","20074.16",9076,11688891,0.681720208300733
"9077","20074.16",9077,11688928,-0.416672259956162
"9078","20074.16",9078,11692658,0.275998189574151
"9079","20074.16",9079,11693237,0.530979285565894
"9080","20074.16",9080,11694408,0.50348097559712
"9081","20074.16",9081,11697363,-0.0870127432797014
"9082","20074.16",9082,11699720,0.247341528234808
"9083","20074.16",9083,11700390,0.013122211588585
"9084","20074.16",9084,11700506,-0.566941399492507
"9085","20074.16",9085,11700808,-0.152704271128518
"9086","20074.16",9086,11701128,-0.0717205998792627
"9087","20074.16",9087,11702859,-1.15220479446155
"9088","20074.16",9088,11704651,0.260431127759223
"9089","20074.16",9089,11707291,0.144568782693537
"9090","20074.16",9090,11708622,0.395067865560844
"9091","20074.16",9091,11708738,-0.243789743922879
"9092","20074.16",9092,11714208,-0.154875616596466
"9093","20074.16",9093,11714589,0.34872823620723
"9094","20074.16",9094,11720066,-0.00453692028054498
"9095","20074.16",9095,11732245,-1.04853929463351
"9096","20074.16",9096,11734256,1.08884556594846
"9097","20074.16",9097,11734317,0.6512742173555
"9098","20074.16",9098,11734331,0.239957728766223
"9099","20074.16",9099,11734642,0.897792345026365
"9100","20074.16",9100,11736878,-0.181438930831464
"9101","20074.16",9101,11737505,-0.0491949985868878
"9102","20074.16",9102,11737925,0.192602905455213
"9103","20074.16",9103,11739455,0.677621688225764
"9104","20074.16",9104,11741677,-0.257689536533374
"9105","20074.16",9105,11742027,0.0593118013922096
"9106","20074.16",9106,11743332,0.372015130801151
"9107","20074.16",9107,11743400,-2.07987406571712
"9108","20074.16",9108,11750830,0.319903120374589
"9109","20074.16",9109,11750951,-0.486845218010152
"9110","20074.16",9110,11751015,1.40632078196063
"9111","20074.16",9111,11755186,0.0840987082110214
"9112","20074.16",9112,11755841,-1.35986189412359
"9113","20074.16",9113,11756618,-0.504695043005277
"9114","20074.16",9114,11757091,0.214651840039778
"9115","20074.16",9115,11764821,-0.470925411036413
"9116","20074.16",9116,11764948,0.168262280630232
"9117","20074.16",9117,11768084,-0.258689226583399
"9118","20074.16",9118,11768368,-0.292568455615982
"9119","20074.16",9119,11769011,-0.668857687845182
"9120","20074.16",9120,11769596,-0.00259059195690625
"9121","20074.16",9121,11769642,0.88260895192283
"9122","20074.16",9122,11770304,-0.501913796305369
"9123","20074.16",9123,11773743,0.830060529812548
"9124","20074.16",9124,11773885,-0.288590782837367
"9125","20074.16",9125,11775500,0.45342502092027
"9126","20074.16",9126,11775707,-0.377603465911934
"9127","20074.16",9127,11775872,0.477096239146012
"9128","20074.16",9128,11776425,-0.322942320124775
"9129","20074.16",9129,11778886,0.365483237143882
"9130","20074.16",9130,11779622,-0.220579296335673
"9131","20074.16",9131,11781582,-0.321056057692187
"9132","20074.16",9132,11781695,-0.932520084060775
"9133","20074.16",9133,11784880,1.15596577343962
"9134","20074.16",9134,11785220,0.685569280819768
"9135","20074.16",9135,11785343,0.127867190009926
"9136","20074.16",9136,11786040,-0.170872890641529
"9137","20074.16",9137,11786553,-0.185022751777114
"9138","20074.16",9138,11787714,0.501027719369973
"9139","20074.16",9139,11788795,-0.664513087066835
"9140","20074.16",9140,11788871,-0.009081635240765
"9141","20074.16",9141,11789190,0.251391800898138
"9142","20074.16",9142,11793099,-0.81945151274523
"9143","20074.16",9143,11793230,-0.312065710910524
"9144","20074.16",9144,11793395,-0.342822004180033
"9145","20074.16",9145,11794067,0.0868456793562595
"9146","20074.16",9146,11794620,-1.00583965232291
"9147","20074.16",9147,11795579,0.120391217174693
"9148","20074.16",9148,11796175,-0.404771316651453
"9149","20074.16",9149,11796790,-0.112854231008981
"9150","20074.16",9150,11799333,-0.415881383992015
"9151","20074.16",9151,11800261,-0.50379750900013
"9152","20074.16",9152,11800768,0.646960530665113
"9153","20074.16",9153,11803859,-0.0120482839163643
"9154","20074.16",9154,11804385,0.154541776798739
"9155","20074.16",9155,11805866,-0.74968560187492
"9156","20074.16",9156,11806277,-0.950897600731501
"9157","20074.16",9157,11811728,0.131187704026837
"9158","20074.16",9158,11812075,0.328441410405
"9159","20074.16",9159,11812197,-0.799245175960372
"9160","20074.16",9160,11812291,-0.203622512987894
"9161","20074.16",9161,11812470,-1.67176231014114
"9162","20074.16",9162,11819569,-0.606018914403822
"9163","20074.16",9163,11820156,-1.55231583163393
"9164","20074.16",9164,11821553,-1.10548192125769
"9165","20074.16",9165,11822148,-0.0690794302599098
"9166","20074.16",9166,11822974,-0.437851163005064
"9167","20074.16",9167,11825112,0.531405984912404
"9168","20074.16",9168,11825600,0.358137110344111
"9169","20074.16",9169,11826148,0.867319875013007
"9170","20074.16",9170,11826841,-0.395413770807923
"9171","20074.16",9171,11829247,0.366118797770302
"9172","20074.16",9172,11837682,0.317256673530273
"9173","20074.16",9173,11839776,-1.90833716121459
"9174","20074.16",9174,11839809,1.92149401808334
"9175","20074.16",9175,11839910,0.365189635240973
"9176","20074.16",9176,11840701,-0.107467178936854
"9177","20074.16",9177,11842054,-0.502588921285395
"9178","20074.16",9178,11846453,-0.328314967664224
"9179","20074.16",9179,11846508,0.533433548671463
"9180","20074.16",9180,11846696,0.376791095484509
"9181","20074.16",9181,11848534,-0.683639090820942
"9182","20074.16",9182,11853238,-0.41011288551223
"9183","20074.16",9183,11856542,-0.490818788908538
"9184","20074.16",9184,11862203,-0.76077093717969
"9185","20074.16",9185,11864772,0.0730656153221476
"9186","20074.16",9186,11865101,-0.149599064542286
"9187","20074.16",9187,11869731,-0.229995547061111
"9188","20074.16",9188,11870494,0.525738568361777
"9189","20074.16",9189,11871085,-0.217680386659772
"9190","20074.16",9190,11872086,-1.92882877513181
"9191","20074.16",9191,11872447,-0.885881143264427
"9192","20074.16",9192,11875429,-0.302662764832996
"9193","20074.16",9193,11875787,0.334636779694104
"9194","20074.16",9194,11878293,-0.343540343289654
"9195","20074.16",9195,11880407,0.478724700198314
"9196","20074.16",9196,11883518,-0.173019621933489
"9197","20074.16",9197,11885655,-0.446952893825848
"9198","20074.16",9198,11886067,-0.647232027798961
"9199","20074.16",9199,11886591,0.466325387031623
"9200","20074.16",9200,11888974,-0.198804199351801
"9201","20074.16",9201,11889059,0.457446672837304
"9202","20074.16",9202,11889599,-1.36618177487899
"9203","20074.16",9203,11893519,0.335474909539429
"9204","20074.16",9204,11894054,0.44947481557825
"9205","20074.16",9205,11894847,0.0968795824050037
"9206","20074.16",9206,11895224,0.0887387381280771
"9207","20074.16",9207,11898108,-1.09093667679155
"9208","20074.16",9208,11899544,1.02052844145535
"9209","20074.16",9209,11900124,-0.53791276696701
"9210","20074.16",9210,11900656,0.558709234665277
"9211","20074.16",9211,11901467,-0.167624401272746
"9212","20074.16",9212,11901557,0.826818530639161
"9213","20074.16",9213,11902194,-0.82620068137874
"9214","20074.16",9214,11904171,0.18982328091697
"9215","20074.16",9215,11908797,-0.326046693809952
"9216","20074.16",9216,11912275,-0.7983249527679
"9217","20074.16",9217,11912698,-0.698198449534804
"9218","20074.16",9218,11913383,-0.745588762921482
"9219","20074.16",9219,11915911,-0.0923914897379277
"9220","20074.16",9220,11916362,0.282727556325772
"9221","20074.16",9221,11922720,0.335741627251752
"9222","20074.16",9222,11927918,0.815546501897837
"9223","20074.16",9223,11927982,-0.0195690353629496
"9224","20074.16",9224,11928019,0.0200413193232718
"9225","20074.16",9225,11928299,0.324760280611041
"9226","20074.16",9226,11928436,0.197339103391017
"9227","20074.16",9227,11928982,-0.108370573825161
"9228","20074.16",9228,11930337,-0.00353018233099522
"9229","20074.16",9229,11931950,0.278875654603959
"9230","20074.16",9230,11932335,0.0848800802236616
"9231","20074.16",9231,11932421,0.221657154251083
"9232","20074.16",9232,11935436,0.815325402471733
"9233","20074.16",9233,11935791,-0.266153793668363
"9234","20074.16",9234,11940968,0.451998056828198
"9235","20074.16",9235,11941667,0.580803678110988
"9236","20074.16",9236,11942322,-0.969443898992451
"9237","20074.16",9237,11954796,0.582314337957119
"9238","20074.16",9238,11958864,-0.263356464697389
"9239","20074.16",9239,11959476,0.294422828598486
"9240","20074.16",9240,11961858,0.592834174814107
"9241","20074.16",9241,11962347,0.0645161078737555
"9242","20074.16",9242,11962459,-0.940342410722743
"9243","20074.16",9243,11963190,1.01516924680927
"9244","20074.16",9244,11963361,0.221412228919497
"9245","20074.16",9245,11966215,-0.321444613870024
"9246","20074.16",9246,11966381,0.0772115625118657
"9247","20074.16",9247,11968243,-0.484018815801236
"9248","20074.16",9248,11968555,0.279286433475598
"9249","20074.16",9249,11973916,-0.700374346014911
"9250","20074.16",9250,11979466,0.111563858063333
"9251","20074.16",9251,11980710,0.418226958436381
"9252","20074.16",9252,11981343,-0.459267375549887
"9253","20074.16",9253,11984181,-0.0145445461539842
"9254","20074.16",9254,11986186,-1.25020547425626
"9255","20074.16",9255,11988303,-0.00368813079418917
"9256","20074.16",9256,11988836,0.298399725332282
"9257","20074.16",9257,11992195,-0.971127538773173
"9258","20074.16",9258,11992257,-0.721152408689161
"9259","20074.16",9259,11993067,0.364894049964787
"9260","20074.16",9260,11993299,0.2493208673005
"9261","20074.16",9261,11994630,0.286944911982503
"9262","20074.16",9262,11999025,-0.255836238899494
"9263","20074.16",9263,11999648,-0.392639563435891
"9264","20074.16",9264,12001540,0.456207543769044
"9265","20074.16",9265,12003948,-0.535008701204407
"9266","20074.16",9266,12007435,-0.959218740446759
"9267","20074.16",9267,12027826,-0.026771614967247
"9268","20074.16",9268,12035577,-1.52070319862125
"9269","20074.16",9269,12039346,0.517147231268866
"9270","20074.16",9270,12039685,-0.717365572718353
"9271","20074.16",9271,12039829,-0.00579350586182237
"9272","20074.16",9272,12041718,-0.076920804730503
"9273","20074.16",9273,12041738,0.331548612678414
"9274","20074.16",9274,12042745,-0.565320681508041
"9275","20074.16",9275,12046860,-0.220935122381225
"9276","20074.16",9276,12046899,0.838839516865796
"9277","20074.16",9277,12046995,0.530793226912588
"9278","20074.16",9278,12047514,-0.662208413853294
"9279","20074.16",9279,12052751,-0.279115010472468
"9280","20074.16",9280,12053040,-0.51847603139043
"9281","20074.16",9281,12054077,0.381341575870406
"9282","20074.16",9282,12056592,0.297429117965655
"9283","20074.16",9283,12057448,-0.341935879174945
"9284","20074.16",9284,12057558,-0.102870406544612
"9285","20074.16",9285,12061626,0.123161252362362
"9286","20074.16",9286,12061674,0.294422828598486
"9287","20074.16",9287,12062396,0.998204717628941
"9288","20074.16",9288,12062578,-0.558714859353487
"9289","20074.16",9289,12065045,0.39625226721981
"9290","20074.16",9290,12066569,-0.913947369109928
"9291","20074.16",9291,12072124,-0.0221774064826077
"9292","20074.16",9292,12072161,-0.380673094592392
"9293","20074.16",9293,12074331,0.233671554131143
"9294","20074.16",9294,12077509,-1.50709476143349
"9295","20074.16",9295,12078038,0.684874783246946
"9296","20074.16",9296,12078259,0.163843075366134
"9297","20074.16",9297,12078397,0.751494339510399
"9298","20074.16",9298,12080542,0.413559742772256
"9299","20074.16",9299,12083345,0.212499075843907
"9300","20074.16",9300,12084047,0.189952135335862
"9301","20074.16",9301,12092443,0.128114268427249
"9302","20074.16",9302,12092575,0.29288127843462
"9303","20074.16",9303,12092861,0.330410922950606
"9304","20074.16",9304,12094149,-0.300486009287927
"9305","20074.16",9305,12096378,-0.1175040527158
"9306","20074.16",9306,12103668,-0.783733532131913
"9307","20074.16",9307,12103668,-0.338080284864578
"9308","20074.16",9308,12105963,0.239948156224705
"9309","20074.16",9309,12108034,-0.592401949537191
"9310","20074.16",9310,12114419,-0.134606019479936
"9311","20074.16",9311,12117871,-0.321773768404333
"9312","20074.16",9312,12119251,0.654922813736147
"9313","20074.16",9313,12119676,0.97555774763111
"9314","20074.16",9314,12120404,-0.303053545613739
"9315","20074.16",9315,12126112,0.255517010020969
"9316","20074.16",9316,12127769,-0.859080542709105
"9317","20074.16",9317,12127956,0.499289934712261
"9318","20074.16",9318,12128288,-0.196996840188316
"9319","20074.16",9319,12131121,-0.11490162560793
"9320","20074.16",9320,12134959,-0.118537453054193
"9321","20074.16",9321,12135593,0.179860569772288
"9322","20074.16",9322,12138068,0.825321971698988
"9323","20074.16",9323,12151140,1.37155634152356
"9324","20074.16",9324,12151437,1.17471237424282
"9325","20074.16",9325,12153374,0.619423212994907
"9326","20074.16",9326,12153967,0.0538820090201089
"9327","20074.16",9327,12154378,-0.282259822614876
"9328","20074.16",9328,12154875,1.1177858199228
"9329","20074.16",9329,12157900,0.162943528973002
"9330","20074.16",9330,12158097,0.104151956158163
"9331","20074.16",9331,12158825,0.33017469776535
"9332","20074.16",9332,12160681,-0.410051246662595
"9333","20074.16",9333,12161925,0.580893248533452
"9334","20074.16",9334,12164686,-0.364029366776214
"9335","20074.16",9335,12170523,0.269263710815454
"9336","20074.16",9336,12170559,0.0752631913414437
"9337","20074.16",9337,12170573,0.415573092016241
"9338","20074.16",9338,12170762,0.184718376861357
"9339","20074.16",9339,12171480,-0.290681186448897
"9340","20074.16",9340,12173539,-0.613675823760382
"9341","20074.16",9341,12176530,0.48846819812815
"9342","20074.16",9342,12176556,0.566927744037518
"9343","20074.16",9343,12176805,0.0884702847193664
"9344","20074.16",9344,12177433,-0.0761408748247359
"9345","20074.16",9345,12180198,0.557060297338835
"9346","20074.16",9346,12180813,-0.432176292671462
"9347","20074.16",9347,12181510,-0.864025997573894
"9348","20074.16",9348,12184084,0.955260236327118
"9349","20074.16",9349,12185810,0.580916225039497
"9350","20074.16",9350,12188092,0.300025540643603
"9351","20074.16",9351,12188433,-0.218074476339094
"9352","20074.16",9352,12188750,-0.0611540815811047
"9353","20074.16",9353,12190015,-0.478422932359399
"9354","20074.16",9354,12190930,0.25090973505636
"9355","20074.16",9355,12195123,0.127147884547274
"9356","20074.16",9356,12195603,-0.592534603888406
"9357","20074.16",9357,12197441,0.727765299036663
"9358","20074.16",9358,12200743,0.16652501347836
"9359","20074.16",9359,12201099,-0.430955267299022
"9360","20074.16",9360,12201691,-0.418154764771756
"9361","20074.16",9361,12202478,0.98206243821534
"9362","20074.16",9362,12202572,-0.339975810991015
"9363","20074.16",9363,12204030,-0.0743168851326148
"9364","20074.16",9364,12206663,-0.564843615561193
"9365","20074.16",9365,12207306,0.50431410965066
"9366","20074.16",9366,12207439,-0.586796237261443
"9367","20074.16",9367,12208242,-0.0489047746429092
"9368","20074.16",9368,12208326,0.0102318330287305
"9369","20074.16",9369,12208416,0.127024026707038
"9370","20074.16",9370,12210353,-1.424070147562
"9371","20074.16",9371,12210702,1.37757757666423
"9372","20074.16",9372,12218559,-0.0333162004059071
"9373","20074.16",9373,12218666,0.413458402658583
"9374","20074.16",9374,12218730,0.122860197262776
"9375","20074.16",9375,12219190,-0.164266663830869
"9376","20074.16",9376,12220703,-0.329022660705879
"9377","20074.16",9377,12225105,-0.980827431294535
"9378","20074.16",9378,12227074,-0.0660628670369139
"9379","20074.16",9379,12229910,0.16485145562844
"9380","20074.16",9380,12230161,0.39424534108612
"9381","20074.16",9381,12231339,-0.380988150853661
"9382","20074.16",9382,12231739,-0.220333279104285
"9383","20074.16",9383,12232379,0.306544983545884
"9384","20074.16",9384,12234773,0.0419672861122775
"9385","20074.16",9385,12234877,0.372961264685695
"9386","20074.16",9386,12235199,0.0392951353718995
"9387","20074.16",9387,12236164,-0.45688979510885
"9388","20074.16",9388,12237623,0.347345942601058
"9389","20074.16",9389,12239144,-0.128142023874964
"9390","20074.16",9390,12239631,-1.00501988320449
"9391","20074.16",9391,12239881,-0.108373857099584
"9392","20074.16",9392,12239979,0.386694732647709
"9393","20074.16",9393,12240798,-0.233698629787993
"9394","20074.16",9394,12241441,0.029674195613997
"9395","20074.16",9395,12241659,0.0268607607122204
"9396","20074.16",9396,12241873,0.348947981442509
"9397","20074.16",9397,12242063,0.83147095729792
"9398","20074.16",9398,12245462,-1.41380309989269
"9399","20074.16",9399,12251153,-0.487571492547846
"9400","20074.16",9400,12251437,0.386287263819194
"9401","20074.16",9401,12251443,0.45454752327339
"9402","20074.16",9402,12252371,0.96243217417659
"9403","20074.16",9403,12252401,1.02750343928872
"9404","20074.16",9404,12252459,-0.314526927999412
"9405","20074.16",9405,12252523,0.61061166404771
"9406","20074.16",9406,12254814,0.68181890783459
"9407","20074.16",9407,12256147,0.407918853866886
"9408","20074.16",9408,12256368,-0.228976770998384
"9409","20074.16",9409,12256712,-0.64052222715782
"9410","20074.16",9410,12261157,-0.416705291467838
"9411","20074.16",9411,12261625,-0.0770063431864898
"9412","20074.16",9412,12262435,-0.20033976668139
"9413","20074.16",9413,12267550,0.496687702572443
"9414","20074.16",9414,12268398,0.357848896055869
"9415","20074.16",9415,12268412,0.387708072020161
"9416","20074.16",9416,12268830,-0.827151811554228
"9417","20074.16",9417,12269935,-0.155909615251606
"9418","20074.16",9418,12272284,-0.509234480315811
"9419","20074.16",9419,12275609,0.104927316723211
"9420","20074.16",9420,12278987,0.391021324024822
"9421","20074.16",9421,12279574,0.564959072810258
"9422","20074.16",9422,12285221,-0.199458682594332
"9423","20074.16",9423,12285269,-0.310640696072977
"9424","20074.16",9424,12288208,0.405519786643151
"9425","20074.16",9425,12290173,0.0711563425722712
"9426","20074.16",9426,12290862,0.0207743350576566
"9427","20074.16",9427,12292138,1.37784410347014
"9428","20074.16",9428,12292798,0.568174867217933
"9429","20074.16",9429,12293591,0.074982895723383
"9430","20074.16",9430,12293992,0.122198909551356
"9431","20074.16",9431,12294010,-0.367064819370305
"9432","20074.16",9432,12294762,-0.109397384096796
"9433","20074.16",9433,12297638,0.547744598103749
"9434","20074.16",9434,12298354,-0.145530308774696
"9435","20074.16",9435,12299133,0.307439822170534
"9436","20074.16",9436,12299234,0.913676972344473
"9437","20074.16",9437,12299386,-0.011697447242919
"9438","20074.16",9438,12299594,-0.795580894780285
"9439","20074.16",9439,12300884,-0.175327462369955
"9440","20074.16",9440,12301647,-0.00904544360865334
"9441","20074.16",9441,12301684,0.2003598513097
"9442","20074.16",9442,12302202,-0.395409839749556
"9443","20074.16",9443,12303061,-0.162350086489066
"9444","20074.16",9444,12303356,0.048579456934041
"9445","20074.16",9445,12304243,-0.0884441808237408
"9446","20074.16",9446,12304545,-0.558633790946487
"9447","20074.16",9447,12305455,0.775893073452479
"9448","20074.16",9448,12305595,0.0124921055507556
"9449","20074.16",9449,12305767,0.0492135347089127
"9450","20074.16",9450,12306112,0.0979254751966039
"9451","20074.16",9451,12307036,0.245302606334437
"9452","20074.16",9452,12307880,-1.09885282718004
"9453","20074.16",9453,12308166,-0.283186966021916
"9454","20074.16",9454,12310749,-1.05934305700572
"9455","20074.16",9455,12311335,-0.462654243833148
"9456","20074.16",9456,12311431,-0.211140506794494
"9457","20074.16",9457,12311454,-0.195600392088958
"9458","20074.16",9458,12312977,-0.335126766697938
"9459","20074.16",9459,12313358,-0.131643938681061
"9460","20074.16",9460,12315668,-0.28136261461001
"9461","20074.16",9461,12315925,0.068018061572432
"9462","20074.16",9462,12317548,0.917612255376828
"9463","20074.16",9463,12318057,-0.522171047472118
"9464","20074.16",9464,12323277,0.81411175350249
"9465","20074.16",9465,12323309,-0.293542774580597
"9466","20074.16",9466,12327347,-0.0749894462458851
"9467","20074.16",9467,12327729,0.420363007510988
"9468","20074.16",9468,12330533,0.803690903817345
"9469","20074.16",9469,12332683,-0.280142124611729
"9470","20074.16",9470,12332890,-0.135469154193085
"9471","20074.16",9471,12337222,0.502982367770232
"9472","20074.16",9472,12337258,-0.498209331577119
"9473","20074.16",9473,12339045,0.781075258834554
"9474","20074.16",9474,12339069,0.19603045787839
"9475","20074.16",9475,12341967,-0.593989628428033
"9476","20074.16",9476,12342163,-0.0361121048500319
"9477","20074.16",9477,12342674,-0.111106182361588
"9478","20074.16",9478,12342724,0.529572718043577
"9479","20074.16",9479,12343231,-0.0925153140974464
"9480","20074.16",9480,12343278,-0.266308418174204
"9481","20074.16",9481,12343848,-0.433960153112651
"9482","20074.16",9482,12346533,-0.64852437915737
"9483","20074.16",9483,12346738,0.80172520841249
"9484","20074.16",9484,12347479,-0.709586782536307
"9485","20074.16",9485,12350982,0.1093110976351
"9486","20074.16",9486,12356065,0.255517076159264
"9487","20074.16",9487,12356540,0.316518031845933
"9488","20074.16",9488,12356784,-0.39006340901914
"9489","20074.16",9489,12357735,0.27791005728021
"9490","20074.16",9490,12357859,-0.269176338258039
"9491","20074.16",9491,12357920,0.704855441387058
"9492","20074.16",9492,12358117,0.300046542453335
"9493","20074.16",9493,12358206,0.365528237223949
"9494","20074.16",9494,12358416,-0.0135487210630592
"9495","20074.16",9495,12358503,-0.478935000230639
"9496","20074.16",9496,12360110,0.416406393487669
"9497","20074.16",9497,12360258,0.545677789648509
"9498","20074.16",9498,12360578,-0.178131399682515
"9499","20074.16",9499,12361265,0.575419184560267
"9500","20074.16",9500,12361574,0.0464228627120198
"9501","20074.16",9501,12361825,-1.12455047921946
"9502","20074.16",9502,12363035,0.151971980373261
"9503","20074.16",9503,12363105,0.0620904993924416
"9504","20074.16",9504,12364714,-0.95705456917755
"9505","20074.16",9505,12365140,-1.92657072234224
"9506","20074.16",9506,12366734,-0.930070069802857
"9507","20074.16",9507,12366820,0.268193441895018
"9508","20074.16",9508,12368452,-0.237232128289484
"9509","20074.16",9509,12368668,-0.373331193797487
"9510","20074.16",9510,12369365,-0.817470926137823
"9511","20074.16",9511,12369485,0.412237137382871
"9512","20074.16",9512,12370520,0.208682180085806
"9513","20074.16",9513,12371875,0.729081798792085
"9514","20074.16",9514,12372915,1.36450686172913
"9515","20074.16",9515,12373069,-0.461098169211938
"9516","20074.16",9516,12374489,0.164870029904318
"9517","20074.16",9517,12374535,0.53457866292666
"9518","20074.16",9518,12374728,0.731662673573211
"9519","20074.16",9519,12378218,0.0860580855156403
"9520","20074.16",9520,12382839,0.683679958504123
"9521","20074.16",9521,12383329,-0.515656960460711
"9522","20074.16",9522,12383345,-0.222189909391425
"9523","20074.16",9523,12383714,0.963215506370385
"9524","20074.16",9524,12383757,0.0411574168948752
"9525","20074.16",9525,12385026,0.907212224676164
"9526","20074.16",9526,12385491,0.517351676861597
"9527","20074.16",9527,12386792,-0.113184900544177
"9528","20074.16",9528,12388214,-0.577616578414255
"9529","20074.16",9529,12390218,-1.02625364973771
"9530","20074.16",9530,12392606,-0.355754269428273
"9531","20074.16",9531,12392772,-1.53798712119118
"9532","20074.16",9532,12397720,-1.08409870031134
"9533","20074.16",9533,12398688,0.366162259387456
"9534","20074.16",9534,12399324,0.581428043881083
"9535","20074.16",9535,12400478,-0.177861429790783
"9536","20074.16",9536,12401085,0.83956021589311
"9537","20074.16",9537,12402624,0.0441199368776957
"9538","20074.16",9538,12403414,0.166547785802007
"9539","20074.16",9539,12403725,-0.311071437274067
"9540","20074.16",9540,12404016,0.248381747585072
"9541","20074.16",9541,12404141,1.03958479872161
"9542","20074.16",9542,12404329,-0.172105673533142
"9543","20074.16",9543,12406713,-0.78368398381622
"9544","20074.16",9544,12410796,0.0815427659391732
"9545","20074.16",9545,12411508,0.344861233034757
"9546","20074.16",9546,12415828,-0.575091986783631
"9547","20074.16",9547,12419767,-0.226688687544455
"9548","20074.16",9548,12420164,0.526590869873286
"9549","20074.16",9549,12424372,-0.385754139405006
"9550","20074.16",9550,12425017,-0.750622714173312
"9551","20074.16",9551,12426480,-0.833682438373248
"9552","20074.16",9552,12426645,-0.197410948467348
"9553","20074.16",9553,12426670,0.159227854919464
"9554","20074.16",9554,12429027,-1.12053915251072
"9555","20074.16",9555,12430529,0.137640289212731
"9556","20074.16",9556,12431074,0.293123580275892
"9557","20074.16",9557,12432920,0.215332242308483
"9558","20074.16",9558,12433289,-0.283118563582399
"9559","20074.16",9559,12434592,0.461873366141451
"9560","20074.16",9560,12434674,-0.577993911052896
"9561","20074.16",9561,12435028,0.609809604702378
"9562","20074.16",9562,12435290,-0.502430135262776
"9563","20074.16",9563,12435782,0.109896654195431
"9564","20074.16",9564,12438201,0.175085532016727
"9565","20074.16",9565,12438224,-0.225327257170947
"9566","20074.16",9566,12438476,0.339429395312956
"9567","20074.16",9567,12438517,-0.907228440967677
"9568","20074.16",9568,12438552,-0.0090306226516308
"9569","20074.16",9569,12438674,-0.575808287490197
"9570","20074.16",9570,12438850,-0.30434766249202
"9571","20074.16",9571,12439464,-0.180958417372436
"9572","20074.16",9572,12439511,0.0411347165271492
"9573","20074.16",9573,12444139,0.443274574678385
"9574","20074.16",9574,12444315,-0.3009164934312
"9575","20074.16",9575,12445462,0.530677230323648
"9576","20074.16",9576,12445863,0.527768727706175
"9577","20074.16",9577,12446701,-0.331892902916016
"9578","20074.16",9578,12446887,-0.292203766654557
"9579","20074.16",9579,12449778,0.373585685576351
"9580","20074.16",9580,12449855,0.527663690187281
"9581","20074.16",9581,12449925,-0.14124753554973
"9582","20074.16",9582,12452622,0.17165212537486
"9583","20074.16",9583,12452775,0.2245036548789
"9584","20074.16",9584,12452909,-0.0927585583958077
"9585","20074.16",9585,12453247,-0.141164385748677
"9586","20074.16",9586,12454938,-0.145693885494617
"9587","20074.16",9587,12456584,-1.80094283582148
"9588","20074.16",9588,12456922,0.199095988006111
"9589","20074.16",9589,12457251,-0.0438632204372995
"9590","20074.16",9590,12457466,-0.531441015213948
"9591","20074.16",9591,12462451,-0.109774323418793
"9592","20074.16",9592,12462774,-0.00338288337709169
"9593","20074.16",9593,12462787,0.56585013649607
"9594","20074.16",9594,12463526,-0.283686893571462
"9595","20074.16",9595,12466656,0.67609832287341
"9596","20074.16",9596,12466722,1.31697498777531
"9597","20074.16",9597,12466748,-0.270273625227965
"9598","20074.16",9598,12466830,0.126900078308071
"9599","20074.16",9599,12468638,0.61285225577403
"9600","20074.16",9600,12468719,0.952833361024601
"9601","20074.16",9601,12469251,-0.0442109345928197
"9602","20074.16",9602,12471112,0.750663692535752
"9603","20074.16",9603,12471263,-0.14702987426482
"9604","20074.16",9604,12471665,0.265337850076624
"9605","20074.16",9605,12472211,0.201456224353683
"9606","20074.16",9606,12476660,-0.0086842884129732
"9607","20074.16",9607,12476907,0.0398424868142992
"9608","20074.16",9608,12482016,0.115225147932923
"9609","20074.16",9609,12482260,0.0681985827334444
"9610","20074.16",9610,12482789,0.014832471914441
"9611","20074.16",9611,12482889,0.835205206986623
"9612","20074.16",9612,12483733,-0.613805651257208
"9613","20074.16",9613,12484184,-0.633494422242177
"9614","20074.16",9614,12484197,-0.0217642629612973
"9615","20074.16",9615,12484282,0.472456645617945
"9616","20074.16",9616,12485296,0.543188822716854
"9617","20074.16",9617,12485312,0.0877352055092633
"9618","20074.16",9618,12485829,-0.534523578132086
"9619","20074.16",9619,12487776,0.935037625014654
"9620","20074.16",9620,12488043,0.231772687472254
"9621","20074.16",9621,12492011,-0.737001924938609
"9622","20074.16",9622,12492103,-0.677054391255263
"9623","20074.16",9623,12492600,-0.0307166910564893
"9624","20074.16",9624,12492859,0.234200207662604
"9625","20074.16",9625,12493440,0.186762871647929
"9626","20074.16",9626,12496688,0.16021525289325
"9627","20074.16",9627,12498161,-0.00327535770212783
"9628","20074.16",9628,12498551,0.59509456410014
"9629","20074.16",9629,12498677,-0.432441283851596
"9630","20074.16",9630,12499171,0.87631280108994
"9631","20074.16",9631,12500298,0.485236307784896
"9632","20074.16",9632,12500858,0.382098878564233
"9633","20074.16",9633,12501068,-1.44673626913141
"9634","20074.16",9634,12502318,-0.362956677471249
"9635","20074.16",9635,12502757,-0.554178876940051
"9636","20074.16",9636,12505469,0.458239955883102
"9637","20074.16",9637,12505501,-0.230342429822625
"9638","20074.16",9638,12505725,0.657144740137208
"9639","20074.16",9639,12506461,0.667428146100794
"9640","20074.16",9640,12506846,0.076190533659573
"9641","20074.16",9641,12507863,-0.100201474250501
"9642","20074.16",9642,12508004,1.06312848323478
"9643","20074.16",9643,12509871,-0.80909112197522
"9644","20074.16",9644,12510379,0.546566640886231
"9645","20074.16",9645,12510393,1.21674316151935
"9646","20074.16",9646,12510539,-1.35196977626787
"9647","20074.16",9647,12510643,0.0760480524578195
"9648","20074.16",9648,12512675,-0.163263804289726
"9649","20074.16",9649,12513183,-0.217343704510543
"9650","20074.16",9650,12514378,0.615825757576482
"9651","20074.16",9651,12517729,-0.0674458801166384
"9652","20074.16",9652,12518604,0.0599057757917825
"9653","20074.16",9653,12519012,-0.112355398004546
"9654","20074.16",9654,12520229,-0.0582175472185416
"9655","20074.16",9655,12526098,-0.69915397212926
"9656","20074.16",9656,12533201,0.56687133342902
"9657","20074.16",9657,12533361,-0.883617021445235
"9658","20074.16",9658,12533609,0.475823002683467
"9659","20074.16",9659,12533621,-0.120906206459685
"9660","20074.16",9660,12533749,0.496993549862936
"9661","20074.16",9661,12534685,-0.0655807684706167
"9662","20074.16",9662,12534939,-0.531533276242693
"9663","20074.16",9663,12537631,0.0346260784894081
"9664","20074.16",9664,12537683,0.171239123247866
"9665","20074.16",9665,12537938,-0.0108939248631428
"9666","20074.16",9666,12538084,0.159716052930853
"9667","20074.16",9667,12539279,-0.127934806155952
"9668","20074.16",9668,12539673,-0.385680546632838
"9669","20074.16",9669,12542606,0.30459621031225
"9670","20074.16",9670,12542643,0.39837884979988
"9671","20074.16",9671,12542674,0.593165216629594
"9672","20074.16",9672,12542895,-0.033957096994186
"9673","20074.16",9673,12546959,-0.478990350409626
"9674","20074.16",9674,12547997,1.02890653966719
"9675","20074.16",9675,12548052,0.0533362186770123
"9676","20074.16",9676,12548279,-0.58535079086331
"9677","20074.16",9677,12550553,-0.12601569211708
"9678","20074.16",9678,12550974,0.612946888906188
"9679","20074.16",9679,12551074,-0.201164768972307
"9680","20074.16",9680,12551291,0.11655717867338
"9681","20074.16",9681,12551792,0.378174026988826
"9682","20074.16",9682,12553071,-0.952515744998752
"9683","20074.16",9683,12553495,-0.711254374581214
"9684","20074.16",9684,12554926,0.941022849434764
"9685","20074.16",9685,12561619,-0.284883732437457
"9686","20074.16",9686,12561890,-0.128654623289705
"9687","20074.16",9687,12564663,0.936392103223423
"9688","20074.16",9688,12564894,-0.898659971972948
"9689","20074.16",9689,12564907,-0.237867954406863
"9690","20074.16",9690,12564951,0.00747335909001379
"9691","20074.16",9691,12565232,0.101910527830229
"9692","20074.16",9692,12567138,0.325732445443395
"9693","20074.16",9693,12567476,0.244829528037406
"9694","20074.16",9694,12571308,1.09653797627252
"9695","20074.16",9695,12571624,0.349967365142368
"9696","20074.16",9696,12571838,0.619190795892322
"9697","20074.16",9697,12572324,0.508903860324646
"9698","20074.16",9698,12573312,-0.891174538573962
"9699","20074.16",9699,12574402,0.131361031770731
"9700","20074.16",9700,12577578,0.361859854816559
"9701","20074.16",9701,12577818,-1.03106235387717
"9702","20074.16",9702,12583579,-0.74533070283902
"9703","20074.16",9703,12585180,-0.0135317991345829
"9704","20074.16",9704,12585704,-1.11539796921141
"9705","20074.16",9705,12588997,0.693783348676479
"9706","20074.16",9706,12589310,-0.0989400475940156
"9707","20074.16",9707,12589326,0.185987449973117
"9708","20074.16",9708,12589340,0.0643142617941166
"9709","20074.16",9709,12589956,0.50561078374779
"9710","20074.16",9710,12592402,0.308130199865798
"9711","20074.16",9711,12594359,0.433255936628655
"9712","20074.16",9712,12594715,0.161501181752049
"9713","20074.16",9713,12594775,-0.45053940329242
"9714","20074.16",9714,12594794,-0.115058782754743
"9715","20074.16",9715,12595770,0.239493842167693
"9716","20074.16",9716,12601326,-0.652495358167418
"9717","20074.16",9717,12603310,-1.20133226795099
"9718","20074.16",9718,12603681,-0.257217178943274
"9719","20074.16",9719,12604045,-0.582552385701067
"9720","20074.16",9720,12605736,-0.160120173896135
"9721","20074.16",9721,12608920,0.624104624320087
"9722","20074.16",9722,12609267,0.6803983025084
"9723","20074.16",9723,12609634,-1.62144160042776
"9724","20074.16",9724,12609730,1.23814703739107
"9725","20074.16",9725,12610446,0.336414088348696
"9726","20074.16",9726,12610897,0.74583194183744
"9727","20074.16",9727,12611041,-0.162046335284925
"9728","20074.16",9728,12611373,0.785604177376562
"9729","20074.16",9729,12611633,-0.0120377397396121
"9730","20074.16",9730,12611712,0.849897284162236
"9731","20074.16",9731,12611773,0.085173927459607
"9732","20074.16",9732,12612079,0.383935288330258
"9733","20074.16",9733,12615802,0.221897300044436
"9734","20074.16",9734,12615891,0.172199822021133
"9735","20074.16",9735,12616169,0.738528415592884
"9736","20074.16",9736,12618034,-0.238741215776378
"9737","20074.16",9737,12618465,0.203815465034254
"9738","20074.16",9738,12618694,0.237314951495279
"9739","20074.16",9739,12619677,-0.429451250845921
"9740","20074.16",9740,12620736,-0.166704371918913
"9741","20074.16",9741,12621438,0.58899132861927
"9742","20074.16",9742,12625740,0.078430053931224
"9743","20074.16",9743,12625844,0.483990162609463
"9744","20074.16",9744,12627893,0.550763399629823
"9745","20074.16",9745,12628079,0.727842937388167
"9746","20074.16",9746,12628286,0.160130530166874
"9747","20074.16",9747,12628409,-0.0846288783975657
"9748","20074.16",9748,12628452,0.0676354532121008
"9749","20074.16",9749,12628536,-0.374552979942685
"9750","20074.16",9750,12630187,0.373813022336306
"9751","20074.16",9751,12630422,0.533643931694177
"9752","20074.16",9752,12630519,-0.293078247782146
"9753","20074.16",9753,12632918,-0.627975654178785
"9754","20074.16",9754,12633019,0.254420398179275
"9755","20074.16",9755,12633367,0.385559289916547
"9756","20074.16",9756,12633382,0.536511426741415
"9757","20074.16",9757,12633875,0.46442005757446
"9758","20074.16",9758,12634389,0.684826844583113
"9759","20074.16",9759,12634566,0.125971593938659
"9760","20074.16",9760,12635402,0.36772615298221
"9761","20074.16",9761,12635430,-0.374802696435651
"9762","20074.16",9762,12635498,0.498888298774633
"9763","20074.16",9763,12635613,-0.236043536551616
"9764","20074.16",9764,12636982,0.759549571388933
"9765","20074.16",9765,12637363,0.996990860401122
"9766","20074.16",9766,12637908,-0.122540105893621
"9767","20074.16",9767,12638134,0.689603822527142
"9768","20074.16",9768,12638190,0.312554021485652
"9769","20074.16",9769,12638333,0.57649401988608
"9770","20074.16",9770,12640477,-0.265370618733549
"9771","20074.16",9771,12640518,-0.83253884174812
"9772","20074.16",9772,12641649,-0.297785297054297
"9773","20074.16",9773,12641857,-0.480295171821933
"9774","20074.16",9774,12642872,-0.253411836798108
"9775","20074.16",9775,12642936,-0.196349681218716
"9776","20074.16",9776,12642955,-0.70429515907493
"9777","20074.16",9777,12642955,-0.451526229094938
"9778","20074.16",9778,12646223,0.23309270526416
"9779","20074.16",9779,12647181,-0.077405680931344
"9780","20074.16",9780,12647288,0.178390855547264
"9781","20074.16",9781,12647303,-1.34106398328111
"9782","20074.16",9782,12648058,-0.134088212851873
"9783","20074.16",9783,12648266,0.955332901736923
"9784","20074.16",9784,12648803,-0.66625557913787
"9785","20074.16",9785,12648844,-0.47638374162758
"9786","20074.16",9786,12648860,-0.80136825786029
"9787","20074.16",9787,12648979,-2.29630090722534
"9788","20074.16",9788,12648996,-1.21591290047579
"9789","20074.16",9789,12650247,-0.643825004579912
"9790","20074.16",9790,12652808,-0.828321713984945
"9791","20074.16",9791,12653650,0.676227043193191
"9792","20074.16",9792,12653862,-0.109933154986828
"9793","20074.16",9793,12653883,0.0612466926227677
"9794","20074.16",9794,12653960,0.058161788863095
"9795","20074.16",9795,12654408,0.541919562944124
"9796","20074.16",9796,12654504,-0.118222981453642
"9797","20074.16",9797,12654618,-0.156755384019774
"9798","20074.16",9798,12655176,0.64256236167981
"9799","20074.16",9799,12655233,0.537768962291241
"9800","20074.16",9800,12655388,0.28850491235779
"9801","20074.16",9801,12655437,0.497852892213889
"9802","20074.16",9802,12655483,0.395137668138791
"9803","20074.16",9803,12655601,0.359823241546917
"9804","20074.16",9804,12655891,0.369430466764782
"9805","20074.16",9805,12655968,-0.456591149434417
"9806","20074.16",9806,12656388,0.223777615827997
"9807","20074.16",9807,12657192,-1.16054664077894
"9808","20074.16",9808,12658620,0.208016690928206
"9809","20074.16",9809,12663277,0.14669723915092
"9810","20074.16",9810,12663377,-0.0326903604970532
"9811","20074.16",9811,12663424,0.22947041981029
"9812","20074.16",9812,12663786,-0.377957681369212
"9813","20074.16",9813,12664137,0.370954111808381
"9814","20074.16",9814,12664575,-0.110578748251374
"9815","20074.16",9815,12664669,0.328589920895927
"9816","20074.16",9816,12664698,0.236365528406749
"9817","20074.16",9817,12665149,-1.00761779616343
"9818","20074.16",9818,12665908,0.156513834601196
"9819","20074.16",9819,12666984,0.655995288927296
"9820","20074.16",9820,12668751,-0.0832875269078501
"9821","20074.16",9821,12669395,0.138426520755268
"9822","20074.16",9822,12670588,0.68806509975384
"9823","20074.16",9823,12671032,0.67705119440001
"9824","20074.16",9824,12671053,0.291617120886227
"9825","20074.16",9825,12672143,-0.959938571178297
"9826","20074.16",9826,12673578,0.745147005599704
"9827","20074.16",9827,12673594,-0.224625963148919
"9828","20074.16",9828,12674072,0.332007308829954
"9829","20074.16",9829,12674097,-0.265632815455254
"9830","20074.16",9830,12674377,-0.500801811352128
"9831","20074.16",9831,12674704,0.336865741952214
"9832","20074.16",9832,12675496,-0.0960466331251002
"9833","20074.16",9833,12676391,0.33467979817241
"9834","20074.16",9834,12676461,-0.456464909134255
"9835","20074.16",9835,12676529,0.00442087570522443
"9836","20074.16",9836,12676745,0.319196499125071
"9837","20074.16",9837,12676809,-1.36995472256566
"9838","20074.16",9838,12677077,0.628177935109098
"9839","20074.16",9839,12677103,0.3856603032863
"9840","20074.16",9840,12677143,-0.130528070373433
"9841","20074.16",9841,12677184,0.0347325221038091
"9842","20074.16",9842,12677213,-0.157101895455583
"9843","20074.16",9843,12677321,0.170136289308152
"9844","20074.16",9844,12678627,0.139328214888267
"9845","20074.16",9845,12678759,0.787369116895001
"9846","20074.16",9846,12678977,0.278719186101925
"9847","20074.16",9847,12679096,0.509461683978597
"9848","20074.16",9848,12680330,0.769530591372315
"9849","20074.16",9849,12680587,0.130855792481849
"9850","20074.16",9850,12683657,-0.461911275962429
"9851","20074.16",9851,12684526,-1.28599627181491
"9852","20074.16",9852,12684747,-0.397375901614196
"9853","20074.16",9853,12684853,-0.459070587572348
"9854","20074.16",9854,12684944,0.192182649033438
"9855","20074.16",9855,12685072,-0.837162614549613
"9856","20074.16",9856,12685106,-0.397161070217902
"9857","20074.16",9857,12685120,0.181908140420516
"9858","20074.16",9858,12685135,-0.478225576126315
"9859","20074.16",9859,12685146,-0.728121927325499
"9860","20074.16",9860,12690859,0.693044383367112
"9861","20074.16",9861,12691216,1.12191329267748
"9862","20074.16",9862,12691420,0.63518848680257
"9863","20074.16",9863,12691532,1.04682057305489
"9864","20074.16",9864,12691580,0.00683913120112312
"9865","20074.16",9865,12691653,1.4096944498429
"9866","20074.16",9866,12691862,0.151121853148811
"9867","20074.16",9867,12691950,0.152162681815549
"9868","20074.16",9868,12691972,0.992318927939121
"9869","20074.16",9869,12692147,0.31488168587597
"9870","20074.16",9870,12693069,0.561765137839605
"9871","20074.16",9871,12693843,0.517095706014401
"9872","20074.16",9872,12693978,-0.387616859240991
"9873","20074.16",9873,12694855,-0.149362416600508
"9874","20074.16",9874,12694870,-0.125164401079379
"9875","20074.16",9875,12695292,0.23457507985488
"9876","20074.16",9876,12695568,-1.02476313980784
"9877","20074.16",9877,12695807,-0.0749469693651177
"9878","20074.16",9878,12695827,-0.9274877585949
"9879","20074.16",9879,12695857,0.542338120435486
"9880","20074.16",9880,12696795,-0.563560723933615
"9881","20074.16",9881,12697058,0.268788586878467
"9882","20074.16",9882,12697116,0.216170245203319
"9883","20074.16",9883,12699701,-0.10816964843054
"9884","20074.16",9884,12699705,-0.479047358092892
"9885","20074.16",9885,12699710,-0.635908282245352
"9886","20074.16",9886,12700163,0.373332401478351
"9887","20074.16",9887,12703189,0.93631438224226
"9888","20074.16",9888,12703512,0.293647830439439
"9889","20074.16",9889,12704140,0.413917555834519
"9890","20074.16",9890,12704742,-0.0190398995608927
"9891","20074.16",9891,12704853,-0.0275414792848849
"9892","20074.16",9892,12704947,0.0827932945543361
"9893","20074.16",9893,12705096,-0.0190360700491876
"9894","20074.16",9894,12705135,1.08706349222008
"9895","20074.16",9895,12705498,0.443542454210163
"9896","20074.16",9896,12705930,0.340602101384477
"9897","20074.16",9897,12706047,-0.81959588825358
"9898","20074.16",9898,12706367,0.213853556052845
"9899","20074.16",9899,12706475,0.338252846485308
"9900","20074.16",9900,12706488,0.485684156630733
"9901","20074.16",9901,12706494,0.235962292561791
"9902","20074.16",9902,12706503,0.87313495258153
"9903","20074.16",9903,12706514,0.26860229940483
"9904","20074.16",9904,12706958,0.22155130898192
"9905","20074.16",9905,12707379,0.74195079608078
"9906","20074.16",9906,12707419,-0.303667913608948
"9907","20074.16",9907,12707737,0.25386824579424
"9908","20074.16",9908,12708208,-0.418334774932599
"9909","20074.16",9909,12708294,0.0694408058221612
"9910","20074.16",9910,12708403,-0.585141282486252
"9911","20074.16",9911,12708811,-1.10633092103089
"9912","20074.16",9912,12708860,-0.478035007614137
"9913","20074.16",9913,12708879,-0.276357450967651
"9914","20074.16",9914,12708927,-0.0954888893125805
"9915","20074.16",9915,12708974,0.0169002842213954
"9916","20074.16",9916,12709196,-0.281524191839468
"9917","20074.16",9917,12709218,-1.06355737052439
"9918","20074.16",9918,12712199,1.01533467689391
"9919","20074.16",9919,12712227,-0.327688769870115
"9920","20074.16",9920,12712280,0.344185351357626
"9921","20074.16",9921,12712304,0.124932107917552
"9922","20074.16",9922,12712426,0.504187186462484
"9923","20074.16",9923,12712450,0.616274098957843
"9924","20074.16",9924,12712608,-0.565968803918967
"9925","20074.16",9925,12713793,0.312033560691458
"9926","20074.16",9926,12713935,-1.15552383147583
"9927","20074.16",9927,12714043,-0.404208719553346
"9928","20074.16",9928,12714112,0.363739146815143
"9929","20074.16",9929,12714394,1.02301786112217
"9930","20074.16",9930,12714453,0.164495617413666
"9931","20074.16",9931,12714780,0.137948830473477
"9932","20074.16",9932,12715179,0.407609702486659
"9933","20074.16",9933,12715265,0.594711724851053
"9934","20074.16",9934,12715464,0.103074352756943
"9935","20074.16",9935,12715480,0.734776681075314
"9936","20074.16",9936,12716393,-0.340983946074065
"9937","20074.16",9937,12718163,-0.220706693385467
"9938","20074.16",9938,12718266,-0.33981890268884
"9939","20074.16",9939,12721508,-0.489493624681914
"9940","20074.16",9940,12722447,0.663342451687655
"9941","20074.16",9941,12722513,0.37528858743856
"9942","20074.16",9942,12722544,-0.654551023694016
"9943","20074.16",9943,12722754,0.158906178713086
"9944","20074.16",9944,12722792,-0.0378132103405688
"9945","20074.16",9945,12724989,0.33810153198828
"9946","20074.16",9946,12725792,-0.154897949085353
"9947","20074.16",9947,12725901,0.448751281643941
"9948","20074.16",9948,12726041,-0.415715726294665
"9949","20074.16",9949,12726232,0.4279143698926
"9950","20074.16",9950,12726286,-0.142027739695817
"9951","20074.16",9951,12727894,-1.31712648330883
"9952","20074.16",9952,12728055,0.278485810961217
"9953","20074.16",9953,12728587,0.0994379185369159
"9954","20074.16",9954,12728698,-0.984833312727322
"9955","20074.16",9955,12730958,-0.731660529146973
"9956","20074.16",9956,12733019,0.73752768935628
"9957","20074.16",9957,12734368,1.06168933417199
"9958","20074.16",9958,12734393,-0.295200948690177
"9959","20074.16",9959,12735985,0.317910421516109
"9960","20074.16",9960,12736981,-0.376932507477219
"9961","20074.16",9961,12740329,0.375405398175846
"9962","20074.16",9962,12740670,0.234647038967412
"9963","20074.16",9963,12740702,-0.541632371594999
"9964","20074.16",9964,12743110,1.08508871236214
"9965","20074.16",9965,12743324,-0.252672544880023
"9966","20074.16",9966,12747108,0.0498968475891539
"9967","20074.16",9967,12749495,1.2213898504514
"9968","20074.16",9968,12749671,-0.154998202183381
"9969","20074.16",9969,12750794,-0.225073117614875
"9970","20074.16",9970,12750936,1.03837035382687
"9971","20074.16",9971,12751796,-0.168448912557639
"9972","20074.16",9972,12752168,-0.427472562138091
"9973","20074.16",9973,12754096,0.080388818143394
"9974","20074.16",9974,12754220,0.682920632224152
"9975","20074.16",9975,12755203,0.379561533568197
"9976","20074.16",9976,12755378,0.136825511960277
"9977","20074.16",9977,12756649,0.566414820880122
"9978","20074.16",9978,12756873,0.534133068267244
"9979","20074.16",9979,12759316,-0.618258368024194
"9980","20074.16",9980,12760767,-0.590244349061591
"9981","20074.16",9981,12761830,0.578659524963562
"9982","20074.16",9982,12761940,0.0831305439979388
"9983","20074.16",9983,12766373,-0.55819183738218
"9984","20074.16",9984,12767048,0.38395579222317
"9985","20074.16",9985,12767384,-0.168092487121539
"9986","20074.16",9986,12768664,-0.210203864386926
"9987","20074.16",9987,12769476,0.0649754940744076
"9988","20074.16",9988,12772925,-0.597544083322067
"9989","20074.16",9989,12774414,-0.139217481365988
"9990","20074.16",9990,12774563,0.373925275959222
"9991","20074.16",9991,12774649,0.835106540026808
"9992","20074.16",9992,12775407,0.156307089941178
"9993","20074.16",9993,12777408,0.0422894867696879
"9994","20074.16",9994,12777794,0.095223874737255
"9995","20074.16",9995,12777971,0.403853011413042
"9996","20074.16",9996,12778076,1.0506982534946
"9997","20074.16",9997,12778241,0.767918822392656
"9998","20074.16",9998,12778294,0.803378759894593
"9999","20074.16",9999,12782175,-0.939539850926097
"10000","20074.16",10000,12783486,-0.692982727028157
"10001","20074.16",10001,12783535,0.377433885416905
"10002","20074.16",10002,12783934,0.245139892918478
"10003","20074.16",10003,12785191,-0.12911326781063
"10004","20074.16",10004,12786784,-0.361754977132493
"10005","20074.16",10005,12789959,-0.236103008291203
"10006","20074.16",10006,12790722,-0.16733252036071
"10007","20074.16",10007,12791629,-0.65710378679688
"10008","20074.16",10008,12793839,-0.883418375921939
"10009","20074.16",10009,12795662,0.686668688244231
"10010","20074.16",10010,12795961,0.111694189462125
"10011","20074.16",10011,12797583,-0.346996502449173
"10012","20074.16",10012,12797835,0.201727338172784
"10013","20074.16",10013,12798165,0.508885456772714
"10014","20074.16",10014,12798432,-0.255130199560512
"10015","20074.16",10015,12801274,0.0839019545515427
"10016","20074.16",10016,12801372,-0.0634262518923707
"10017","20074.16",10017,12801426,0.258772818182057
"10018","20074.16",10018,12801711,0.67512002392544
"10019","20074.16",10019,12802200,-0.0176171578837945
"10020","20074.16",10020,12805304,0.354827022306169
"10021","20074.16",10021,12805353,0.852900809507289
"10022","20074.16",10022,12805635,-0.275795407848515
"10023","20074.16",10023,12808223,-1.7415538070847
"10024","20074.16",10024,12809216,-0.00315272400388267
"10025","20074.16",10025,12810131,-0.381098275241206
"10026","20074.16",10026,12810232,0.145464514837312
"10027","20074.16",10027,12813407,-0.954441419158583
"10028","20074.16",10028,12817429,-0.128049813966904
"10029","20074.16",10029,12817868,-0.992222266292244
"10030","20074.16",10030,12817920,0.0117276302322864
"10031","20074.16",10031,12824232,0.210203579831289
"10032","20074.16",10032,12824676,0.322900231208943
"10033","20074.16",10033,12827854,-1.19729481296554
"10034","20074.16",10034,12829006,-0.0907572186033567
"10035","20074.16",10035,12829547,0.236857384077198
"10036","20074.16",10036,12829842,0.767246712487892
"10037","20074.16",10037,12832809,0.195997502186051
"10038","20074.16",10038,12835537,0.376387746247736
"10039","20074.16",10039,12836212,0.681765769786128
"10040","20074.16",10040,12836677,-0.0438752208747584
"10041","20074.16",10041,12836747,-0.73943097806573
"10042","20074.16",10042,12838346,0.364259727212613
"10043","20074.16",10043,12838430,-0.21167869545376
"10044","20074.16",10044,12838966,0.111920634713825
"10045","20074.16",10045,12839092,0.575810296210364
"10046","20074.16",10046,12839670,-0.278505610871318
"10047","20074.16",10047,12841894,-0.783961018455315
"10048","20074.16",10048,12843057,0.68603960827419
"10049","20074.16",10049,12843210,-0.345871319983394
"10050","20074.16",10050,12843226,0.378915813422744
"10051","20074.16",10051,12843385,-0.966472682426971
"10052","20074.16",10052,12846176,-0.303635983082367
"10053","20074.16",10053,12846365,-1.04381006727914
"10054","20074.16",10054,12846673,-0.282102542213489
"10055","20074.16",10055,12846807,0.304965716784188
"10056","20074.16",10056,12847834,0.384349094745219
"10057","20074.16",10057,12848389,1.09634944693968
"10058","20074.16",10058,12848976,0.0541838119703968
"10059","20074.16",10059,12850671,-0.205461823024089
"10060","20074.16",10060,12851443,-0.13088502834985
"10061","20074.16",10061,12851898,-0.101135551079014
"10062","20074.16",10062,12851942,0.236285534759004
"10063","20074.16",10063,12851976,0.262663187496302
"10064","20074.16",10064,12852101,0.19405660694227
"10065","20074.16",10065,12852376,0.519461854354314
"10066","20074.16",10066,12852671,0.0146846764115685
"10067","20074.16",10067,12853215,-0.426305718613483
"10068","20074.16",10068,12854324,0.182831230638954
"10069","20074.16",10069,12854488,0.42670166985615
"10070","20074.16",10070,12854788,0.475299047373698
"10071","20074.16",10071,12854900,0.353826999979144
"10072","20074.16",10072,12857982,-0.591769959652693
"10073","20074.16",10073,12858720,-0.218974780987818
"10074","20074.16",10074,12858858,-0.780285413121075
"10075","20074.16",10075,12859891,-0.294031923083059
"10076","20074.16",10076,12859931,-0.535067170926403
"10077","20074.16",10077,12862520,1.17280402893256
"10078","20074.16",10078,12862634,-0.0643665201280923
"10079","20074.16",10079,12864950,-0.0671369325897064
"10080","20074.16",10080,12866067,-0.254809151850213
"10081","20074.16",10081,12866502,-0.0449950624642268
"10082","20074.16",10082,12867929,0.203491655338112
"10083","20074.16",10083,12871639,0.908696655988835
"10084","20074.16",10084,12872981,0.67724757695929
"10085","20074.16",10085,12873787,-0.939510134808969
"10086","20074.16",10086,12873900,0.274112198575437
"10087","20074.16",10087,12876832,-1.15683490457186
"10088","20074.16",10088,12877511,-0.111988277513733
"10089","20074.16",10089,12877538,0.0258793883061648
"10090","20074.16",10090,12879711,-0.0267909990779174
"10091","20074.16",10091,12880446,0.0135551477026397
"10092","20074.16",10092,12881091,-1.17978177339044
"10093","20074.16",10093,12882336,0.618596958443166
"10094","20074.16",10094,12882816,-0.0219630009625549
"10095","20074.16",10095,12882839,0.304660532763017
"10096","20074.16",10096,12885311,0.316105554691062
"10097","20074.16",10097,12887356,0.499545891831851
"10098","20074.16",10098,12889522,-1.63616773443209
"10099","20074.16",10099,12890760,0.264759913190347
"10100","20074.16",10100,12891012,0.424753985901632
"10101","20074.16",10101,12891282,0.148220613032006
"10102","20074.16",10102,12891434,-0.229131013870869
"10103","20074.16",10103,12892036,-0.0639168251578308
"10104","20074.16",10104,12892895,-0.210145386281192
"10105","20074.16",10105,12892984,0.182745379521809
"10106","20074.16",10106,12893819,1.31230990898336
"10107","20074.16",10107,12894434,1.14678048132715
"10108","20074.16",10108,12894607,0.701366040973102
"10109","20074.16",10109,12895986,-0.335497121980234
"10110","20074.16",10110,12896164,0.29480914871186
"10111","20074.16",10111,12896563,0.614240066281627
"10112","20074.16",10112,12897026,0.638821736444389
"10113","20074.16",10113,12900486,-0.155213698106047
"10114","20074.16",10114,12906671,0.211808313152574
"10115","20074.16",10115,12907105,0.703217433295017
"10116","20074.16",10116,12907969,-0.568162469788352
"10117","20074.16",10117,12908142,0.530442609387655
"10118","20074.16",10118,12908309,0.040664530963233
"10119","20074.16",10119,12909171,0.133220924609529
"10120","20074.16",10120,12909197,0.332144907286813
"10121","20074.16",10121,12915241,-0.153220114978981
"10122","20074.16",10122,12915256,0.395476832977892
"10123","20074.16",10123,12918230,0.224074756014614
"10124","20074.16",10124,12922586,-0.135467394129886
"10125","20074.16",10125,12922662,0.0751593521053975
"10126","20074.16",10126,12923151,1.08307790655288
"10127","20074.16",10127,12925091,0.897127992945669
"10128","20074.16",10128,12925435,-0.114834382731088
"10129","20074.16",10129,12928816,0.670004379954837
"10130","20074.16",10130,12928996,0.292730459135732
"10131","20074.16",10131,12932528,0.244685057044337
"10132","20074.16",10132,12932661,0.515880733129486
"10133","20074.16",10133,12934825,0.655546434231645
"10134","20074.16",10134,12935022,0.195689406936234
"10135","20074.16",10135,12939540,0.00366228433710081
"10136","20074.16",10136,12940065,-0.871220009154541
"10137","20074.16",10137,12947481,0.291786477700707
"10138","20074.16",10138,12948116,0.0665733570651916
"10139","20074.16",10139,12951379,-0.270596934919273
"10140","20074.16",10140,12954333,0.270183529889215
"10141","20074.16",10141,12957076,-0.363932165055163
"10142","20074.16",10142,12958095,0.219335875599541
"10143","20074.16",10143,12959886,0.0821185722550384
"10144","20074.16",10144,12960094,0.167149726897674
"10145","20074.16",10145,12960173,1.20695157459122
"10146","20074.16",10146,12960710,0.926240782029267
"10147","20074.16",10147,12960844,-1.0539550654874
"10148","20074.16",10148,12960867,0.306130320393559
"10149","20074.16",10149,12961120,0.888899832517127
"10150","20074.16",10150,12961189,0.462345701280467
"10151","20074.16",10151,12964024,0.219680714460727
"10152","20074.16",10152,12964248,0.372182411665229
"10153","20074.16",10153,12964637,0.53835331257021
"10154","20074.16",10154,12964951,0.70179335850453
"10155","20074.16",10155,12965048,0.85205175664186
"10156","20074.16",10156,12965480,-0.272418833756147
"10157","20074.16",10157,12965623,0.406332894362635
"10158","20074.16",10158,12968578,0.0907949970672357
"10159","20074.16",10159,12968888,-0.268255723207014
"10160","20074.16",10160,12968907,-0.205238893073503
"10161","20074.16",10161,12969056,0.253797722915093
"10162","20074.16",10162,12969412,0.213346388529083
"10163","20074.16",10163,12976147,0.166214969115962
"10164","20074.16",10164,12986711,-0.133089837160561
"10165","20074.16",10165,12986742,0.0143665032890006
"10166","20074.16",10166,12987095,-0.905539740546205
"10167","20074.16",10167,12988184,1.0670975583599
"10168","20074.16",10168,12989952,0.116220944744438
"10169","20074.16",10169,12990592,-0.196868477000487
"10170","20074.16",10170,12990754,-1.45898951154108
"10171","20074.16",10171,12991679,-0.241834318440954
"10172","20074.16",10172,12996642,-0.32813699632947
"10173","20074.16",10173,12999244,-0.56968198244305
"10174","20074.16",10174,13001683,0.107640283936966
"10175","20074.16",10175,13002359,0.292092395441641
"10176","20074.16",10176,13002526,0.536631317251213
"10177","20074.16",10177,13006236,0.327524466951181
"10178","20074.16",10178,13006255,0.604352752391871
"10179","20074.16",10179,13008459,-0.772691231654825
"10180","20074.16",10180,13008716,0.728121602202857
"10181","20074.16",10181,13008793,0.400098208942654
"10182","20074.16",10182,13012107,1.23130918343387
"10183","20074.16",10183,13012186,0.795805004953283
"10184","20074.16",10184,13013968,0.317685270912679
"10185","20074.16",10185,13014020,0.442227662991839
"10186","20074.16",10186,13014589,-0.328975611929371
"10187","20074.16",10187,13017500,-0.382682294985236
"10188","20074.16",10188,13018888,0.734541076775414
"10189","20074.16",10189,13018987,0.107143243762372
"10190","20074.16",10190,13018992,0.571806815616825
"10191","20074.16",10191,13019566,0.425851248535527
"10192","20074.16",10192,13020018,1.32019353240305
"10193","20074.16",10193,13020416,-0.362450977629373
"10194","20074.16",10194,13020617,-0.366843646276315
"10195","20074.16",10195,13021889,0.19413516324485
"10196","20074.16",10196,13022288,-1.30009423417249
"10197","20074.16",10197,13022689,0.296784590070003
"10198","20074.16",10198,13023619,0.0281537578814319
"10199","20074.16",10199,13023757,-0.238810172832911
"10200","20074.16",10200,13025709,0.395335315014349
"10201","20074.16",10201,13027280,0.058254639323347
"10202","20074.16",10202,13027924,0.33607716684137
"10203","20074.16",10203,13028853,0.298301509318374
"10204","20074.16",10204,13032863,-0.306520492883085
"10205","20074.16",10205,13033361,0.526883447635968
"10206","20074.16",10206,13034628,-0.217137898100323
"10207","20074.16",10207,13034834,-0.371569284189134
"10208","20074.16",10208,13036811,0.482730816933262
"10209","20074.16",10209,13037569,-1.42775735776002
"10210","20074.16",10210,13039000,0.820990887993745
"10211","20074.16",10211,13043340,0.187236078757146
"10212","20074.16",10212,13043452,0.897781471541491
"10213","20074.16",10213,13046014,-0.746786626612091
"10214","20074.16",10214,13046720,0.373703488728419
"10215","20074.16",10215,13048150,0.995228694504248
"10216","20074.16",10216,13048362,0.4569971600589
"10217","20074.16",10217,13048624,0.47725639908692
"10218","20074.16",10218,13049032,-0.210637288466812
"10219","20074.16",10219,13053002,0.145989474515053
"10220","20074.16",10220,13053028,-0.0185203949036969
"10221","20074.16",10221,13054037,-0.162209472709688
"10222","20074.16",10222,13054533,0.415942100534163
"10223","20074.16",10223,13054693,-0.0153824861328538
"10224","20074.16",10224,13054786,0.296466677695077
"10225","20074.16",10225,13061588,0.396771502404586
"10226","20074.16",10226,13061611,0.840670795769593
"10227","20074.16",10227,13066444,0.754844868495238
"10228","20074.16",10228,13067182,0.631336080299097
"10229","20074.16",10229,13067666,-0.219675366002543
"10230","20074.16",10230,13068005,-0.61513376201033
"10231","20074.16",10231,13069761,-0.133332178235052
"10232","20074.16",10232,13071891,-0.620291458098742
"10233","20074.16",10233,13072173,0.352317419307194
"10234","20074.16",10234,13072270,0.651502234705574
"10235","20074.16",10235,13074022,-0.361020681942875
"10236","20074.16",10236,13074209,0.89445799298819
"10237","20074.16",10237,13076182,-0.845484930440923
"10238","20074.16",10238,13077901,0.819929369535987
"10239","20074.16",10239,13078012,-0.41438835000895
"10240","20074.16",10240,13078044,0.300369895665297
"10241","20074.16",10241,13084080,0.391437636065468
"10242","20074.16",10242,13084432,0.55191990449886
"10243","20074.16",10243,13085229,0.443443504717469
"10244","20074.16",10244,13085259,-0.775424750693205
"10245","20074.16",10245,13089466,0.258488153764289
"10246","20074.16",10246,13090833,-0.146830474737635
"10247","20074.16",10247,13091233,0.749316590561235
"10248","20074.16",10248,13092220,0.155268155495134
"10249","20074.16",10249,13092663,0.446019055429628
"10250","20074.16",10250,13093513,0.65963816708774
"10251","20074.16",10251,13095335,-0.133788239168715
"10252","20074.16",10252,13095956,-0.12170642671358
"10253","20074.16",10253,13096242,-1.13860528405916
"10254","20074.16",10254,13096300,-0.174115857932675
"10255","20074.16",10255,13098440,-0.72982977866831
"10256","20074.16",10256,13099114,-0.439713247865823
"10257","20074.16",10257,13099689,0.681550446500576
"10258","20074.16",10258,13101555,0.683758876383581
"10259","20074.16",10259,13102041,0.382442056984721
"10260","20074.16",10260,13104496,-0.100583508307254
"10261","20074.16",10261,13108486,-0.204919841585127
"10262","20074.16",10262,13108880,-0.23161177543511
"10263","20074.16",10263,13112335,-0.701650466603008
"10264","20074.16",10264,13116577,-0.908778554704811
"10265","20074.16",10265,13119159,0.165912749659483
"10266","20074.16",10266,13119540,0.22651794848312
"10267","20074.16",10267,13119567,0.214543734750909
"10268","20074.16",10268,13123701,0.1501789664341
"10269","20074.16",10269,13123852,-0.142301004246148
"10270","20074.16",10270,13124950,0.383102824347655
"10271","20074.16",10271,13125562,0.0799131251456782
"10272","20074.16",10272,13125741,0.430959832750351
"10273","20074.16",10273,13125837,-0.350997132074886
"10274","20074.16",10274,13126471,-0.336532730902549
"10275","20074.16",10275,13128258,0.32649598101053
"10276","20074.16",10276,13128308,0.394308580871271
"10277","20074.16",10277,13128400,0.657809109139653
"10278","20074.16",10278,13128604,1.04574047312995
"10279","20074.16",10279,13130274,-0.107995875527596
"10280","20074.16",10280,13130289,0.228680146117979
"10281","20074.16",10281,13130680,0.266568570162549
"10282","20074.16",10282,13131286,0.0941607342217798
"10283","20074.16",10283,13133461,-0.631311434170436
"10284","20074.16",10284,13133469,-0.438846730555125
"10285","20074.16",10285,13134152,-0.0768741881995769
"10286","20074.16",10286,13134616,-0.113534476456209
"10287","20074.16",10287,13134828,-0.0236985518789607
"10288","20074.16",10288,13135162,0.325571084809737
"10289","20074.16",10289,13139758,-0.342822966675147
"10290","20074.16",10290,13140416,-0.0377455468268515
"10291","20074.16",10291,13146336,-0.570122475317528
"10292","20074.16",10292,13146684,-0.149802339904655
"10293","20074.16",10293,13146778,0.239129280850615
"10294","20074.16",10294,13147718,-0.173567894452164
"10295","20074.16",10295,13150252,0.320198139958825
"10296","20074.16",10296,13150695,0.240353246518986
"10297","20074.16",10297,13152061,1.03424921402623
"10298","20074.16",10298,13153286,-0.627500135483521
"10299","20074.16",10299,13154025,0.360843748280256
"10300","20074.16",10300,13157205,-0.826893786880541
"10301","20074.16",10301,13157205,-0.252345690815034
"10302","20074.16",10302,13157829,0.193053610358645
"10303","20074.16",10303,13157848,-0.582473489791183
"10304","20074.16",10304,13158214,0.98960154215534
"10305","20074.16",10305,13158486,-0.207819415855217
"10306","20074.16",10306,13160790,0.374885423990905
"10307","20074.16",10307,13162342,-0.173951427196744
"10308","20074.16",10308,13163799,-0.306667736469495
"10309","20074.16",10309,13166036,0.0508570114226048
"10310","20074.16",10310,13166183,0.213270085958446
"10311","20074.16",10311,13168822,-0.932900840283684
"10312","20074.16",10312,13169351,0.919954564682608
"10313","20074.16",10313,13170785,0.820438888651787
"10314","20074.16",10314,13171529,0.0786788389249029
"10315","20074.16",10315,13171637,-0.708182252895416
"10316","20074.16",10316,13172086,-1.1262612574117
"10317","20074.16",10317,13180289,0.116125264447476
"10318","20074.16",10318,13180388,-0.0677329466214669
"10319","20074.16",10319,13184817,-1.32302356683435
"10320","20074.16",10320,13189754,-0.0244243126015293
"10321","20074.16",10321,13190259,0.517683175757347
"10322","20074.16",10322,13192354,-0.226826668168252
"10323","20074.16",10323,13196673,0.547928245536055
"10324","20074.16",10324,13196826,-0.462953010134029
"10325","20074.16",10325,13197787,0.338889243151137
"10326","20074.16",10326,13198012,0.156865224355657
"10327","20074.16",10327,13198858,0.49133019491578
"10328","20074.16",10328,13199012,0.518798553050972
"10329","20074.16",10329,13199407,-0.0309287982662276
"10330","20074.16",10330,13200051,0.141711954684786
"10331","20074.16",10331,13200121,0.555269437324131
"10332","20074.16",10332,13202889,0.43400772293825
"10333","20074.16",10333,13203338,0.499521874344942
"10334","20074.16",10334,13204400,0.49088411019532
"10335","20074.16",10335,13204700,-0.553566273030449
"10336","20074.16",10336,13207324,-0.510893470862572
"10337","20074.16",10337,13207521,0.358780934541131
"10338","20074.16",10338,13207731,-1.13331836933314
"10339","20074.16",10339,13208374,0.0438022896253596
"10340","20074.16",10340,13210558,0.213885101120432
"10341","20074.16",10341,13210708,0.0154728349637461
"10342","20074.16",10342,13212211,-0.0884545360282463
"10343","20074.16",10343,13212445,0.334711358137652
"10344","20074.16",10344,13213605,-0.079759235743234
"10345","20074.16",10345,13214672,0.0361296726397988
"10346","20074.16",10346,13217298,0.088506238991477
"10347","20074.16",10347,13217905,0.064981655674699
"10348","20074.16",10348,13218174,0.179566799681282
"10349","20074.16",10349,13218451,0.149969217264014
"10350","20074.16",10350,13221842,0.0237928897911068
"10351","20074.16",10351,13222737,-0.859869963941401
"10352","20074.16",10352,13224044,-0.422753254166388
"10353","20074.16",10353,13225257,-0.776334524281898
"10354","20074.16",10354,13227088,-0.442626216809744
"10355","20074.16",10355,13227829,0.0675970646061534
"10356","20074.16",10356,13229827,0.297191251221988
"10357","20074.16",10357,13230120,-0.858125357735657
"10358","20074.16",10358,13230868,-0.0876365254268272
"10359","20074.16",10359,13231842,0.546407787317221
"10360","20074.16",10360,13232006,0.429785409811548
"10361","20074.16",10361,13237922,0.0474626329017447
"10362","20074.16",10362,13238414,0.0110287861038056
"10363","20074.16",10363,13239609,-1.40138872889038
"10364","20074.16",10364,13240682,-0.335641826475305
"10365","20074.16",10365,13241792,0.0699103974815847
"10366","20074.16",10366,13241955,0.700778853710639
"10367","20074.16",10367,13243331,0.0736947520621403
"10368","20074.16",10368,13245367,0.297152521160094
"10369","20074.16",10369,13245599,0.0356647906622651
"10370","20074.16",10370,13246947,0.227161920932138
"10371","20074.16",10371,13247311,0.467695076138164
"10372","20074.16",10372,13247355,0.275721757702859
"10373","20074.16",10373,13248185,-0.458056783755176
"10374","20074.16",10374,13252596,-0.802267001008444
"10375","20074.16",10375,13253526,0.386613780073415
"10376","20074.16",10376,13255874,-0.192616809263755
"10377","20074.16",10377,13261459,-0.115713926103716
"10378","20074.16",10378,13262039,-0.575475503668483
"10379","20074.16",10379,13262651,0.664526090504972
"10380","20074.16",10380,13263581,0.11461414982267
"10381","20074.16",10381,13264144,0.682299116619581
"10382","20074.16",10382,13264185,0.737517131365768
"10383","20074.16",10383,13264414,-0.562935900188644
"10384","20074.16",10384,13268801,0.24878390265815
"10385","20074.16",10385,13268840,0.0759065007657211
"10386","20074.16",10386,13269621,0.0202580336656402
"10387","20074.16",10387,13271194,-0.0888550195250382
"10388","20074.16",10388,13272681,0.0376438797647829
"10389","20074.16",10389,13273876,0.0361635644055216
"10390","20074.16",10390,13279275,-0.280608989069894
"10391","20074.16",10391,13279676,0.639369896705145
"10392","20074.16",10392,13279736,0.603018800281329
"10393","20074.16",10393,13279868,0.60957424592257
"10394","20074.16",10394,13280486,0.771140240649204
"10395","20074.16",10395,13280801,0.290217058954972
"10396","20074.16",10396,13280916,0.784778840573897
"10397","20074.16",10397,13280942,1.24682388205841
"10398","20074.16",10398,13281959,0.46964930798869
"10399","20074.16",10399,13283485,-0.0717568846898917
"10400","20074.16",10400,13283732,0.189051148525741
"10401","20074.16",10401,13283861,0.407088165700835
"10402","20074.16",10402,13291732,-0.034981335009566
"10403","20074.16",10403,13292905,0.358471336078076
"10404","20074.16",10404,13294127,-0.422411083751108
"10405","20074.16",10405,13294173,-0.302409974437384
"10406","20074.16",10406,13295533,-0.554199462074352
"10407","20074.16",10407,13298369,-1.18111031571556
"10408","20074.16",10408,13299457,-0.181631835770014
"10409","20074.16",10409,13302657,0.160490252174387
"10410","20074.16",10410,13303634,0.685526538230209
"10411","20074.16",10411,13304020,-0.536886104606006
"10412","20074.16",10412,13307302,0.80765352105911
"10413","20074.16",10413,13307797,-0.159328434988147
"10414","20074.16",10414,13307800,0.367533734292739
"10415","20074.16",10415,13308412,0.356657818211672
"10416","20074.16",10416,13310168,0.946232621925566
"10417","20074.16",10417,13310219,-0.804664073569824
"10418","20074.16",10418,13311568,-1.3871862624083
"10419","20074.16",10419,13312292,-1.0064473568767
"10420","20074.16",10420,13319101,-0.000937671128474094
"10421","20074.16",10421,13320228,-1.01093164333665
"10422","20074.16",10422,13322452,-0.0479890050308773
"10423","20074.16",10423,13325029,0.566634151226107
"10424","20074.16",10424,13326053,-0.0313810798578977
"10425","20074.16",10425,13326067,-0.538469471611771
"10426","20074.16",10426,13326516,0.456830693656671
"10427","20074.16",10427,13326778,-0.92622809907574
"10428","20074.16",10428,13328520,0.230057101441894
"10429","20074.16",10429,13328597,-0.0780076178628937
"10430","20074.16",10430,13328736,-1.22731595739998
"10431","20074.16",10431,13328913,-0.357083254962414
"10432","20074.16",10432,13329469,0.689733429609208
"10433","20074.16",10433,13332547,-0.315750795245687
"10434","20074.16",10434,13333811,-0.45301387069136
"10435","20074.16",10435,13334465,0.299865925127498
"10436","20074.16",10436,13335851,0.444170011540492
"10437","20074.16",10437,13336444,-0.00770228209600266
"10438","20074.16",10438,13336497,0.832709335170786
"10439","20074.16",10439,13337447,-0.0929285319495872
"10440","20074.16",10440,13342426,-0.521784484099119
"10441","20074.16",10441,13343236,-0.10628160037856
"10442","20074.16",10442,13343272,0.9775939842196
"10443","20074.16",10443,13344572,-0.245194729274998
"10444","20074.16",10444,13344678,0.0809541456761016
"10445","20074.16",10445,13345450,0.583450548184353
"10446","20074.16",10446,13345908,0.572291445413804
"10447","20074.16",10447,13345984,0.329456105034034
"10448","20074.16",10448,13346028,0.322879920334157
"10449","20074.16",10449,13346667,-0.221942322905226
"10450","20074.16",10450,13351740,0.257985977654559
"10451","20074.16",10451,13351810,0.436593808225969
"10452","20074.16",10452,13352182,0.389534537353357
"10453","20074.16",10453,13352269,0.546700952086373
"10454","20074.16",10454,13352328,-0.77644988198906
"10455","20074.16",10455,13360299,-0.409721305361685
"10456","20074.16",10456,13362487,-0.428141560795869
"10457","20074.16",10457,13362848,-0.159366389686565
"10458","20074.16",10458,13364121,0.144874011924276
"10459","20074.16",10459,13364255,-0.0521371001269912
"10460","20074.16",10460,13364477,0.093911768162231
"10461","20074.16",10461,13365359,0.192774359921048
"10462","20074.16",10462,13367789,0.0550147656347137
"10463","20074.16",10463,13368531,0.0182670911922465
"10464","20074.16",10464,13370842,1.34815653725621
"10465","20074.16",10465,13370861,-0.640991335674284
"10466","20074.16",10466,13376399,-0.151628860336012
"10467","20074.16",10467,13380593,0.0461655948790733
"10468","20074.16",10468,13388551,-0.106723016984398
"10469","20074.16",10469,13391362,-0.0344939663465995
"10470","20074.16",10470,13392581,-0.177969215150906
"10471","20074.16",10471,13396145,-0.197966881350678
"10472","20074.16",10472,13396559,-1.64152050380984
"10473","20074.16",10473,13397934,-0.190566750421657
"10474","20074.16",10474,13398448,0.0945027962796168
"10475","20074.16",10475,13398712,-0.0684731030753456
"10476","20074.16",10476,13410834,-0.622171024807017
"10477","20074.16",10477,13413823,-0.574298551891997
"10478","20074.16",10478,13414886,0.320756659211571
"10479","20074.16",10479,13415218,0.594928516301237
"10480","20074.16",10480,13415383,0.351739223748813
"10481","20074.16",10481,13419122,0.195429819970887
"10482","20074.16",10482,13420128,0.069905938353692
"10483","20074.16",10483,13420874,0.559818441754591
"10484","20074.16",10484,13420985,0.825971500801088
"10485","20074.16",10485,13421017,0.76409660974688
"10486","20074.16",10486,13423591,-1.59665987467431
"10487","20074.16",10487,13425208,0.843025510004073
"10488","20074.16",10488,13430372,-0.209656779970515
"10489","20074.16",10489,13432194,0.594715635239093
"10490","20074.16",10490,13432333,0.567507990301066
"10491","20074.16",10491,13432650,0.379197318955462
"10492","20074.16",10492,13432683,0.567905280744841
"10493","20074.16",10493,13435534,0.2256545389449
"10494","20074.16",10494,13435960,-0.181140278045045
"10495","20074.16",10495,13436076,-0.51668309052156
"10496","20074.16",10496,13436812,0.112669855966941
"10497","20074.16",10497,13436999,0.435248347896205
"10498","20074.16",10498,13438695,-0.15713771730946
"10499","20074.16",10499,13438842,0.335766653187169
"10500","20074.16",10500,13438884,0.373128357967901
"10501","20074.16",10501,13440276,-0.673871704731273
"10502","20074.16",10502,13440384,0.281014809581023
"10503","20074.16",10503,13440670,-0.657548519058586
"10504","20074.16",10504,13440721,0.0678974699601289
"10505","20074.16",10505,13440886,-0.283963693008447
"10506","20074.16",10506,13441954,-0.780645944693321
"10507","20074.16",10507,13442116,0.292720359100941
"10508","20074.16",10508,13445648,-0.861633890252081
"10509","20074.16",10509,13447666,0.0575979753055531
"10510","20074.16",10510,13453438,-0.709188671194835
"10511","20074.16",10511,13456392,0.60025709196018
"10512","20074.16",10512,13456644,-0.253938098588071
"10513","20074.16",10513,13457223,-0.514015468969452
"10514","20074.16",10514,13458199,-0.288688224187154
"10515","20074.16",10515,13458597,0.64682362694914
"10516","20074.16",10516,13458761,0.694766245388215
"10517","20074.16",10517,13458821,-0.146147170326578
"10518","20074.16",10518,13461630,-0.0247671699252843
"10519","20074.16",10519,13461921,0.219925790060888
"10520","20074.16",10520,13462109,-1.11403093635361
"10521","20074.16",10521,13462585,-0.44179476257212
"10522","20074.16",10522,13462671,1.20390594358576
"10523","20074.16",10523,13463508,0.638795995316287
"10524","20074.16",10524,13464115,0.704040066979975
"10525","20074.16",10525,13464158,0.341880818491673
"10526","20074.16",10526,13464233,0.569596330328317
"10527","20074.16",10527,13464371,0.236948617849282
"10528","20074.16",10528,13464491,0.707863916946052
"10529","20074.16",10529,13465024,0.34308304252938
"10530","20074.16",10530,13466323,-0.378712505218514
"10531","20074.16",10531,13466481,0.131459196311052
"10532","20074.16",10532,13467705,1.11782611314521
"10533","20074.16",10533,13467928,-1.52818234737991
"10534","20074.16",10534,13469972,-0.222512546206231
"10535","20074.16",10535,13476449,-0.470731989917732
"10536","20074.16",10536,13480443,-1.11515610968164
"10537","20074.16",10537,13483309,0.449469612951108
"10538","20074.16",10538,13483532,-0.438219239399197
"10539","20074.16",10539,13483836,0.13987544931374
"10540","20074.16",10540,13484323,-0.170068243248283
"10541","20074.16",10541,13484466,-0.0604356034388358
"10542","20074.16",10542,13484740,-0.222944776001722
"10543","20074.16",10543,13484959,0.471986666362429
"10544","20074.16",10544,13485008,0.337359516045866
"10545","20074.16",10545,13487752,-0.407462053605176
"10546","20074.16",10546,13488945,-0.111049261230333
"10547","20074.16",10547,13489119,1.12922258108917
"10548","20074.16",10548,13489223,0.76771780749857
"10549","20074.16",10549,13489399,0.563305759648025
"10550","20074.16",10550,13490380,0.661266340133163
"10551","20074.16",10551,13490647,-0.683776043303594
"10552","20074.16",10552,13490857,0.435510099324705
"10553","20074.16",10553,13493250,0.693056787908854
"10554","20074.16",10554,13494176,-0.158348270833161
"10555","20074.16",10555,13494341,0.388498381747161
"10556","20074.16",10556,13494541,0.879302349329985
"10557","20074.16",10557,13494552,-0.210867171677297
"10558","20074.16",10558,13494838,-0.49503793739067
"10559","20074.16",10559,13495204,0.524589041499543
"10560","20074.16",10560,13495244,0.855012639598194
"10561","20074.16",10561,13496274,-0.435797109136145
"10562","20074.16",10562,13497913,0.148283969120357
"10563","20074.16",10563,13499281,-0.154479746350714
"10564","20074.16",10564,13499311,-0.136666029721208
"10565","20074.16",10565,13499500,0.23471686576019
"10566","20074.16",10566,13501148,-0.476366141346196
"10567","20074.16",10567,13503550,0.0968549732082513
"10568","20074.16",10568,13505677,-0.680353208553123
"10569","20074.16",10569,13505959,0.939499787498813
"10570","20074.16",10570,13507760,0.224740867374333
"10571","20074.16",10571,13508142,-0.0330508038688002
"10572","20074.16",10572,13508940,0.0697504934682467
"10573","20074.16",10573,13512015,0.373512951582943
"10574","20074.16",10574,13512311,0.461811621442043
"10575","20074.16",10575,13512928,-0.49998998009294
"10576","20074.16",10576,13513064,0.321473943521849
"10577","20074.16",10577,13514772,0.297418811579468
"10578","20074.16",10578,13514838,0.96559933342104
"10579","20074.16",10579,13514848,0.819731922199504
"10580","20074.16",10580,13514951,-0.628664577436152
"10581","20074.16",10581,13516074,-0.32438043857823
"10582","20074.16",10582,13519222,-0.800174325064538
"10583","20074.16",10583,13521186,-0.198604412262924
"10584","20074.16",10584,13521319,0.935340307311507
"10585","20074.16",10585,13521452,0.079319284990457
"10586","20074.16",10586,13521970,0.66942652774092
"10587","20074.16",10587,13523285,-0.280906707057516
"10588","20074.16",10588,13525012,-0.0474870187395782
"10589","20074.16",10589,13525059,0.0677751481630056
"10590","20074.16",10590,13525138,0.091829196911406
"10591","20074.16",10591,13525213,0.373813463032062
"10592","20074.16",10592,13527163,-0.119876806590724
"10593","20074.16",10593,13527189,0.057870412055264
"10594","20074.16",10594,13527257,0.234806303112702
"10595","20074.16",10595,13527453,1.27440457563831
"10596","20074.16",10596,13529122,-0.355430797024475
"10597","20074.16",10597,13530427,-1.50841090722023
"10598","20074.16",10598,13530852,-1.46834211435984
"10599","20074.16",10599,13531451,-0.208206851057978
"10600","20074.16",10600,13531512,-0.552976162823537
"10601","20074.16",10601,13535357,0.319143003749972
"10602","20074.16",10602,13535822,-0.402734532040427
"10603","20074.16",10603,13540978,0.0554461008602569
"10604","20074.16",10604,13541376,-0.0207465354219982
"10605","20074.16",10605,13542014,-0.783503480433768
"10606","20074.16",10606,13542776,0.142531721920813
"10607","20074.16",10607,13544693,0.80272988162922
"10608","20074.16",10608,13544710,0.807069077184397
"10609","20074.16",10609,13544785,0.90741164090357
"10610","20074.16",10610,13544814,0.840163577927748
"10611","20074.16",10611,13544884,0.833513723559043
"10612","20074.16",10612,13545415,-0.18027389648103
"10613","20074.16",10613,13545593,0.453949089893078
"10614","20074.16",10614,13545712,0.0605620920409287
"10615","20074.16",10615,13545875,0.476801658047424
"10616","20074.16",10616,13548933,-0.209981507757111
"10617","20074.16",10617,13549552,0.189690489466736
"10618","20074.16",10618,13549860,-0.821432340760757
"10619","20074.16",10619,13549949,0.730765977329825
"10620","20074.16",10620,13550057,0.0584320181433471
"10621","20074.16",10621,13550231,1.03005252242742
"10622","20074.16",10622,13550540,-0.0593620926991525
"10623","20074.16",10623,13550822,-0.836344792369502
"10624","20074.16",10624,13551321,0.550921070632055
"10625","20074.16",10625,13553657,-0.210022698739052
"10626","20074.16",10626,13554143,-0.183523280884906
"10627","20074.16",10627,13554629,0.231373184760593
"10628","20074.16",10628,13556380,-0.674011514686296
"10629","20074.16",10629,13558422,0.0774879941662947
"10630","20074.16",10630,13558439,0.233882474611575
"10631","20074.16",10631,13564981,-0.6976278727314
"10632","20074.16",10632,13565215,-0.170945630428699
"10633","20074.16",10633,13565371,-0.153955433399747
"10634","20074.16",10634,13566922,-0.654012117040492
"10635","20074.16",10635,13568029,0.780222477557461
"10636","20074.16",10636,13572571,-0.32973340799707
"10637","20074.16",10637,13572974,0.0564589826886701
"10638","20074.16",10638,13574248,-0.407710304904539
"10639","20074.16",10639,13575891,-0.0740441527225961
"10640","20074.16",10640,13576711,-1.42200018135214
"10641","20074.16",10641,13577210,0.755934367577711
"10642","20074.16",10642,13577583,-0.322645617828267
"10643","20074.16",10643,13577804,1.23876680369344
"10644","20074.16",10644,13579967,-0.10435104354147
"10645","20074.16",10645,13580539,0.537718513660637
"10646","20074.16",10646,13582200,-0.107812431129509
"10647","20074.16",10647,13582306,0.275132930929641
"10648","20074.16",10648,13584637,0.207679079773273
"10649","20074.16",10649,13584900,-0.680433050955897
"10650","20074.16",10650,13588136,-0.612589041792496
"10651","20074.16",10651,13588335,0.192356923130043
"10652","20074.16",10652,13589004,0.337768285356487
"10653","20074.16",10653,13589958,0.444774187143081
"10654","20074.16",10654,13591187,0.211230388655985
"10655","20074.16",10655,13591197,0.358883228023726
"10656","20074.16",10656,13592059,-0.0316919989227857
"10657","20074.16",10657,13592668,0.688023300571097
"10658","20074.16",10658,13593628,-0.286201030664427
"10659","20074.16",10659,13595550,-0.189701664091578
"10660","20074.16",10660,13596038,0.463103402821086
"10661","20074.16",10661,13596415,-1.12944852392713
"10662","20074.16",10662,13597499,0.823385561288087
"10663","20074.16",10663,13597626,0.217693560551224
"10664","20074.16",10664,13600302,-0.277754641858803
"10665","20074.16",10665,13600342,-0.259494026881108
"10666","20074.16",10666,13600374,0.0339239927229746
"10667","20074.16",10667,13600512,-0.160663372903453
"10668","20074.16",10668,13600968,0.245807684531926
"10669","20074.16",10669,13601116,0.470551851898812
"10670","20074.16",10670,13601652,-1.23235308702691
"10671","20074.16",10671,13602656,0.310142995974176
"10672","20074.16",10672,13607569,0.320812391753502
"10673","20074.16",10673,13608346,0.511097538107587
"10674","20074.16",10674,13608690,0.0441484523666533
"10675","20074.16",10675,13609820,0.383676088694286
"10676","20074.16",10676,13610965,-0.253310126992377
"10677","20074.16",10677,13613166,0.694779566381691
"10678","20074.16",10678,13613319,0.809627465242087
"10679","20074.16",10679,13614116,0.271951867446016
"10680","20074.16",10680,13615258,0.699065009119322
"10681","20074.16",10681,13615695,0.209947006993753
"10682","20074.16",10682,13616086,0.295346244344528
"10683","20074.16",10683,13617266,-0.87289645685142
"10684","20074.16",10684,13617358,0.631770213688351
"10685","20074.16",10685,13617718,0.581899659468404
"10686","20074.16",10686,13622641,-0.090981423602945
"10687","20074.16",10687,13622750,-0.370967387394619
"10688","20074.16",10688,13623791,-0.33803179024822
"10689","20074.16",10689,13624490,0.758517340482196
"10690","20074.16",10690,13624588,0.0496517668086645
"10691","20074.16",10691,13628038,0.227424692816447
"10692","20074.16",10692,13630825,0.117998848098564
"10693","20074.16",10693,13630944,0.741995585174222
"10694","20074.16",10694,13633932,-0.324018781616216
"10695","20074.16",10695,13634362,-0.684546168641043
"10696","20074.16",10696,13634426,-0.109879970050256
"10697","20074.16",10697,13636146,0.062037210496471
"10698","20074.16",10698,13637994,0.190411447987209
"10699","20074.16",10699,13639191,0.385647528373441
"10700","20074.16",10700,13639553,0.197496395902174
"10701","20074.16",10701,13639660,0.78449393853315
"10702","20074.16",10702,13639925,0.329773987741372
"10703","20074.16",10703,13639979,0.128228151135095
"10704","20074.16",10704,13640033,0.282760413047316
"10705","20074.16",10705,13640525,-0.603939154255751
"10706","20074.16",10706,13644644,-0.637618316611324
"10707","20074.16",10707,13645121,0.583286391658809
"10708","20074.16",10708,13647653,0.081969459375113
"10709","20074.16",10709,13647739,-0.0346089683592616
"10710","20074.16",10710,13648300,0.792545650744089
"10711","20074.16",10711,13650171,-1.07683180036734
"10712","20074.16",10712,13651861,-0.364988926503618
"10713","20074.16",10713,13656885,-0.368629649084975
"10714","20074.16",10714,13656974,-1.04964103439161
"10715","20074.16",10715,13660140,-0.82847421962355
"10716","20074.16",10716,13660854,0.800995242335156
"10717","20074.16",10717,13660870,0.143987769607724
"10718","20074.16",10718,13660918,-0.0306674685367447
"10719","20074.16",10719,13660966,-1.26211776354983
"10720","20074.16",10720,13661724,0.409191995128999
"10721","20074.16",10721,13661998,-0.209527413275065
"10722","20074.16",10722,13662105,0.0316210675567721
"10723","20074.16",10723,13663294,0.993323914902281
"10724","20074.16",10724,13663442,0.298736374639094
"10725","20074.16",10725,13666585,-0.16259877018335
"10726","20074.16",10726,13666642,0.0443685417038786
"10727","20074.16",10727,13667721,0.0901588957069528
"10728","20074.16",10728,13670907,0.663362444146606
"10729","20074.16",10729,13671055,0.407740264291564
"10730","20074.16",10730,13671099,0.26098562217923
"10731","20074.16",10731,13671291,-0.691983096878017
"10732","20074.16",10732,13671882,-0.306003977426538
"10733","20074.16",10733,13672500,0.372728410698795
"10734","20074.16",10734,13672651,-0.194766373812411
"10735","20074.16",10735,13676497,0.141870278566907
"10736","20074.16",10736,13679532,-0.47311780577004
"10737","20074.16",10737,13679861,-0.240824329915643
"10738","20074.16",10738,13687368,-0.462918550805971
"10739","20074.16",10739,13687759,-1.22154450890272
"10740","20074.16",10740,13687791,0.257990233046208
"10741","20074.16",10741,13687912,-0.17792825228481
"10742","20074.16",10742,13692488,-0.22687380876939
"10743","20074.16",10743,13694937,0.693888245850304
"10744","20074.16",10744,13696749,-0.00452002149287356
"10745","20074.16",10745,13696805,-0.724872277610022
"10746","20074.16",10746,13697975,-0.213363917177631
"10747","20074.16",10747,13698000,-0.553983227846811
"10748","20074.16",10748,13700047,-0.884861545414245
"10749","20074.16",10749,13701374,0.407888499580541
"10750","20074.16",10750,13701431,-0.168651558282717
"10751","20074.16",10751,13703013,-0.164823800964809
"10752","20074.16",10752,13705089,-0.496734144124464
"10753","20074.16",10753,13705144,0.603843526129281
"10754","20074.16",10754,13705578,-0.450344057296258
"10755","20074.16",10755,13709355,-0.981330692968023
"10756","20074.16",10756,13709921,0.44300278518054
"10757","20074.16",10757,13710137,-0.334942088108293
"10758","20074.16",10758,13710151,0.113889435494747
"10759","20074.16",10759,13711999,-0.0840714738581694
"10760","20074.16",10760,13712592,0.941876631757492
"10761","20074.16",10761,13713056,0.526920757500929
"10762","20074.16",10762,13713393,-1.27399719479059
"10763","20074.16",10763,13716552,-0.400722284648135
"10764","20074.16",10764,13718897,-0.216036951235356
"10765","20074.16",10765,13718913,-0.309970686437415
"10766","20074.16",10766,13721762,-0.631185414019085
"10767","20074.16",10767,13721771,0.0129179806700535
"10768","20074.16",10768,13721967,0.149832570015403
"10769","20074.16",10769,13722438,0.446631238966414
"10770","20074.16",10770,13722517,0.233628425029647
"10771","20074.16",10771,13723200,0.222145491561199
"10772","20074.16",10772,13723380,-0.7509100988172
"10773","20074.16",10773,13723716,-0.43913369781617
"10774","20074.16",10774,13723758,0.167998758976156
"10775","20074.16",10775,13724482,-0.342242629957729
"10776","20074.16",10776,13724918,-0.4128339246079
"10777","20074.16",10777,13725865,-0.743933674167457
"10778","20074.16",10778,13726940,0.0160314456277213
"10779","20074.16",10779,13729163,-0.360759500445487
"10780","20074.16",10780,13729403,-0.762641331302345
"10781","20074.16",10781,13730252,-0.82657239863673
"10782","20074.16",10782,13732517,-0.0566358343043785
"10783","20074.16",10783,13733866,0.213378880894243
"10784","20074.16",10784,13734099,0.0715799777813082
"10785","20074.16",10785,13734113,0.273679089686813
"10786","20074.16",10786,13734795,0.162860270597855
"10787","20074.16",10787,13734838,-0.205386423937159
"10788","20074.16",10788,13738087,-0.970873301450227
"10789","20074.16",10789,13738662,0.290127842845883
"10790","20074.16",10790,13739415,0.486312997806979
"10791","20074.16",10791,13739554,0.484823070538936
"10792","20074.16",10792,13739663,-0.502068338460788
"10793","20074.16",10793,13739819,0.570262733801914
"10794","20074.16",10794,13742100,-0.673178221395101
"10795","20074.16",10795,13743605,-0.392489217035098
"10796","20074.16",10796,13743773,0.790092332860175
"10797","20074.16",10797,13746099,-0.248171892412133
"10798","20074.16",10798,13747539,-0.655211808523297
"10799","20074.16",10799,13747576,-0.233299737481333
"10800","20074.16",10800,13747590,-0.1957909074023
"10801","20074.16",10801,13747803,-0.18565963782937
"10802","20074.16",10802,13749436,-0.323298396532259
"10803","20074.16",10803,13750219,-0.989330012804174
"10804","20074.16",10804,13750286,-0.764077685277413
"10805","20074.16",10805,13753349,-0.225677179094745
"10806","20074.16",10806,13753384,0.145325552218144
"10807","20074.16",10807,13756549,0.404953700580363
"10808","20074.16",10808,13756763,0.110575069908781
"10809","20074.16",10809,13757367,0.691976076303686
"10810","20074.16",10810,13760217,-0.0902183035995963
"10811","20074.16",10811,13761938,-0.89953900850988
"10812","20074.16",10812,13762932,-1.00354121475749
"10813","20074.16",10813,13763411,-0.207360470490349
"10814","20074.16",10814,13764396,0.699132366448343
"10815","20074.16",10815,13764442,-0.292626522985762
"10816","20074.16",10816,13764456,0.26663603973459
"10817","20074.16",10817,13764680,0.932122473567632
"10818","20074.16",10818,13764741,-0.22996314380076
"10819","20074.16",10819,13764761,0.0255369143408259
"10820","20074.16",10820,13764812,0.933636646019221
"10821","20074.16",10821,13764829,-0.0366799848934303
"10822","20074.16",10822,13764965,-0.246091453198013
"10823","20074.16",10823,13765041,0.379986701544134
"10824","20074.16",10824,13765738,-0.137897567405719
"10825","20074.16",10825,13766292,0.305933442142503
"10826","20074.16",10826,13766427,0.869034482255484
"10827","20074.16",10827,13766884,-0.336883036041994
"10828","20074.16",10828,13767712,-0.212398315197941
"10829","20074.16",10829,13768391,-0.100340099912514
"10830","20074.16",10830,13768726,0.266834759085984
"10831","20074.16",10831,13770038,-0.738297811286247
"10832","20074.16",10832,13770650,1.15497343812733
"10833","20074.16",10833,13771088,0.250072825326337
"10834","20074.16",10834,13773829,-0.241318299527295
"10835","20074.16",10835,13774317,-0.217623327404091
"10836","20074.16",10836,13778456,-1.91457770316248
"10837","20074.16",10837,13778470,0.579481473993224
"10838","20074.16",10838,13779428,-0.963950029488095
"10839","20074.16",10839,13781228,0.221564925129248
"10840","20074.16",10840,13781527,0.499332149605121
"10841","20074.16",10841,13782179,0.493989193486516
"10842","20074.16",10842,13782944,-0.134464564210752
"10843","20074.16",10843,13782984,0.308521548457207
"10844","20074.16",10844,13783390,0.215564515810679
"10845","20074.16",10845,13783619,0.204742185512433
"10846","20074.16",10846,13785959,0.482053052144667
"10847","20074.16",10847,13787984,-0.591419326633071
"10848","20074.16",10848,13790287,0.325926912988773
"10849","20074.16",10849,13790683,0.900238585341511
"10850","20074.16",10850,13791415,-0.172618230115056
"10851","20074.16",10851,13791465,-0.624031020464367
"10852","20074.16",10852,13795867,-0.286919347845186
"10853","20074.16",10853,13795867,-0.28646607467056
"10854","20074.16",10854,13795899,-0.0486421120836367
"10855","20074.16",10855,13796422,-0.977529195341764
"10856","20074.16",10856,13796521,0.448930299644558
"10857","20074.16",10857,13796539,0.0126090263741778
"10858","20074.16",10858,13796801,0.29687292872365
"10859","20074.16",10859,13796834,0.528874855815888
"10860","20074.16",10860,13797688,-0.581934534269632
"10861","20074.16",10861,13798027,-0.401480525419297
"10862","20074.16",10862,13798132,0.400031499248066
"10863","20074.16",10863,13798199,-0.0980570905107454
"10864","20074.16",10864,13798199,0.330220793369482
"10865","20074.16",10865,13801319,0.85747537332545
"10866","20074.16",10866,13802325,-0.169801453090063
"10867","20074.16",10867,13802379,0.62406665229348
"10868","20074.16",10868,13802732,0.537512328614851
"10869","20074.16",10869,13804622,-0.407382418300179
"10870","20074.16",10870,13805594,0.898520929621951
"10871","20074.16",10871,13806384,-0.412636775565618
"10872","20074.16",10872,13806474,0.641732315004597
"10873","20074.16",10873,13806718,0.223112672702947
"10874","20074.16",10874,13806913,-0.162884448497445
"10875","20074.16",10875,13807134,0.120906574926227
"10876","20074.16",10876,13808317,-0.0153870387743646
"10877","20074.16",10877,13808478,-0.176682110248944
"10878","20074.16",10878,13809001,-1.19715896127241
"10879","20074.16",10879,13812690,0.536508605321409
"10880","20074.16",10880,13812833,0.148304289339775
"10881","20074.16",10881,13812903,-0.0635915392351016
"10882","20074.16",10882,13812976,-0.464283382890565
"10883","20074.16",10883,13813079,0.740445464591507
"10884","20074.16",10884,13813289,0.414789208560493
"10885","20074.16",10885,13813390,-0.00547641015184475
"10886","20074.16",10886,13813704,0.487664435641142
"10887","20074.16",10887,13814182,-0.242874232199094
"10888","20074.16",10888,13814473,-0.734967163601263
"10889","20074.16",10889,13814473,0.0675365656413218
"10890","20074.16",10890,13814524,0.16857399965529
"10891","20074.16",10891,13818107,-0.181330617302185
"10892","20074.16",10892,13818162,-0.479216952761353
"10893","20074.16",10893,13819431,0.46020923132776
"10894","20074.16",10894,13819536,-0.297055342278734
"10895","20074.16",10895,13821402,1.03592054412545
"10896","20074.16",10896,13823027,-0.0816524415818831
"10897","20074.16",10897,13823469,-0.618273739087202
"10898","20074.16",10898,13823972,0.0083508898200817
"10899","20074.16",10899,13824229,-0.296068009408275
"10900","20074.16",10900,13826765,-1.16709883425375
"10901","20074.16",10901,13828720,-0.302564298987419
"10902","20074.16",10902,13829989,0.754088309420571
"10903","20074.16",10903,13830016,0.847982838037765
"10904","20074.16",10904,13830082,0.172398635673559
"10905","20074.16",10905,13830229,0.0418123505017576
"10906","20074.16",10906,13830450,0.485997536779634
"10907","20074.16",10907,13831049,-0.175826554744185
"10908","20074.16",10908,13833149,-0.361688523966012
"10909","20074.16",10909,13835107,-0.477903345779931
"10910","20074.16",10910,13835272,-0.166600063512554
"10911","20074.16",10911,13835466,1.05331905105264
"10912","20074.16",10912,13835760,0.333391986768159
"10913","20074.16",10913,13836728,-0.477278395127009
"10914","20074.16",10914,13837388,0.45263811703119
"10915","20074.16",10915,13837412,0.39601216011888
"10916","20074.16",10916,13838340,1.28113607138592
"10917","20074.16",10917,13838868,-0.835232303554709
"10918","20074.16",10918,13841619,0.374149657299996
"10919","20074.16",10919,13842599,0.10859681551423
"10920","20074.16",10920,13843163,0.0828328335252246
"10921","20074.16",10921,13848399,0.194162273231173
"10922","20074.16",10922,13850026,0.0377698608985346
"10923","20074.16",10923,13850042,-0.0315279347672961
"10924","20074.16",10924,13852688,-1.26325334625561
"10925","20074.16",10925,13853125,-0.369324151812494
"10926","20074.16",10926,13853470,-0.222627013965679
"10927","20074.16",10927,13853855,1.07691494651598
"10928","20074.16",10928,13854320,0.1218413593668
"10929","20074.16",10929,13856565,1.21283414688061
"10930","20074.16",10930,13856683,-0.58887423303182
"10931","20074.16",10931,13856757,0.223499201440338
"10932","20074.16",10932,13856800,-0.410006917938917
"10933","20074.16",10933,13858060,0.438436741042685
"10934","20074.16",10934,13858108,0.102286915175065
"10935","20074.16",10935,13859559,-0.14490331502518
"10936","20074.16",10936,13860033,0.504658283864885
"10937","20074.16",10937,13860330,-0.203156124954284
"10938","20074.16",10938,13861193,0.278342986431865
"10939","20074.16",10939,13861339,0.381877760339216
"10940","20074.16",10940,13861806,-0.394166308919012
"10941","20074.16",10941,13862786,-0.720872395258277
"10942","20074.16",10942,13863492,0.199501213631094
"10943","20074.16",10943,13863740,-0.921779527696414
"10944","20074.16",10944,13863893,-0.495231844205883
"10945","20074.16",10945,13865328,0.0209458606262167
"10946","20074.16",10946,13865483,-0.284590730532098
"10947","20074.16",10947,13866414,0.117674637509886
"10948","20074.16",10948,13866765,-0.558323313455738
"10949","20074.16",10949,13867294,-0.056215842422926
"10950","20074.16",10950,13867597,-0.00775322696630631
"10951","20074.16",10951,13869146,0.99434755935906
"10952","20074.16",10952,13872865,0.356208020914806
"10953","20074.16",10953,13873986,0.11034415202139
"10954","20074.16",10954,13874563,0.0589990648237757
"10955","20074.16",10955,13874854,-0.613245920090188
"10956","20074.16",10956,13875363,0.531514143182942
"10957","20074.16",10957,13875915,0.873081758936633
"10958","20074.16",10958,13875978,-0.0108732494197135
"10959","20074.16",10959,13876611,-0.0736352165045107
"10960","20074.16",10960,13876633,0.00572371051381371
"10961","20074.16",10961,13876730,0.604043644403723
"10962","20074.16",10962,13876882,0.156076341350166
"10963","20074.16",10963,13878482,-0.432140443994316
"10964","20074.16",10964,13879629,0.287647082028724
"10965","20074.16",10965,13879696,-1.01013887743898
"10966","20074.16",10966,13879868,0.660978083684902
"10967","20074.16",10967,13880316,0.00688586099740629
"10968","20074.16",10968,13886396,0.226882473597729
"10969","20074.16",10969,13888393,-0.718140214804591
"10970","20074.16",10970,13888790,-0.19595024325259
"10971","20074.16",10971,13889247,0.139557438474966
"10972","20074.16",10972,13889339,0.260392889046186
"10973","20074.16",10973,13889734,0.860164069280173
"10974","20074.16",10974,13890494,-0.0152095011120146
"10975","20074.16",10975,13894030,0.0959044786829937
"10976","20074.16",10976,13894417,-0.572177954301978
"10977","20074.16",10977,13895551,-0.70886861331967
"10978","20074.16",10978,13895750,-0.191364027576757
"10979","20074.16",10979,13896638,-0.471454245341877
"10980","20074.16",10980,13896757,0.00261881832842192
"10981","20074.16",10981,13896880,0.659516456084327
"10982","20074.16",10982,13897427,-0.463903619545388
"10983","20074.16",10983,13898369,0.0123973529732995
"10984","20074.16",10984,13901853,0.12223374694706
"10985","20074.16",10985,13902059,0.0346206343424997
"10986","20074.16",10986,13902704,0.458283453718768
"10987","20074.16",10987,13902717,-0.134849119193981
"10988","20074.16",10988,13902747,0.91099527668948
"10989","20074.16",10989,13904725,0.29327822523958
"10990","20074.16",10990,13905509,0.640245212205719
"10991","20074.16",10991,13906453,0.82157842538953
"10992","20074.16",10992,13906889,-0.0861338747580156
"10993","20074.16",10993,13914063,-0.0690752669960064
"10994","20074.16",10994,13915807,-0.0774060038607596
"10995","20074.16",10995,13916363,-1.35667375941812
"10996","20074.16",10996,13919178,0.0269689068379408
"10997","20074.16",10997,13919235,0.0484761448796451
"10998","20074.16",10998,13919527,0.468013635780614
"10999","20074.16",10999,13921878,-0.692741816429325
"11000","20074.16",11000,13922156,-0.387693425901381
"11001","20074.16",11001,13922331,0.43865988203687
"11002","20074.16",11002,13922627,0.677388858306295
"11003","20074.16",11003,13923020,-0.730518133500922
"11004","20074.16",11004,13923796,-0.33109975776561
"11005","20074.16",11005,13924399,0.337330355373653
"11006","20074.16",11006,13926064,-0.59501526676614
"11007","20074.16",11007,13928928,-0.535435346247057
"11008","20074.16",11008,13929476,0.727741150527579
"11009","20074.16",11009,13930197,-0.136700441627966
"11010","20074.16",11010,13930630,0.151490921131204
"11011","20074.16",11011,13930675,0.723662834260316
"11012","20074.16",11012,13933741,0.462847271038688
"11013","20074.16",11013,13933760,-0.114873319828787
"11014","20074.16",11014,13934386,0.491387505498378
"11015","20074.16",11015,13934412,-0.506982317819254
"11016","20074.16",11016,13935423,-0.67101453543494
"11017","20074.16",11017,13936296,0.315190464950395
"11018","20074.16",11018,13937778,-0.232511318898736
"11019","20074.16",11019,13937872,0.547301646609276
"11020","20074.16",11020,13938103,0.154341429754256
"11021","20074.16",11021,13938388,1.18236730700213
"11022","20074.16",11022,13938910,0.478950271242762
"11023","20074.16",11023,13939466,0.0737186686672011
"11024","20074.16",11024,13939517,0.559805708487604
"11025","20074.16",11025,13939819,0.711679948706007
"11026","20074.16",11026,13940934,-0.0978398160405778
"11027","20074.16",11027,13942692,-0.0469832257902816
"11028","20074.16",11028,13943118,-0.0307342145061007
"11029","20074.16",11029,13945289,0.414488098045385
"11030","20074.16",11030,13950359,0.471635295738365
"11031","20074.16",11031,13950580,-0.476778110404213
"11032","20074.16",11032,13951105,0.561945108936388
"11033","20074.16",11033,13953667,-0.215173171952328
"11034","20074.16",11034,13955092,-0.368634525656631
"11035","20074.16",11035,13955581,0.565812844856434
"11036","20074.16",11036,13956228,0.70486491514082
"11037","20074.16",11037,13956308,-0.050292530099525
"11038","20074.16",11038,13958817,0.157408456336509
"11039","20074.16",11039,13959101,0.877199355582927
"11040","20074.16",11040,13959367,-0.60119985411678
"11041","20074.16",11041,13959607,1.05186322936515
"11042","20074.16",11042,13961080,0.0304504256227123
"11043","20074.16",11043,13961264,0.6071887355984
"11044","20074.16",11044,13961950,0.54636746425856
"11045","20074.16",11045,13968148,-0.0254764940378251
"11046","20074.16",11046,13968398,0.0536246703969114
"11047","20074.16",11047,13968552,-0.371228897216187
"11048","20074.16",11048,13971273,0.361896158164664
"11049","20074.16",11049,13971540,0.77999763559195
"11050","20074.16",11050,13972028,0.829734498831653
"11051","20074.16",11051,13972097,-1.50722851460551
"11052","20074.16",11052,13972811,-0.491871332284416
"11053","20074.16",11053,13974486,-0.931657760859765
"11054","20074.16",11054,13976091,0.285778012805104
"11055","20074.16",11055,13976356,0.391587643773236
"11056","20074.16",11056,13976605,1.2771330277073
"11057","20074.16",11057,13977699,0.682412497374417
"11058","20074.16",11058,13978116,0.453135568090059
"11059","20074.16",11059,13979558,0.010239482403211
"11060","20074.16",11060,13979785,0.189308863122405
"11061","20074.16",11061,13980179,-0.223099638891542
"11062","20074.16",11062,13980348,-1.01422695940044
"11063","20074.16",11063,13980710,0.847312431998676
"11064","20074.16",11064,13981185,-0.023145247593936
"11065","20074.16",11065,13985519,-0.21598639744882
"11066","20074.16",11066,13986339,-0.0231004599073348
"11067","20074.16",11067,13986553,0.905802684038178
"11068","20074.16",11068,13986727,0.674257077952663
"11069","20074.16",11069,13987653,-0.273123444058222
"11070","20074.16",11070,13987719,-0.167832838812981
"11071","20074.16",11071,13989121,-1.26851868827097
"11072","20074.16",11072,13992564,1.22006245511054
"11073","20074.16",11073,13993087,-0.204713956202192
"11074","20074.16",11074,13994948,0.0837721513163387
"11075","20074.16",11075,13998458,0.278595783906142
"11076","20074.16",11076,14000581,0.440560110611536
"11077","20074.16",11077,14003656,-0.426964971985517
"11078","20074.16",11078,14006419,-0.159714157838895
"11079","20074.16",11079,14007563,-0.00647041322832465
"11080","20074.16",11080,14007793,-0.610399911965635
"11081","20074.16",11081,14008674,0.263828760006663
"11082","20074.16",11082,14008797,0.567909200587828
"11083","20074.16",11083,14009214,0.0863453597058657
"11084","20074.16",11084,14011519,-1.27655252866658
"11085","20074.16",11085,14013666,0.116818881737188
"11086","20074.16",11086,14015577,0.0734311555638971
"11087","20074.16",11087,14019953,-1.3464028870675
"11088","20074.16",11088,14020382,-0.566699290653354
"11089","20074.16",11089,14021492,-0.460485727695579
"11090","20074.16",11090,14021971,0.53196414168339
"11091","20074.16",11091,14023521,-0.67392003705867
"11092","20074.16",11092,14025351,-0.23419195123781
"11093","20074.16",11093,14025866,-1.16633344767767
"11094","20074.16",11094,14027015,-0.511661857621092
"11095","20074.16",11095,14028379,0.583562797626363
"11096","20074.16",11096,14029343,0.0099811885583554
"11097","20074.16",11097,14029834,0.695798618364761
"11098","20074.16",11098,14031166,0.894959122048568
"11099","20074.16",11099,14031434,0.0338210128039051
"11100","20074.16",11100,14034379,-0.00172553128292918
"11101","20074.16",11101,14034486,-0.795595085465633
"11102","20074.16",11102,14034701,0.519268178658897
"11103","20074.16",11103,14038174,-0.22782673953214
"11104","20074.16",11104,14038339,0.0491002068069051
"11105","20074.16",11105,14039439,-0.306068222848711
"11106","20074.16",11106,14039648,0.613442045873337
"11107","20074.16",11107,14040925,-0.150085972870818
"11108","20074.16",11108,14042688,0.104014789253971
"11109","20074.16",11109,14045236,0.0324641963329579
"11110","20074.16",11110,14045284,-0.077195752748291
"11111","20074.16",11111,14045399,0.275102838418189
"11112","20074.16",11112,14046842,0.250928638115179
"11113","20074.16",11113,14047418,0.759063499285078
"11114","20074.16",11114,14048071,-0.606237462072467
"11115","20074.16",11115,14053831,0.431249533713955
"11116","20074.16",11116,14054080,-0.88696490658052
"11117","20074.16",11117,14054167,0.44739583256304
"11118","20074.16",11118,14054926,-0.558087459778684
"11119","20074.16",11119,14057904,0.54975574641957
"11120","20074.16",11120,14058621,0.342052094400095
"11121","20074.16",11121,14058682,-0.0333660832210319
"11122","20074.16",11122,14059114,-0.719675692798518
"11123","20074.16",11123,14068669,0.284028031669561
"11124","20074.16",11124,14069024,-0.73999048155186
"11125","20074.16",11125,14070526,-1.33008047053177
"11126","20074.16",11126,14075296,-0.455836169233041
"11127","20074.16",11127,14075304,-0.500857257946099
"11128","20074.16",11128,14075379,0.425706405517785
"11129","20074.16",11129,14076222,0.545652776729805
"11130","20074.16",11130,14076257,-0.410869461171446
"11131","20074.16",11131,14076522,0.396820427978605
"11132","20074.16",11132,14079388,0.798737735768905
"11133","20074.16",11133,14080454,0.409999856786999
"11134","20074.16",11134,14081592,0.0510243063314775
"11135","20074.16",11135,14086428,-0.169508278552866
"11136","20074.16",11136,14086760,-1.00615525292556
"11137","20074.16",11137,14087177,0.125913207989411
"11138","20074.16",11138,14088552,-0.312668773629554
"11139","20074.16",11139,14091783,0.0817629617002318
"11140","20074.16",11140,14091796,-0.389606033144358
"11141","20074.16",11141,14098247,0.45626968955987
"11142","20074.16",11142,14098821,-0.144699552655219
"11143","20074.16",11143,14099763,-0.0653555313604262
"11144","20074.16",11144,14103738,0.0946429442104924
"11145","20074.16",11145,14106741,0.872733228659016
"11146","20074.16",11146,14107366,0.239638628256748
"11147","20074.16",11147,14107459,0.0661129460230399
"11148","20074.16",11148,14107545,-0.770403171868636
"11149","20074.16",11149,14109740,-0.433676576885112
"11150","20074.16",11150,14110712,0.642364864592049
"11151","20074.16",11151,14111424,-0.647142559509272
"11152","20074.16",11152,14112084,0.0670935266677821
"11153","20074.16",11153,14113375,0.855498662642364
"11154","20074.16",11154,14114137,0.036173118134375
"11155","20074.16",11155,14115195,-0.584182994521263
"11156","20074.16",11156,14116027,0.390331612671932
"11157","20074.16",11157,14118259,-0.580972366684553
"11158","20074.16",11158,14118381,-1.02242357496809
"11159","20074.16",11159,14121316,-0.259093897047999
"11160","20074.16",11160,14122388,-0.314387059231406
"11161","20074.16",11161,14124066,0.627360800759605
"11162","20074.16",11162,14124626,-1.00142016402512
"11163","20074.16",11163,14125513,-0.0968607831388466
"11164","20074.16",11164,14126330,0.36178995006317
"11165","20074.16",11165,14126346,0.30474616367288
"11166","20074.16",11166,14126397,-0.746692478027628
"11167","20074.16",11167,14128524,0.20474963088428
"11168","20074.16",11168,14133052,-1.31929230878301
"11169","20074.16",11169,14133151,-0.563319507101541
"11170","20074.16",11170,14134051,0.108688546326301
"11171","20074.16",11171,14134070,0.415574331851389
"11172","20074.16",11172,14136658,0.238417958373396
"11173","20074.16",11173,14136949,0.229587919426736
"11174","20074.16",11174,14137090,0.153796199164159
"11175","20074.16",11175,14137684,-0.87421376880952
"11176","20074.16",11176,14138155,-0.49521103665211
"11177","20074.16",11177,14138719,0.158770383033795
"11178","20074.16",11178,14139201,0.142319621777202
"11179","20074.16",11179,14139300,0.7737489251852
"11180","20074.16",11180,14140311,-0.134771043350148
"11181","20074.16",11181,14140337,0.424188993133618
"11182","20074.16",11182,14140929,0.0497972463352987
"11183","20074.16",11183,14141038,-0.606433506777237
"11184","20074.16",11184,14141090,-0.0392172188749154
"11185","20074.16",11185,14143895,-0.647265060503421
"11186","20074.16",11186,14145768,-0.216786018991193
"11187","20074.16",11187,14146786,0.463928646231113
"11188","20074.16",11188,14151201,0.466826598150557
"11189","20074.16",11189,14151240,0.754813115766699
"11190","20074.16",11190,14151579,-0.409652680440747
"11191","20074.16",11191,14151672,0.0600786402849272
"11192","20074.16",11192,14152126,0.403319983710317
"11193","20074.16",11193,14154474,-0.297499759090154
"11194","20074.16",11194,14155500,-0.291001167290469
"11195","20074.16",11195,14157735,0.273794268207559
"11196","20074.16",11196,14159689,-0.730938574903197
"11197","20074.16",11197,14162235,-0.47092807776079
"11198","20074.16",11198,14163667,-0.471800820412189
"11199","20074.16",11199,14167014,-0.302496349339699
"11200","20074.16",11200,14167708,0.0611742413861531
"11201","20074.16",11201,14168221,-0.178979329986207
"11202","20074.16",11202,14173903,-0.301923063579062
"11203","20074.16",11203,14174464,-0.816649237415521
"11204","20074.16",11204,14176019,-0.865695491898975
"11205","20074.16",11205,14178435,0.427974792364819
"11206","20074.16",11206,14180016,0.0825195052120407
"11207","20074.16",11207,14180509,0.536569026912329
"11208","20074.16",11208,14180980,-0.0640844242026812
"11209","20074.16",11209,14182007,0.120345451103171
"11210","20074.16",11210,14182068,0.640603656015242
"11211","20074.16",11211,14189896,-0.391380904620458
"11212","20074.16",11212,14192716,-0.397695439104035
"11213","20074.16",11213,14193968,0.396658539500634
"11214","20074.16",11214,14196547,-0.534716695389915
"11215","20074.16",11215,14199590,-0.0494431817499361
"11216","20074.16",11216,14201270,-0.313445150420552
"11217","20074.16",11217,14201848,0.322411944944077
"11218","20074.16",11218,14202188,0.831950215212301
"11219","20074.16",11219,14204619,-0.200822327099512
"11220","20074.16",11220,14206749,-0.0637409264440887
"11221","20074.16",11221,14212716,-0.422779188837604
"11222","20074.16",11222,14216086,-0.666150761085827
"11223","20074.16",11223,14217170,0.909815857966289
"11224","20074.16",11224,14222586,0.111309867332896
"11225","20074.16",11225,14228461,-0.366027904258815
"11226","20074.16",11226,14229041,-0.273703130029912
"11227","20074.16",11227,14231069,-0.685619239273325
"11228","20074.16",11228,14231641,-0.465076107694792
"11229","20074.16",11229,14232390,0.65895981424141
"11230","20074.16",11230,14232428,-0.0799405649869742
"11231","20074.16",11231,14234557,-0.362773538078583
"11232","20074.16",11232,14235477,0.0594994124901236
"11233","20074.16",11233,14235578,0.7263968646536
"11234","20074.16",11234,14237170,-0.52442172198143
"11235","20074.16",11235,14239307,0.327639638547525
"11236","20074.16",11236,14239347,-0.515245816707848
"11237","20074.16",11237,14239683,-0.0692152719723591
"11238","20074.16",11238,14240074,-0.507042149017314
"11239","20074.16",11239,14240303,0.592744534689408
"11240","20074.16",11240,14245827,-2.21813450739818
"11241","20074.16",11241,14246556,-0.192099386149678
"11242","20074.16",11242,14248851,-0.437538242532164
"11243","20074.16",11243,14249625,-0.753257494772276
"11244","20074.16",11244,14249677,-0.547791463985749
"11245","20074.16",11245,14249900,-0.82097606506216
"11246","20074.16",11246,14249996,-0.000689060556039678
"11247","20074.16",11247,14250142,0.910359261210764
"11248","20074.16",11248,14250469,-0.750166795084269
"11249","20074.16",11249,14251096,0.680925117781608
"11250","20074.16",11250,14256551,0.122471644091575
"11251","20074.16",11251,14258679,-0.121919303164248
"11252","20074.16",11252,14259061,0.78518252059558
"11253","20074.16",11253,14262463,-0.117530416155215
"11254","20074.16",11254,14263001,-0.219736106134365
"11255","20074.16",11255,14263560,-0.386715738470084
"11256","20074.16",11256,14263799,0.598720949142117
"11257","20074.16",11257,14266213,-0.639340585936724
"11258","20074.16",11258,14267723,-0.787569658009478
"11259","20074.16",11259,14270058,-0.910723960638442
"11260","20074.16",11260,14270832,-0.76496700485802
"11261","20074.16",11261,14274761,0.0619030928919857
"11262","20074.16",11262,14276055,0.263911630611672
"11263","20074.16",11263,14276878,0.101171065367589
"11264","20074.16",11264,14277966,0.0410959935915312
"11265","20074.16",11265,14279037,0.66805384795276
"11266","20074.16",11266,14279818,0.199143221477002
"11267","20074.16",11267,14279939,-0.532423414774438
"11268","20074.16",11268,14281626,0.0948292856767576
"11269","20074.16",11269,14282483,0.302168581105499
"11270","20074.16",11270,14288687,-0.172162577480663
"11271","20074.16",11271,14289154,0.111666505484767
"11272","20074.16",11272,14289872,-0.390639745696451
"11273","20074.16",11273,14292735,-0.286878732558861
"11274","20074.16",11274,14293037,-0.446168130472458
"11275","20074.16",11275,14302008,0.0453845400074817
"11276","20074.16",11276,14304175,-0.160493669842542
"11277","20074.16",11277,14308070,-0.516575727877645
"11278","20074.16",11278,14311873,-0.0372597543841833
"11279","20074.16",11279,14312359,-0.250317650049136
"11280","20074.16",11280,14312856,-0.766977190921187
"11281","20074.16",11281,14313033,-0.351089445199857
"11282","20074.16",11282,14316576,0.551358707508212
"11283","20074.16",11283,14319715,-0.466085011968548
"11284","20074.16",11284,14321300,0.0378707494869905
"11285","20074.16",11285,14321305,-0.64609848481897
"11286","20074.16",11286,14325198,0.443143335478088
"11287","20074.16",11287,14325518,0.59240171336383
"11288","20074.16",11288,14326948,0.087719483096671
"11289","20074.16",11289,14327297,0.424869179550352
"11290","20074.16",11290,14327781,0.0975133221593243
"11291","20074.16",11291,14329176,0.546289236349121
"11292","20074.16",11292,14329688,0.105078388392474
"11293","20074.16",11293,14331025,0.460246149386651
"11294","20074.16",11294,14332920,-0.915852185191643
"11295","20074.16",11295,14333079,-0.187124065736056
"11296","20074.16",11296,14333718,0.449955710158716
"11297","20074.16",11297,14336198,-0.314969818862658
"11298","20074.16",11298,14336309,-0.0338949940982367
"11299","20074.16",11299,14336831,-0.4425571573284
"11300","20074.16",11300,14338126,0.496217097524418
"11301","20074.16",11301,14338429,-0.790991045931355
"11302","20074.16",11302,14339187,1.24438701230114
"11303","20074.16",11303,14342026,0.627425254053372
"11304","20074.16",11304,14342630,0.910342991413335
"11305","20074.16",11305,14342898,-0.210293748215037
"11306","20074.16",11306,14343046,0.0180876417652467
"11307","20074.16",11307,14343435,-0.476708164787418
"11308","20074.16",11308,14344340,-0.0566701299111392
"11309","20074.16",11309,14347900,0.759233789280997
"11310","20074.16",11310,14348079,-0.125269992472821
"11311","20074.16",11311,14348102,-1.50253359356609
"11312","20074.16",11312,14350533,-1.28544953507819
"11313","20074.16",11313,14351092,0.421558541641541
"11314","20074.16",11314,14355268,-0.281076863346959
"11315","20074.16",11315,14355765,0.279593616012018
"11316","20074.16",11316,14356354,-0.518971580513852
"11317","20074.16",11317,14356920,0.0257957988596154
"11318","20074.16",11318,14357671,0.73600269244844
"11319","20074.16",11319,14359205,-0.180657657405142
"11320","20074.16",11320,14359233,-0.405772079264927
"11321","20074.16",11321,14359305,-0.114612283481405
"11322","20074.16",11322,14359424,-0.511593488350659
"11323","20074.16",11323,14359671,-0.613487816731331
"11324","20074.16",11324,14361317,0.53853560284958
"11325","20074.16",11325,14365446,0.86911560678728
"11326","20074.16",11326,14370339,-0.0241137638974491
"11327","20074.16",11327,14371051,0.0595710197118304
"11328","20074.16",11328,14373493,-0.534479202869648
"11329","20074.16",11329,14374101,0.146098904817173
"11330","20074.16",11330,14374645,-0.0100818610571221
"11331","20074.16",11331,14375017,0.404387293882631
"11332","20074.16",11332,14377329,-0.25747658345591
"11333","20074.16",11333,14377712,0.244175899512482
"11334","20074.16",11334,14377741,-0.0442922028217332
"11335","20074.16",11335,14377765,-0.648683641240125
"11336","20074.16",11336,14378042,-0.145533963276334
"11337","20074.16",11337,14378892,0.760368501742307
"11338","20074.16",11338,14385995,0.433845214952204
"11339","20074.16",11339,14386465,-0.424338328689459
"11340","20074.16",11340,14399063,-0.10506019537481
"11341","20074.16",11341,14400309,0.278830716435528
"11342","20074.16",11342,14401144,0.460279697827469
"11343","20074.16",11343,14401446,-0.112285889832638
"11344","20074.16",11344,14402715,-0.146410886418954
"11345","20074.16",11345,14402843,0.452599396408352
"11346","20074.16",11346,14405428,0.179578288123499
"11347","20074.16",11347,14405770,0.340976849966682
"11348","20074.16",11348,14405892,0.417014883005918
"11349","20074.16",11349,14409882,-0.735949845768165
"11350","20074.16",11350,14415800,0.512985126966439
"11351","20074.16",11351,14415961,-0.122707784383397
"11352","20074.16",11352,14418335,-0.190295830221856
"11353","20074.16",11353,14419811,-0.494400229582284
"11354","20074.16",11354,14420555,0.252691065025471
"11355","20074.16",11355,14423675,0.236097947650894
"11356","20074.16",11356,14428853,0.209218942475049
"11357","20074.16",11357,14429493,-0.602511863098163
"11358","20074.16",11358,14431286,-0.844308494619137
"11359","20074.16",11359,14431629,0.0534122352161104
"11360","20074.16",11360,14433614,0.418117489673562
"11361","20074.16",11361,14437443,-0.143251958097266
"11362","20074.16",11362,14441850,0.00472421069016438
"11363","20074.16",11363,14442631,0.309123924655535
"11364","20074.16",11364,14445608,0.48079208144025
"11365","20074.16",11365,14450100,-0.25782263451902
"11366","20074.16",11366,14450654,-0.83876362060072
"11367","20074.16",11367,14450674,-0.233894116526319
"11368","20074.16",11368,14452855,-1.22251239505726
"11369","20074.16",11369,14453050,0.455672556907278
"11370","20074.16",11370,14453495,-0.539975633317867
"11371","20074.16",11371,14455334,-0.930999373851586
"11372","20074.16",11372,14457007,-0.254074441374413
"11373","20074.16",11373,14457029,-0.498045618801473
"11374","20074.16",11374,14458012,1.24683957740975
"11375","20074.16",11375,14458072,-0.000547305847841351
"11376","20074.16",11376,14458346,-0.888416425133573
"11377","20074.16",11377,14458407,0.523648715164065
"11378","20074.16",11378,14460058,-1.34355050677506
"11379","20074.16",11379,14463141,-0.678471718425702
"11380","20074.16",11380,14463455,-0.380813864109533
"11381","20074.16",11381,14463714,1.39649813185387
"11382","20074.16",11382,14464656,0.7521083288345
"11383","20074.16",11383,14472064,-0.243883242879475
"11384","20074.16",11384,14478290,0.579047744440074
"11385","20074.16",11385,14479783,0.251776416664181
"11386","20074.16",11386,14486821,0.0412573497506505
"11387","20074.16",11387,14488074,0.365615743102659
"11388","20074.16",11388,14488302,0.310745491767293
"11389","20074.16",11389,14489874,0.411332581942973
"11390","20074.16",11390,14490063,0.0588099105370974
"11391","20074.16",11391,14497451,0.452876462935101
"11392","20074.16",11392,14499164,0.299914261647371
"11393","20074.16",11393,14499293,-0.790189033477318
"11394","20074.16",11394,14504663,-0.444956694024304
"11395","20074.16",11395,14506150,-0.888060430211718
"11396","20074.16",11396,14508423,-0.286258729458603
"11397","20074.16",11397,14509471,0.656662790920925
"11398","20074.16",11398,14510543,0.115579479855477
"11399","20074.16",11399,14512853,-0.00598402632685602
"11400","20074.16",11400,14514049,0.460934058027878
"11401","20074.16",11401,14516383,0.154502303264468
"11402","20074.16",11402,14520543,-0.163498284753435
"11403","20074.16",11403,14520684,0.437468283641642
"11404","20074.16",11404,14521104,0.747800383879793
"11405","20074.16",11405,14523343,0.109106992518572
"11406","20074.16",11406,14528402,-0.311678565396367
"11407","20074.16",11407,14528878,-0.575450604381542
"11408","20074.16",11408,14529396,-0.754514068857248
"11409","20074.16",11409,14536113,-0.27694982880367
"11410","20074.16",11410,14536227,-0.706790860160084
"11411","20074.16",11411,14539061,0.195755232226984
"11412","20074.16",11412,14539349,0.314917616334863
"11413","20074.16",11413,14540263,0.726991989064818
"11414","20074.16",11414,14541353,-0.254392279754594
"11415","20074.16",11415,14543749,0.179621422121339
"11416","20074.16",11416,14544453,0.409085021254742
"11417","20074.16",11417,14545076,-0.824810649746647
"11418","20074.16",11418,14547282,-0.788189065711063
"11419","20074.16",11419,14549110,-1.32837990671958
"11420","20074.16",11420,14549780,0.0951698769094609
"11421","20074.16",11421,14550309,-0.530172671808646
"11422","20074.16",11422,14555067,-0.159733392786872
"11423","20074.16",11423,14556428,-0.817616466634626
"11424","20074.16",11424,14559242,0.171382876836332
"11425","20074.16",11425,14559900,-0.96577493952785
"11426","20074.16",11426,14563310,-0.139860954138165
"11427","20074.16",11427,14566456,0.448108946198562
"11428","20074.16",11428,14570860,-0.0610426121782508
"11429","20074.16",11429,14577366,-0.963247555260474
"11430","20074.16",11430,14578068,-0.189020366915491
"11431","20074.16",11431,14580990,-0.271583849231122
"11432","20074.16",11432,14581676,0.187437908076324
"11433","20074.16",11433,14584166,0.248480694664669
"11434","20074.16",11434,14586545,-0.689030582301979
"11435","20074.16",11435,14586821,-0.130828235481092
"11436","20074.16",11436,14590019,0.564195091282433
"11437","20074.16",11437,14590787,0.0941489596713119
"11438","20074.16",11438,14593381,-0.415946425082312
"11439","20074.16",11439,14594420,-0.186606131539176
"11440","20074.16",11440,14596544,0.42359838395305
"11441","20074.16",11441,14597015,0.767070723270975
"11442","20074.16",11442,14600396,-0.167635761211105
"11443","20074.16",11443,14600586,-1.22331796604307
"11444","20074.16",11444,14606451,0.191674202477157
"11445","20074.16",11445,14610712,0.0388216606923368
"11446","20074.16",11446,14613877,-0.807057144873123
"11447","20074.16",11447,14615161,0.489502187752497
"11448","20074.16",11448,14615187,1.28900411312914
"11449","20074.16",11449,14615691,0.460044565578646
"11450","20074.16",11450,14618311,-0.275917040776916
"11451","20074.16",11451,14621535,-0.647772922731359
"11452","20074.16",11452,14621978,0.0165132703235136
"11453","20074.16",11453,14622170,-0.00758409482867783
"11454","20074.16",11454,14625335,0.509275221416574
"11455","20074.16",11455,14625895,-0.513694130714923
"11456","20074.16",11456,14628567,-0.299641094494425
"11457","20074.16",11457,14631931,-0.20337382935615
"11458","20074.16",11458,14632745,-0.980643682623036
"11459","20074.16",11459,14634217,0.286297052182728
"11460","20074.16",11460,14635640,-0.960396844221912
"11461","20074.16",11461,14636342,-0.712860475323231
"11462","20074.16",11462,14642503,-0.365631298931712
"11463","20074.16",11463,14642806,-1.68487713523894
"11464","20074.16",11464,14646869,-0.485506641627662
"11465","20074.16",11465,14648791,0.508109864026491
"11466","20074.16",11466,14649188,-0.165333695613495
"11467","20074.16",11467,14649626,0.107460647820207
"11468","20074.16",11468,14649694,-0.980311335855737
"11469","20074.16",11469,14653846,-0.24501344074404
"11470","20074.16",11470,14655814,-1.02710711779597
"11471","20074.16",11471,14656784,-0.356519345471169
"11472","20074.16",11472,14658272,-0.0898264755659293
"11473","20074.16",11473,14658960,0.0614410882118168
"11474","20074.16",11474,14662811,-0.229153457037175
"11475","20074.16",11475,14665944,0.26103189564956
"11476","20074.16",11476,14666594,0.0205939547659115
"11477","20074.16",11477,14666717,0.736690239558075
"11478","20074.16",11478,14667450,0.149691309027995
"11479","20074.16",11479,14673485,0.283692791314052
"11480","20074.16",11480,14673651,0.0564936450743136
"11481","20074.16",11481,14673897,-0.570061391110589
"11482","20074.16",11482,14675214,-0.886830576760186
"11483","20074.16",11483,14679893,-0.816947445607827
"11484","20074.16",11484,14687196,-0.164803209201327
"11485","20074.16",11485,14687879,-0.372419178811743
"11486","20074.16",11486,14690046,-0.577320914265578
"11487","20074.16",11487,14695077,0.0182434459602749
"11488","20074.16",11488,14695333,-0.760047660381999
"11489","20074.16",11489,14697357,-0.118603647433363
"11490","20074.16",11490,14697613,0.53385194223386
"11491","20074.16",11491,14697698,0.554410585199181
"11492","20074.16",11492,14698472,0.0523350380621794
"11493","20074.16",11493,14699663,0.329702018512484
"11494","20074.16",11494,14701426,0.0116382071229024
"11495","20074.16",11495,14703528,-0.190695030524822
"11496","20074.16",11496,14705702,0.160874200827718
"11497","20074.16",11497,14706822,0.427192413333995
"11498","20074.16",11498,14709858,0.171448739007335
"11499","20074.16",11499,14710247,0.596977750331006
"11500","20074.16",11500,14711395,-0.764062468168689
"11501","20074.16",11501,14712586,-0.743616582539962
"11502","20074.16",11502,14715073,-0.731165360359585
"11503","20074.16",11503,14717105,-0.713211260964269
"11504","20074.16",11504,14718981,-0.0893592577293871
"11505","20074.16",11505,14744987,-0.635832239239488
"11506","20074.16",11506,14746726,-0.085164742281723
"11507","20074.16",11507,14747103,-0.13633318135024
"11508","20074.16",11508,14751057,-1.28906678812646
"11509","20074.16",11509,14752210,0.146400606256583
"11510","20074.16",11510,14754199,0.406075965849284
"11511","20074.16",11511,14756288,-0.592495840436344
"11512","20074.16",11512,14759768,0.186334979288657
"11513","20074.16",11513,14759983,0.455473785413001
"11514","20074.16",11514,14760734,-0.291281027430777
"11515","20074.16",11515,14765215,0.670980229158538
"11516","20074.16",11516,14770633,-0.12909194101013
"11517","20074.16",11517,14777394,-0.291970357741497
"11518","20074.16",11518,14777629,-0.483772006475495
"11519","20074.16",11519,14780655,-0.785039500808701
"11520","20074.16",11520,14781395,0.207283401790169
"11521","20074.16",11521,14835068,0.0125213264969304
"11522","20074.16",11522,14888596,-0.355115772489608
"11523","20074.16",11523,14896198,-0.376981805355926
"11524","20074.16",11524,14897802,-0.856045950290848
"11525","20074.16",11525,14897817,0.399513897181115
"11526","20074.16",11526,14906859,-0.180565641597283
"11527","20074.16",11527,14929752,-0.14576990443557
"11528","20074.16",11528,14932057,-0.865624360396128
"11529","20074.16",11529,14937325,-0.232301667228938
"11530","20074.16",11530,14939341,-0.842876318720462
"11531","20074.16",11531,14951576,0.45836461221942
"11532","20074.16",11532,14963700,0.0742355321166261
"11533","20074.16",11533,14971416,-1.19179438227347
"11534","20074.16",11534,14972994,0.254734784150121
"11535","20074.16",11535,14975292,0.0140784569025749
"11536","20074.16",11536,14978970,0.14543298781762
"11537","20074.16",11537,14980978,-0.600037608755475
"11538","20074.16",11538,14989840,0.273411565855356
"11539","20074.16",11539,14989844,1.33292421724662
"11540","20074.16",11540,14989864,0.827165939428569
"11541","20074.16",11541,15048769,0.0848596845779435
"11542","20074.16",11542,15048845,0.0816263484525948
"11543","20074.16",11543,15048861,0.607827049589285
"11544","20074.16",11544,15048904,-0.740509917234232
"11545","20074.16",11545,15049338,-0.0189915530517482
"11546","20074.16",11546,15049519,-0.147962812672112
"11547","20074.16",11547,15049586,0.249036827523503
"11548","20074.16",11548,15049659,-0.14139905216569
"11549","20074.16",11549,15049886,0.339652378854326
"11550","20074.16",11550,15049982,0.278153750490968
"11551","20074.16",11551,15049999,0.489851627697759
"11552","20074.16",11552,15051758,0.0755522369276074
"11553","20074.16",11553,15051907,0.383667070327772
"11554","20074.16",11554,15052150,0.715398297259793
"11555","20074.16",11555,15053726,0.057233616215524
"11556","20074.16",11556,15053773,0.272586686052095
"11557","20074.16",11557,15053788,0.451079527853275
"11558","20074.16",11558,15053811,-0.00728131176221414
"11559","20074.16",11559,15053840,0.116861732507791
"11560","20074.16",11560,15053852,0.619874102551289
"11561","20074.16",11561,15053882,0.54406214538933
"11562","20074.16",11562,15054189,-0.0463624168429346
"11563","20074.16",11563,15054305,0.175873389367895
"11564","20074.16",11564,15054324,-0.170710612860814
"11565","20074.16",11565,15054359,-0.0642076606486661
"11566","20074.16",11566,15058359,0.916512677991409
"11567","20074.16",11567,15058835,0.631522121621313
"11568","20074.16",11568,15059346,0.320671706804695
"11569","20074.16",11569,15059678,-0.1306670235995
"11570","20074.16",11570,15059734,0.178114375779908
"11571","20074.16",11571,15059749,0.167321953122157
"11572","20074.16",11572,15060415,0.429024019162637
"11573","20074.16",11573,15060640,0.182528087072012
"11574","20074.16",11574,15060687,0.629357902119685
"11575","20074.16",11575,15063449,0.2251033135126
"11576","20074.16",11576,15063691,-0.542187700274099
"11577","20074.16",11577,15063718,0.289015503144992
"11578","20074.16",11578,15072788,-1.05062030702228
"11579","20074.16",11579,15072802,-0.71195294114778
"11580","20074.16",11580,15072910,1.02065955418555
"11581","20074.16",11581,15072959,0.58736767193824
"11582","20074.16",11582,15077481,-0.352167021309164
"11583","20074.16",11583,15080140,-0.512369112822603
"11584","20074.16",11584,15080342,1.56659083401972
"11585","20074.16",11585,15080369,-0.258107564640952
"11586","20074.16",11586,15080381,-0.776060892971424
"11587","20074.16",11587,15080456,0.605320829433441
"11588","20074.16",11588,15085685,0.292421294495358
"11589","20074.16",11589,15087172,0.176857338971993
"11590","20074.16",11590,15087173,0.30166052717077
"11591","20074.16",11591,15087174,0.315272831471428
"11592","20074.16",11592,15087175,0.321461869679342
"11593","20074.16",11593,15087176,0.191886556516934
"11594","20074.16",11594,15087177,-0.0465443651556248
"11595","20074.16",11595,15087178,0.115951594816101
"11596","20074.16",11596,15094301,-0.64393677560988
"11597","20074.16",11597,15094369,0.363849124422377
"11598","20074.16",11598,15094443,0.167212689714359
"11599","20074.16",11599,15094587,-0.805433739176716
"11600","20074.16",11600,15094639,0.618073488531853
"11601","20074.16",11601,15094709,0.403663457098349
"11602","20074.16",11602,15103677,-0.791775983979735
"11603","20074.16",11603,15106264,-0.324574576837824
"11604","20074.16",11604,15108588,0.578387387112222
"11605","20074.16",11605,15116258,-0.430532588079945
"11606","20074.16",11606,15125441,-0.68303618160089
"11607","20074.16",11607,15126890,0.9490438019458
"11608","20074.16",11608,15127986,0.969201191608419
"11609","20074.16",11609,15129906,-0.711759353408231
"11610","20074.16",11610,15129940,-0.127149903562506
"11611","20074.16",11611,15129970,-1.27441705667594
"11612","20074.16",11612,15134375,0.771438131849055
"11613","20074.16",11613,15134826,-0.290994256038794
"11614","20074.16",11614,15135943,1.07840733382567
"11615","20074.16",11615,15137219,-1.23111047111697
"11616","20074.16",11616,15140211,0.00735346273473869
"11617","20074.16",11617,15148150,0.433316369410719
"11618","20074.16",11618,15148405,0.238442750349126
"11619","20074.16",11619,15151361,0.228191557788395
"11620","20074.16",11620,15152927,-0.478126258333403
"11621","20074.16",11621,15153426,-1.11835632778664
"11622","20074.16",11622,15153717,0.823681743172986
"11623","20074.16",11623,15154370,0.147650522220188
"11624","20074.16",11624,15154898,1.19234765216302
"11625","20074.16",11625,15156165,-0.327675141907337
"11626","20074.16",11626,15158600,-0.65482728383685
"11627","20074.16",11627,15159924,-0.54003278224579
"11628","20074.16",11628,15160751,0.0536224042281006
"11629","20074.16",11629,15163011,-1.09560231967244
"11630","20074.16",11630,15171161,0.327787283715812
"11631","20074.16",11631,15173099,0.146472006798903
"11632","20074.16",11632,15175043,0.106824127359904
"11633","20074.16",11633,15177943,0.412938806227229
"11634","20074.16",11634,15180636,0.187966167442541
"11635","20074.16",11635,15181286,0.188160987083842
"11636","20074.16",11636,15184316,0.163631822840866
"11637","20074.16",11637,15186080,0.121125648287645
"11638","20074.16",11638,15194063,0.868651043533291
"11639","20074.16",11639,15241295,-0.806938010637261
"11640","20074.16",11640,15241309,-0.0241423693664053
"11641","20074.16",11641,15256053,0.288926019855603
"11642","20074.16",11642,15258907,0.398490615325955
"11643","20074.16",11643,15260737,-0.345539507074083
"11644","20074.16",11644,15265176,-0.311589236434651
"11645","20074.16",11645,15265607,-1.1322190804069
"11646","20074.16",11646,15270219,-0.196850489793862
"11647","20074.16",11647,15278819,0.468012459286306
"11648","20074.16",11648,15286688,-0.154014003325382
"11649","20074.16",11649,15290770,-0.300706303583541
"11650","20074.16",11650,15304099,0.452199367532715
"11651","20074.16",11651,15316690,-0.017107816604315
"11652","20074.16",11652,15316727,0.0395773232810779
"11653","20074.16",11653,15351683,-0.529204511556066
"11654","20074.16",11654,15358460,-0.774708589608383
"11655","20074.16",11655,15364696,1.05126068409559
"11656","20074.16",11656,15375719,0.668532287054183
"11657","20074.16",11657,15398885,0.454526682394893
"11658","20074.16",11658,15399915,-0.881207739394287
"11659","20074.16",11659,15405516,-0.8221315714704
"11660","20074.16",11660,15406428,-0.295545846664722
"11661","20074.16",11661,15416511,0.0240258411930281
"11662","20074.16",11662,15481935,0.120565934211888
"11663","20074.16",11663,15487150,-0.243100268402106
"11664","20074.16",11664,15491127,1.13587275482815
"11665","20074.16",11665,15491400,-0.348480427329982
"11666","20074.16",11666,15494887,-0.869327174324941
"11667","20074.16",11667,15495459,-0.652981766843693
"11668","20074.16",11668,15496158,-0.176579863414144
"11669","20074.16",11669,15498807,0.800152842319185
"11670","20074.16",11670,15499057,-0.0619373955585667
"11671","20074.16",11671,15499221,-1.36167188161053
"11672","20074.16",11672,15501099,-0.356981844929653
"11673","20074.16",11673,15504781,-0.206516012959725
"11674","20074.16",11674,15507913,0.196782493006184
"11675","20074.16",11675,15509096,0.445526774330301
"11676","20074.16",11676,15509605,0.0937043009230498
"11677","20074.16",11677,15512575,0.413721713152303
"11678","20074.16",11678,15516148,0.387070578829813
"11679","20074.16",11679,15519059,-0.851357949936407
"11680","20074.16",11680,15519534,-0.496715761020866
"11681","20074.16",11681,15528254,0.204283318386258
"11682","20074.16",11682,15531118,-0.515749993478382
"11683","20074.16",11683,15532629,-0.193993905785968
"11684","20074.16",11684,15533024,0.347571873155371
"11685","20074.16",11685,15534282,0.117777304816077
"11686","20074.16",11686,15535878,-0.187037115582145
"11687","20074.16",11687,15538271,0.00581035302916266
"11688","20074.16",11688,15538719,0.109424271508467
"11689","20074.16",11689,15540541,-0.578252320325678
"11690","20074.16",11690,15542199,-0.288795876576723
"11691","20074.16",11691,15544282,-0.317929325692433
"11692","20074.16",11692,15544689,-0.0603087493685814
"11693","20074.16",11693,15545022,1.12160847594004
"11694","20074.16",11694,15548844,-0.13493321144856
"11695","20074.16",11695,15549742,-0.691246430505443
"11696","20074.16",11696,15549757,0.520408864448151
"11697","20074.16",11697,15556344,0.0963874772329554
"11698","20074.16",11698,15556503,0.737435645251792
"11699","20074.16",11699,15557276,-0.257488679964507
"11700","20074.16",11700,15557623,-0.840626739852475
"11701","20074.16",11701,15558342,0.380845335289419
"11702","20074.16",11702,15559566,0.0619921454564345
"11703","20074.16",11703,15559682,-0.240366494411578
"11704","20074.16",11704,15563773,-0.621347782911404
"11705","20074.16",11705,15564329,-0.376747724305491
"11706","20074.16",11706,15568882,0.486631508788956
"11707","20074.16",11707,15569829,-1.22437704449419
"11708","20074.16",11708,15571344,0.115338073002428
"11709","20074.16",11709,15571594,-0.455523024780045
"11710","20074.16",11710,15573518,-0.133993451474109
"11711","20074.16",11711,15574711,-0.846600627137931
"11712","20074.16",11712,15595636,0.00286245925672191
"11713","20074.16",11713,15597682,-0.315819241681709
"11714","20074.16",11714,15597947,0.830493217846532
"11715","20074.16",11715,15601368,-0.372308642981137
"11716","20074.16",11716,15601603,0.744867207274013
"11717","20074.16",11717,15601620,0.520565889275306
"11718","20074.16",11718,15602203,-0.458227648876211
"11719","20074.16",11719,15603580,-1.0022023232091
"11720","20074.16",11720,15606987,-0.119825833688154
"11721","20074.16",11721,15611549,0.093644972228379
"11722","20074.16",11722,15615889,0.524029684590453
"11723","20074.16",11723,15616120,0.323939800931554
"11724","20074.16",11724,15618114,0.157943919417733
"11725","20074.16",11725,15628746,-0.120900761698986
"11726","20074.16",11726,15630449,0.0885500467432951
"11727","20074.16",11727,15634574,0.485352835054786
"11728","20074.16",11728,15635219,1.14182412542956
"11729","20074.16",11729,15637200,0.628995517667014
"11730","20074.16",11730,15637325,-1.14680616432064
"11731","20074.16",11731,15637829,0.256855183290393
"11732","20074.16",11732,15640815,0.349308897428604
"11733","20074.16",11733,15646636,-0.477403987177561
"11734","20074.16",11734,15647371,-0.209184885603343
"11735","20074.16",11735,15654018,-0.282261747726232
"11736","20074.16",11736,15655572,-0.485927738971353
"11737","20074.16",11737,15658648,0.101904126902325
"11738","20074.16",11738,15658715,1.02231689890348
"11739","20074.16",11739,15661789,0.932562337531517
"11740","20074.16",11740,15661814,0.530841113331737
"11741","20074.16",11741,15661823,0.398757466268761
"11742","20074.16",11742,15675637,0.283715778588122
"11743","20074.16",11743,15675836,0.219419019417875
"11744","20074.16",11744,15676764,-0.305365284712954
"11745","20074.16",11745,15680015,0.151004160232327
"11746","20074.16",11746,15680642,0.500656206654068
"11747","20074.16",11747,15680852,-1.01828489474758
"11748","20074.16",11748,15683758,-1.00310977558677
"11749","20074.16",11749,15687854,0.259601098148617
"11750","20074.16",11750,15688742,-0.307018760258138
"11751","20074.16",11751,15691603,0.445944706611123
"11752","20074.16",11752,15693665,-0.516866993723279
"11753","20074.16",11753,15693678,-0.167066055290786
"11754","20074.16",11754,15693717,-1.63601031384913
"11755","20074.16",11755,15693859,0.267882900153292
"11756","20074.16",11756,15694872,-0.66411319093494
"11757","20074.16",11757,15695675,-0.362083813641324
"11758","20074.16",11758,15697033,-0.168697702562952
"11759","20074.16",11759,15697417,0.646119158587919
"11760","20074.16",11760,15697549,0.901236518940448
"11761","20074.16",11761,15699584,-0.116266905463648
"11762","20074.16",11762,15701769,-0.693531096100851
"11763","20074.16",11763,15711142,0.053550450698233
"11764","20074.16",11764,15713434,-0.192644297415833
"11765","20074.16",11765,15713512,0.793503201049641
"11766","20074.16",11766,15714105,-0.379600261117575
"11767","20074.16",11767,15717577,0.414037814380094
"11768","20074.16",11768,15717646,-0.145846274960497
"11769","20074.16",11769,15718204,-0.247869154193816
"11770","20074.16",11770,15719100,-0.035278912435678
"11771","20074.16",11771,15725052,-0.588697215758557
"11772","20074.16",11772,15725314,-0.291316108301902
"11773","20074.16",11773,15729535,-0.202961586188787
"11774","20074.16",11774,15729621,0.391158862735595
"11775","20074.16",11775,15729731,-0.383453914047886
"11776","20074.16",11776,15730089,0.11851551578262
"11777","20074.16",11777,15732092,-0.0866877740890715
"11778","20074.16",11778,15733733,0.803722460717338
"11779","20074.16",11779,15733734,0.738903297337628
"11780","20074.16",11780,15734125,-0.370877489852081
"11781","20074.16",11781,15734706,-0.535338421832235
"11782","20074.16",11782,15742210,0.318433888677144
"11783","20074.16",11783,15746466,-0.0691988455369721
"11784","20074.16",11784,15747070,0.351686810504098
"11785","20074.16",11785,15747112,-0.105216524842706
"11786","20074.16",11786,15748590,0.197229075050809
"11787","20074.16",11787,15750257,-0.638136577271023
"11788","20074.16",11788,15752835,0.75977418451624
"11789","20074.16",11789,15753087,0.175228662104266
"11790","20074.16",11790,15754468,0.26122433348134
"11791","20074.16",11791,15754645,-0.0909926000996801
"11792","20074.16",11792,15756963,-0.631246656223716
"11793","20074.16",11793,15757599,-0.443465281551205
"11794","20074.16",11794,15760000,-0.90281633469736
"11795","20074.16",11795,15761267,0.367934966216676
"11796","20074.16",11796,15761377,0.224502154002455
"11797","20074.16",11797,15761433,-0.0871816031570791
"11798","20074.16",11798,15761447,0.417223472610652
"11799","20074.16",11799,15761754,0.244622709458464
"11800","20074.16",11800,15761783,0.361197481328873
"11801","20074.16",11801,15761917,-0.867320006125847
"11802","20074.16",11802,15765403,-0.274538482104335
"11803","20074.16",11803,15766826,0.654206473070354
"11804","20074.16",11804,15767934,-0.556377860214655
"11805","20074.16",11805,15769749,0.365029716463721
"11806","20074.16",11806,15775080,-0.74116436233192
"11807","20074.16",11807,15775990,1.10793122847308
"11808","20074.16",11808,15776515,0.59053819726032
"11809","20074.16",11809,15777009,-1.53713201800716
"11810","20074.16",11810,15780265,-1.01340487602601
"11811","20074.16",11811,15780367,0.0595863462093726
"11812","20074.16",11812,15781054,-0.0285700155119306
"11813","20074.16",11813,15781383,-1.97752449728437
"11814","20074.16",11814,15787823,-0.674268484254076
"11815","20074.16",11815,15787960,0.149897808726165
"11816","20074.16",11816,15792979,0.210774005638996
"11817","20074.16",11817,15793443,0.186880999617636
"11818","20074.16",11818,15793488,0.362086394702327
"11819","20074.16",11819,15795338,-0.585721236711888
"11820","20074.16",11820,15795472,-0.0137459194272465
"11821","20074.16",11821,15796037,0.0481034006400796
"11822","20074.16",11822,15799527,-0.0695171271575683
"11823","20074.16",11823,15801371,-0.439690846757272
"11824","20074.16",11824,15802098,-0.765117672314217
"11825","20074.16",11825,15802334,0.302383020901449
"11826","20074.16",11826,15803656,-0.882232489073542
"11827","20074.16",11827,15805884,0.395037176194111
"11828","20074.16",11828,15807677,-0.370736441861567
"11829","20074.16",11829,15809395,-0.779075986974274
"11830","20074.16",11830,15810110,0.527350124095279
"11831","20074.16",11831,15810221,0.715219665816503
"11832","20074.16",11832,15810291,0.0114977473227897
"11833","20074.16",11833,15811062,0.573433463674564
"11834","20074.16",11834,15811662,0.326202875470536
"11835","20074.16",11835,15813633,-0.0321623948564049
"11836","20074.16",11836,15813766,-0.728219384704996
"11837","20074.16",11837,15813945,0.19967991688314
"11838","20074.16",11838,15814710,-0.584140954463513
"11839","20074.16",11839,15818141,-0.493356980189038
"11840","20074.16",11840,15819407,-0.71633359089919
"11841","20074.16",11841,15822429,0.0801093251874239
"11842","20074.16",11842,15823109,-0.226504725139961
"11843","20074.16",11843,15823956,0.482632060286739
"11844","20074.16",11844,15827955,-0.074665001757591
"11845","20074.16",11845,15828509,-0.226613706059491
"11846","20074.16",11846,15828524,0.117963900800206
"11847","20074.16",11847,15829308,-0.203119086962036
"11848","20074.16",11848,15829536,0.099242265713161
"11849","20074.16",11849,15830735,0.259781529263551
"11850","20074.16",11850,15835815,0.511286964409844
"11851","20074.16",11851,15837479,-0.129907298190548
"11852","20074.16",11852,15837786,-0.990849326248749
"11853","20074.16",11853,15839034,-0.415846179435092
"11854","20074.16",11854,15841830,-0.680058428629656
"11855","20074.16",11855,15842320,0.219278305169399
"11856","20074.16",11856,15843175,0.515529156027507
"11857","20074.16",11857,15843382,-0.374465801901412
"11858","20074.16",11858,15843441,0.0505783543789091
"11859","20074.16",11859,15845362,0.266813603909708
"11860","20074.16",11860,15845375,0.81110886153936
"11861","20074.16",11861,15847560,-0.535996583967115
"11862","20074.16",11862,15847781,-0.178696929976386
"11863","20074.16",11863,15850204,-0.323000055226297
"11864","20074.16",11864,15853554,-0.456873478527251
"11865","20074.16",11865,15853579,-0.339533280022144
"11866","20074.16",11866,15855802,0.246408522842766
"11867","20074.16",11867,15858088,-1.05754288979191
"11868","20074.16",11868,15858169,-0.317989060619592
"11869","20074.16",11869,15859279,0.177370083598281
"11870","20074.16",11870,15864284,0.184250368733289
"11871","20074.16",11871,15865472,0.244496364280429
"11872","20074.16",11872,15869343,0.677224606551778
"11873","20074.16",11873,15869525,0.0144809747935488
"11874","20074.16",11874,15869801,0.842002682363938
"11875","20074.16",11875,15869828,-0.568485666861409
"11876","20074.16",11876,15871568,-0.03445176100852
"11877","20074.16",11877,15871897,0.121170433064459
"11878","20074.16",11878,15872073,0.0375291507605269
"11879","20074.16",11879,15872319,0.0521019428722944
"11880","20074.16",11880,15872867,0.555303718243082
"11881","20074.16",11881,15873593,-0.28686997261533
"11882","20074.16",11882,15873798,-0.458910050242209
"11883","20074.16",11883,15874193,-0.74058280124098
"11884","20074.16",11884,15877074,-0.247718174986702
"11885","20074.16",11885,15877411,0.722942894807205
"11886","20074.16",11886,15877979,0.396096550386248
"11887","20074.16",11887,15878153,0.096319970744445
"11888","20074.16",11888,15878252,-0.0613485019707554
"11889","20074.16",11889,15879090,0.370114511489434
"11890","20074.16",11890,15879373,-0.0896329774702869
"11891","20074.16",11891,15879455,-0.0485236921708809
"11892","20074.16",11892,15879458,0.351719280006985
"11893","20074.16",11893,15880010,0.0777567254960827
"11894","20074.16",11894,15886243,-0.0511868643298152
"11895","20074.16",11895,15886542,-0.314861534636641
"11896","20074.16",11896,15887128,0.251596327999986
"11897","20074.16",11897,15890017,0.0310100477044459
"11898","20074.16",11898,15890037,0.357930091583639
"11899","20074.16",11899,15890890,0.572295444463861
"11900","20074.16",11900,15891280,-0.143968540982957
"11901","20074.16",11901,15892160,0.489915667544797
"11902","20074.16",11902,15892224,0.154781840374492
"11903","20074.16",11903,15895129,-0.909856676668173
"11904","20074.16",11904,15896268,0.1925214815798
"11905","20074.16",11905,15898960,0.127503166890984
"11906","20074.16",11906,15907396,0.245688602314396
"11907","20074.16",11907,15907655,0.014353666512755
"11908","20074.16",11908,15910250,0.419506418400059
"11909","20074.16",11909,15910406,-0.200098469458847
"11910","20074.16",11910,15910474,-0.118369511088851
"11911","20074.16",11911,15910539,-0.841975820351825
"11912","20074.16",11912,15910628,-0.859846054327006
"11913","20074.16",11913,15910743,-0.366254747276169
"11914","20074.16",11914,15912795,-0.0389002672269667
"11915","20074.16",11915,15912814,0.334436297733087
"11916","20074.16",11916,15913776,0.779573509729
"11917","20074.16",11917,15913796,-0.126837462422941
"11918","20074.16",11918,15914474,-0.394678297932092
"11919","20074.16",11919,15917197,-0.742134592288152
"11920","20074.16",11920,15917321,-1.16515401859004
"11921","20074.16",11921,15918960,0.240200672705233
"11922","20074.16",11922,15919618,-1.25376784516931
"11923","20074.16",11923,15921223,-0.0271887194135667
"11924","20074.16",11924,15921525,-0.366937187466704
"11925","20074.16",11925,15925211,-0.402059333068124
"11926","20074.16",11926,15925450,-0.300160154995644
"11927","20074.16",11927,15927542,-0.81076005297827
"11928","20074.16",11928,15931370,0.0290284734736419
"11929","20074.16",11929,15936443,-0.513939871673144
"11930","20074.16",11930,15937673,0.428717014517438
"11931","20074.16",11931,15941840,-0.570819431598725
"11932","20074.16",11932,15945029,-0.354609699573501
"11933","20074.16",11933,15946749,0.525727109918496
"11934","20074.16",11934,15946778,0.769281590682122
"11935","20074.16",11935,15948632,-0.679928557476238
"11936","20074.16",11936,15949087,0.235792925481308
"11937","20074.16",11937,15949562,0.349539381854842
"11938","20074.16",11938,15949647,0.417227242241002
"11939","20074.16",11939,15950592,0.0417330718360187
"11940","20074.16",11940,15951210,-0.949872686276802
"11941","20074.16",11941,15955110,0.792242555857674
"11942","20074.16",11942,15955130,0.573175520873574
"11943","20074.16",11943,15958090,0.43548352673715
"11944","20074.16",11944,15959249,-0.0481591526610119
"11945","20074.16",11945,15963501,0.442311451882731
"11946","20074.16",11946,15963623,-0.395537289996576
"11947","20074.16",11947,15968242,-0.0751190970277511
"11948","20074.16",11948,15970009,-1.02115554977503
"11949","20074.16",11949,15970817,0.324371933962138
"11950","20074.16",11950,15972141,0.196674613029638
"11951","20074.16",11951,15980509,0.877610384877591
"11952","20074.16",11952,15980684,-0.0246790266450425
"11953","20074.16",11953,15980825,-0.355703874211237
"11954","20074.16",11954,15985901,-1.00938188546774
"11955","20074.16",11955,15986134,-0.461452145679348
"11956","20074.16",11956,15987269,-0.597607257683169
"11957","20074.16",11957,15987876,-0.203491778907474
"11958","20074.16",11958,15989536,-0.669869494481494
"11959","20074.16",11959,15990626,-0.414895478057949
"11960","20074.16",11960,15991581,-0.967832204825813
"11961","20074.16",11961,15994674,0.00674443518110746
"11962","20074.16",11962,15994916,0.338324050757655
"11963","20074.16",11963,15996525,-0.151413589024147
"11964","20074.16",11964,15996556,0.789320509649593
"11965","20074.16",11965,15996995,-0.221495233817291
"11966","20074.16",11966,15998872,0.0116275720351311
"11967","20074.16",11967,15999806,-0.751064544512404
"11968","20074.16",11968,16001084,-0.00280906141164206
"11969","20074.16",11969,16001498,-0.75153463324782
"11970","20074.16",11970,16005568,0.163119418974047
"11971","20074.16",11971,16010584,0.285357631493816
"11972","20074.16",11972,16014269,0.0699621139497815
"11973","20074.16",11973,16014863,-0.877348022481026
"11974","20074.16",11974,16017504,-1.09941594683157
"11975","20074.16",11975,16024037,-0.334186836729382
"11976","20074.16",11976,16025664,-0.431270011682858
"11977","20074.16",11977,16026137,-0.320551807406008
"11978","20074.16",11978,16029216,0.155047075977246
"11979","20074.16",11979,16030459,-1.20040394319116
"11980","20074.16",11980,16032790,-0.509488437238152
"11981","20074.16",11981,16032939,0.222882897693894
"11982","20074.16",11982,16037962,-0.507511778090248
"11983","20074.16",11983,16040226,0.0487596580460448
"11984","20074.16",11984,16041833,-0.0116618951731615
"11985","20074.16",11985,16047327,-0.657231798005367
"11986","20074.16",11986,16049633,-0.130953602615697
"11987","20074.16",11987,16052973,0.427948297100985
"11988","20074.16",11988,16054650,-0.131883932219387
"11989","20074.16",11989,16054694,0.252086425149996
"11990","20074.16",11990,16054844,0.35110232937294
"11991","20074.16",11991,16056257,0.590290166224224
"11992","20074.16",11992,16056335,-0.416278750761167
"11993","20074.16",11993,16059840,-0.375085527068361
"11994","20074.16",11994,16060394,1.69426155061322
"11995","20074.16",11995,16060410,-0.32195785713574
"11996","20074.16",11996,16060652,0.974956178346852
"11997","20074.16",11997,16060915,0.65916744552681
"11998","20074.16",11998,16060994,-0.236869482942238
"11999","20074.16",11999,16062925,-0.379481627631659
"12000","20074.16",12000,16064760,0.178445292225883
"12001","20074.16",12001,16065401,0.0217719658302071
"12002","20074.16",12002,16066490,-0.471881442850306
"12003","20074.16",12003,16068437,0.5976347801921
"12004","20074.16",12004,16069986,-0.0850461014664656
"12005","20074.16",12005,16071849,0.0072566112451895
"12006","20074.16",12006,16071919,0.141221150707494
"12007","20074.16",12007,16072641,0.0751027151783834
"12008","20074.16",12008,16073437,0.414099589080331
"12009","20074.16",12009,16073770,0.2434440938109
"12010","20074.16",12010,16075608,0.572753880128734
"12011","20074.16",12011,16076771,0.620010152043377
"12012","20074.16",12012,16076791,0.530090662690177
"12013","20074.16",12013,16077224,0.0517035858233008
"12014","20074.16",12014,16077874,-0.419927410684155
"12015","20074.16",12015,16079070,-0.451535685131727
"12016","20074.16",12016,16079201,0.586855038608555
"12017","20074.16",12017,16081123,0.69135618723102
"12018","20074.16",12018,16081701,-0.000532952061088388
"12019","20074.16",12019,16082128,1.03756072066682
"12020","20074.16",12020,16082301,0.00779635928025346
"12021","20074.16",12021,16082907,-0.980270369243975
"12022","20074.16",12022,16083372,0.313236508659929
"12023","20074.16",12023,16084204,0.344822037660145
"12024","20074.16",12024,16084930,-0.24615731451442
"12025","20074.16",12025,16084972,-0.12614113544316
"12026","20074.16",12026,16085551,0.191262477265163
"12027","20074.16",12027,16085635,0.0721911416916523
"12028","20074.16",12028,16088358,-1.12316327193612
"12029","20074.16",12029,16090616,-0.0560109926767431
"12030","20074.16",12030,16095626,-0.334805123270951
"12031","20074.16",12031,16096133,-0.880509329692837
"12032","20074.16",12032,16098162,-0.0281319580020263
"12033","20074.16",12033,16098368,-1.16349175706157
"12034","20074.16",12034,16098475,0.32410880459484
"12035","20074.16",12035,16099160,-0.749922192740833
"12036","20074.16",12036,16103167,0.831390345953039
"12037","20074.16",12037,16103232,0.472331204520748
"12038","20074.16",12038,16105482,-0.504080835172109
"12039","20074.16",12039,16105965,-0.708255332422055
"12040","20074.16",12040,16106851,0.329249144462142
"12041","20074.16",12041,16107449,-0.260126615011385
"12042","20074.16",12042,16110955,0.486702893410508
"12043","20074.16",12043,16111437,0.672494493434489
"12044","20074.16",12044,16111660,-0.194860691459582
"12045","20074.16",12045,16111917,-0.252322226506622
"12046","20074.16",12046,16114816,0.031074204536548
"12047","20074.16",12047,16114892,-0.220604529564707
"12048","20074.16",12048,16117860,-0.931814077663295
"12049","20074.16",12049,16119024,0.096373363674175
"12050","20074.16",12050,16119523,0.222549175561728
"12051","20074.16",12051,16119820,0.607791639722222
"12052","20074.16",12052,16123953,-0.881422336381044
"12053","20074.16",12053,16124008,0.610580410160535
"12054","20074.16",12054,16125325,0.59802474328088
"12055","20074.16",12055,16125571,-0.508606544302886
"12056","20074.16",12056,16126475,0.0306574842006544
"12057","20074.16",12057,16127235,-0.0473730332326268
"12058","20074.16",12058,16127306,0.188216097138954
"12059","20074.16",12059,16128189,-0.146364572918014
"12060","20074.16",12060,16131018,-0.229544306608298
"12061","20074.16",12061,16131073,0.277750009357983
"12062","20074.16",12062,16132229,-0.294134021486069
"12063","20074.16",12063,16132332,0.229108976127586
"12064","20074.16",12064,16132880,-0.784141510923424
"12065","20074.16",12065,16133482,-0.821196266587719
"12066","20074.16",12066,16135162,-0.223278705656356
"12067","20074.16",12067,16140041,0.297417638230306
"12068","20074.16",12068,16140510,0.00649775086977566
"12069","20074.16",12069,16141553,-0.989676628083064
"12070","20074.16",12070,16141823,0.878602557991631
"12071","20074.16",12071,16142358,0.873374369197768
"12072","20074.16",12072,16142373,-0.0920107462872704
"12073","20074.16",12073,16143944,-0.515285987101802
"12074","20074.16",12074,16146576,-0.383289720562189
"12075","20074.16",12075,16146795,0.447663019836189
"12076","20074.16",12076,16146946,0.0185429109287796
"12077","20074.16",12077,16149871,-0.122127641869806
"12078","20074.16",12078,16149950,-0.81758445557872
"12079","20074.16",12079,16150208,0.326056105576577
"12080","20074.16",12080,16151922,0.0419070180298382
"12081","20074.16",12081,16152465,0.99003760791486
"12082","20074.16",12082,16152940,0.497976054817955
"12083","20074.16",12083,16153220,0.314090202849994
"12084","20074.16",12084,16155168,-1.17783392688604
"12085","20074.16",12085,16155581,-0.751690714641867
"12086","20074.16",12086,16158034,0.547639884961677
"12087","20074.16",12087,16158971,-0.27748558508265
"12088","20074.16",12088,16159061,0.136874253487746
"12089","20074.16",12089,16159628,-0.06393239129482
"12090","20074.16",12090,16160353,-0.0512000315254957
"12091","20074.16",12091,16163273,-0.769946261235043
"12092","20074.16",12092,16164065,0.486616443883096
"12093","20074.16",12093,16168608,-0.0239897725868286
"12094","20074.16",12094,16169103,0.161911579013745
"12095","20074.16",12095,16169465,-0.337920201692827
"12096","20074.16",12096,16169566,-0.0341210300629475
"12097","20074.16",12097,16170477,0.344583263514699
"12098","20074.16",12098,16170568,0.6507061069741
"12099","20074.16",12099,16170615,0.000666782929503285
"12100","20074.16",12100,16171005,-0.512865138143039
"12101","20074.16",12101,16171106,0.508503371815741
"12102","20074.16",12102,16171148,0.116677324384967
"12103","20074.16",12103,16171254,0.0509197857980279
"12104","20074.16",12104,16171442,-0.106572484092213
"12105","20074.16",12105,16182047,-0.689285316326802
"12106","20074.16",12106,16182928,-1.81920106258294
"12107","20074.16",12107,16184036,-0.336011894615972
"12108","20074.16",12108,16187175,0.397197396190141
"12109","20074.16",12109,16187364,-0.514741894003442
"12110","20074.16",12110,16188326,-0.429813097894336
"12111","20074.16",12111,16188363,-0.119107483604849
"12112","20074.16",12112,16189204,-1.01732802736764
"12113","20074.16",12113,16191285,-0.0492931341415002
"12114","20074.16",12114,16191699,-0.355860918225171
"12115","20074.16",12115,16193125,-0.710777983529921
"12116","20074.16",12116,16194638,0.742166102865165
"12117","20074.16",12117,16195311,-0.462814026919133
"12118","20074.16",12118,16195565,0.656822573570811
"12119","20074.16",12119,16195634,-0.588024589760876
"12120","20074.16",12120,16195898,1.3597978876407
"12121","20074.16",12121,16197117,0.1909141871641
"12122","20074.16",12122,16198256,0.212491342716615
"12123","20074.16",12123,16201837,-0.72239783302788
"12124","20074.16",12124,16201885,0.401088943495398
"12125","20074.16",12125,16203345,0.283891107485361
"12126","20074.16",12126,16203760,-0.259533212907641
"12127","20074.16",12127,16206901,-0.320097617282641
"12128","20074.16",12128,16207582,0.483824155719796
"12129","20074.16",12129,16208683,-0.459759379748134
"12130","20074.16",12130,16208814,-0.629429046858546
"12131","20074.16",12131,16210981,-0.00920827317757933
"12132","20074.16",12132,16211811,0.0894352866790227
"12133","20074.16",12133,16212104,0.650583214797796
"12134","20074.16",12134,16218841,-0.00293113910737386
"12135","20074.16",12135,16220126,-0.246163977343588
"12136","20074.16",12136,16220746,0.0144474764006688
"12137","20074.16",12137,16220858,-0.0876885403769423
"12138","20074.16",12138,16222005,-1.32084821410325
"12139","20074.16",12139,16225971,-0.503039516856746
"12140","20074.16",12140,16226693,0.950481572782448
"12141","20074.16",12141,16226813,-0.287850026261804
"12142","20074.16",12142,16227568,-0.283297655274025
"12143","20074.16",12143,16229238,-0.246942851153127
"12144","20074.16",12144,16229735,0.248946523579105
"12145","20074.16",12145,16229806,0.371760064859779
"12146","20074.16",12146,16230290,0.935081656310603
"12147","20074.16",12147,16230858,-0.465994989465924
"12148","20074.16",12148,16232081,-1.52968168042619
"12149","20074.16",12149,16237720,-0.837961563428802
"12150","20074.16",12150,16237754,0.17827279206895
"12151","20074.16",12151,16238584,1.03942481220386
"12152","20074.16",12152,16239187,-0.557373597212101
"12153","20074.16",12153,16243467,-0.130368317486097
"12154","20074.16",12154,16244129,-0.19481820072537
"12155","20074.16",12155,16244188,0.60711796245294
"12156","20074.16",12156,16245729,0.25512761113193
"12157","20074.16",12157,16247471,-0.114297846960019
"12158","20074.16",12158,16247833,0.62808705639008
"12159","20074.16",12159,16248321,0.107093338188808
"12160","20074.16",12160,16251586,0.0206380386482614
"12161","20074.16",12161,16251738,0.131375858154341
"12162","20074.16",12162,16254004,0.363651595280992
"12163","20074.16",12163,16254766,-0.123087892146327
"12164","20074.16",12164,16255205,-0.378927213617677
"12165","20074.16",12165,16256255,-0.966214688586308
"12166","20074.16",12166,16256678,0.93118844058156
"12167","20074.16",12167,16256767,0.808262130552371
"12168","20074.16",12168,16258290,-1.05761419498431
"12169","20074.16",12169,16262019,-0.799300249166445
"12170","20074.16",12170,16262560,-0.410167900429169
"12171","20074.16",12171,16263150,0.852181761748738
"12172","20074.16",12172,16263361,0.320063724006475
"12173","20074.16",12173,16263714,-0.234205981872082
"12174","20074.16",12174,16263837,-0.338758497948895
"12175","20074.16",12175,16264098,0.585034690716134
"12176","20074.16",12176,16264416,-0.0592391801091718
"12177","20074.16",12177,16268230,-0.661983742783542
"12178","20074.16",12178,16268313,0.432054856401387
"12179","20074.16",12179,16270046,-0.224690586100079
"12180","20074.16",12180,16270174,0.381513047406981
"12181","20074.16",12181,16270850,0.877815010881505
"12182","20074.16",12182,16270904,0.17933785959864
"12183","20074.16",12183,16271409,-1.09887422351923
"12184","20074.16",12184,16271473,-0.485647288403924
"12185","20074.16",12185,16272416,-0.240665177082036
"12186","20074.16",12186,16272508,0.367819732712284
"12187","20074.16",12187,16273750,-0.396572457812389
"12188","20074.16",12188,16274206,0.979486111085772
"12189","20074.16",12189,16277208,-0.92697904357495
"12190","20074.16",12190,16278146,0.376238635483044
"12191","20074.16",12191,16279960,-0.511101652264269
"12192","20074.16",12192,16280776,-0.451201626056087
"12193","20074.16",12193,16282307,0.329200024199431
"12194","20074.16",12194,16282321,0.840786007379601
"12195","20074.16",12195,16290242,0.84146862396643
"12196","20074.16",12196,16290377,0.544130314124744
"12197","20074.16",12197,16290495,0.541191871960959
"12198","20074.16",12198,16293319,-0.08218068646363
"12199","20074.16",12199,16294719,-1.01788840261636
"12200","20074.16",12200,16295808,0.482566656306859
"12201","20074.16",12201,16295913,0.17194312432077
"12202","20074.16",12202,16330491,-0.893492268329073
"12203","20074.16",12203,16340441,0.964499094290562
"12204","20074.16",12204,16353166,-0.750793579129853
"12205","20074.16",12205,16362363,0.445510612378464
"12206","20074.16",12206,16363226,-2.24164077044402
"12207","20074.16",12207,16377663,0.400973693810516
"12208","20074.16",12208,16513092,-0.488616585070069
"12209","20074.16",12209,16513280,-0.0958818619299278
"12210","20074.16",12210,16513639,-0.599585919875167
"12211","20074.16",12211,16529592,0.531493541314537
"12212","20074.16",12212,16538226,0.768378571785745
"12213","20074.16",12213,16543820,-0.37394475491917
"12214","20074.16",12214,16555854,-0.73844040328379
"12215","20074.16",12215,16567885,0.0240434312391633
"12216","20074.16",12216,16568201,-0.351921071966386
"12217","20074.16",12217,16585265,-0.584154508168865
"12218","20074.16",12218,16592714,-0.823134558304979
"12219","20074.16",12219,16628063,0.148806457755455
"12220","20074.16",12220,16631307,0.977398509494198
"12221","20074.16",12221,16633361,-0.0618676711328616
"12222","20074.16",12222,16633572,0.0419762932582604
"12223","20074.16",12223,16635049,0.851625092224544
"12224","20074.16",12224,16635616,-0.542911154383489
"12225","20074.16",12225,16644243,-0.208979593686437
"12226","20074.16",12226,16652700,0.0529161210823581
"12227","20074.16",12227,16656976,-0.495600006329187
"12228","20074.16",12228,16657461,-1.19118633571598
"12229","20074.16",12229,16662237,1.3217984331391
"12230","20074.16",12230,16663577,0.134288009152333
"12231","20074.16",12231,16666984,-0.708515445241387
"12232","20074.16",12232,16667919,-0.089832874766711
"12233","20074.16",12233,16668524,0.495467565452762
"12234","20074.16",12234,16679346,-0.44257423896984
"12235","20074.16",12235,16680899,0.355694240412256
"12236","20074.16",12236,16690801,0.246217751814512
"12237","20074.16",12237,16692645,0.111786476578827
"12238","20074.16",12238,16696402,-0.137536089233911
"12239","20074.16",12239,16696985,-1.25056640438651
"12240","20074.16",12240,16700064,-0.302809903817995
"12241","20074.16",12241,16708595,-0.644900556790517
"12242","20074.16",12242,16714008,-0.290975864345533
"12243","20074.16",12243,16716028,0.0271466866182983
"12244","20074.16",12244,16716081,0.503616168118998
"12245","20074.16",12245,16728686,0.0544136324132181
"12246","20074.16",12246,16730604,-0.25033859947492
"12247","20074.16",12247,16739264,-0.876637939389739
"12248","20074.16",12248,16739439,0.049150449886266
"12249","20074.16",12249,16746930,-0.969557036707232
"12250","20074.16",12250,16760687,0.371457286470471
"12251","20074.16",12251,16786072,-0.308450418438822
"12252","20074.16",12252,16787095,-0.00236699168340859
"12253","20074.16",12253,16787176,1.02025243460264
"12254","20074.16",12254,16788937,0.634984889394732
"12255","20074.16",12255,16798664,0.168123599377574
"12256","20074.16",12256,16831083,0.541800230299319
"12257","20074.16",12257,16837627,-1.56455781343629
"12258","20074.16",12258,16855362,-0.570884189274128
"12259","20074.16",12259,16858308,0.678264123403747
"12260","20074.16",12260,16858332,-0.147152985738557
"12261","20074.16",12261,16858446,0.104201816378355
"12262","20074.16",12262,16859801,0.333698223074683
"12263","20074.16",12263,16859949,0.593998341486221
"12264","20074.16",12264,16862007,-0.212274717429903
"12265","20074.16",12265,16869149,-0.317676342653209
"12266","20074.16",12266,16880793,-0.140492753480619
"12267","20074.16",12267,16881111,-0.217437469502165
"12268","20074.16",12268,16889833,-0.528899631129771
"12269","20074.16",12269,16891145,-0.608820047990107
"12270","20074.16",12270,16891643,-1.18197675787957
"12271","20074.16",12271,16891858,-0.170302907383787
"12272","20074.16",12272,16894756,0.729597955242327
"12273","20074.16",12273,16897188,-0.906440808021837
"12274","20074.16",12274,16897584,0.220064563058366
"12275","20074.16",12275,16901760,-1.5441483851324
"12276","20074.16",12276,16902933,0.163113579443724
"12277","20074.16",12277,16904651,0.0803397263475176
"12278","20074.16",12278,16909362,0.333227879906077
"12279","20074.16",12279,16911748,-0.165504625153989
"12280","20074.16",12280,16912004,-0.250404521735597
"12281","20074.16",12281,16912158,0.207474459830337
"12282","20074.16",12282,16912868,-0.152608176853395
"12283","20074.16",12283,16915430,-0.0877420030062623
"12284","20074.16",12284,16915718,-0.0329719002721856
"12285","20074.16",12285,16917137,-0.0366893747823012
"12286","20074.16",12286,16923556,-0.947380060520771
"12287","20074.16",12287,16923592,-1.02420484516339
"12288","20074.16",12288,16923765,0.196895936798826
"12289","20074.16",12289,16924020,0.669059375198668
"12290","20074.16",12290,16924225,-1.66055431499077
"12291","20074.16",12291,16924418,0.894042830408384
"12292","20074.16",12292,16926458,-0.0543874989424911
"12293","20074.16",12293,16926591,0.675061637696868
"12294","20074.16",12294,16926947,0.30298765439588
"12295","20074.16",12295,16928406,0.719172032792858
"12296","20074.16",12296,16928581,0.239778959026042
"12297","20074.16",12297,16928748,0.0159154285643845
"12298","20074.16",12298,16928754,-0.34424016235348
"12299","20074.16",12299,16928819,-0.273773024839375
"12300","20074.16",12300,16928834,0.0685822514652852
"12301","20074.16",12301,16928846,-0.00782306524167264
"12302","20074.16",12302,16928859,0.611378562017232
"12303","20074.16",12303,16928872,-0.0506289233300787
"12304","20074.16",12304,16928994,0.405021079429532
"12305","20074.16",12305,16933958,-0.310083856623782
"12306","20074.16",12306,16934058,-0.0738385604653811
"12307","20074.16",12307,16934218,-0.210386696379114
"12308","20074.16",12308,16940928,0.0563932863027183
"12309","20074.16",12309,16942727,0.0199155540934761
"12310","20074.16",12310,16942923,0.359432898641411
"12311","20074.16",12311,16944986,-0.0756170072996918
"12312","20074.16",12312,16945044,-0.0340027269709067
"12313","20074.16",12313,16945112,-1.34704130422181
"12314","20074.16",12314,16945129,-0.300684791033866
"12315","20074.16",12315,16945146,-0.710951996433042
"12316","20074.16",12316,16945225,0.130537935051042
"12317","20074.16",12317,16945283,0.0844490945186465
"12318","20074.16",12318,16945305,-0.518092255381857
"12319","20074.16",12319,16945312,0.120611122514847
"12320","20074.16",12320,16946747,-0.327184540451638
"12321","20074.16",12321,16948216,0.186463008344943
"12322","20074.16",12322,16950771,0.0576987371904325
"12323","20074.16",12323,16951574,0.239371014604449
"12324","20074.16",12324,16951623,-0.245649813881846
"12325","20074.16",12325,16952427,-0.441047482382174
"12326","20074.16",12326,16953376,-0.0732526797416817
"12327","20074.16",12327,16953390,-0.140409617280431
"12328","20074.16",12328,16953510,-0.148693927244297
"12329","20074.16",12329,16955712,0.0861278943886115
"12330","20074.16",12330,16957915,0.0236598396890413
"12331","20074.16",12331,16958419,-0.344789111121362
"12332","20074.16",12332,16959637,0.395820682449375
"12333","20074.16",12333,16962405,0.454876231352945
"12334","20074.16",12334,16963970,-0.255271665165909
"12335","20074.16",12335,16964422,0.0543160167386674
"12336","20074.16",12336,16969951,-0.159154652914784
"12337","20074.16",12337,16971163,0.382586110212316
"12338","20074.16",12338,16971229,0.0687925648249932
"12339","20074.16",12339,16971283,-0.266149392095486
"12340","20074.16",12340,16971367,0.695911841423611
"12341","20074.16",12341,16971913,0.449603537931449
"12342","20074.16",12342,16972102,0.226776703523599
"12343","20074.16",12343,16972404,0.617253879203232
"12344","20074.16",12344,16972594,-0.236038400521839
"12345","20074.16",12345,16975959,-0.312550291385789
"12346","20074.16",12346,16976468,0.545388606073431
"12347","20074.16",12347,16976901,0.384508628066409
"12348","20074.16",12348,16977300,0.646166348914694
"12349","20074.16",12349,16979920,0.193837326955227
"12350","20074.16",12350,16982975,0.382537123958369
"12351","20074.16",12351,16985817,0.449438696257663
"12352","20074.16",12352,16986577,0.291770117361721
"12353","20074.16",12353,16986647,0.94432762050823
"12354","20074.16",12354,16986790,0.451494657061947
"12355","20074.16",12355,16986987,-0.95917461779067
"12356","20074.16",12356,16988092,-0.811145963734113
"12357","20074.16",12357,16991844,-0.211556399974858
"12358","20074.16",12358,16994234,0.15555763835467
"12359","20074.16",12359,16998465,0.942107052194745
"12360","20074.16",12360,16998503,-0.0488965695969261
"12361","20074.16",12361,16998875,0.183113555574569
"12362","20074.16",12362,17001103,0.00918411903210536
"12363","20074.16",12363,17002215,-0.822908484991795
"12364","20074.16",12364,17003427,-0.491553679943363
"12365","20074.16",12365,17007612,-0.089027877887828
"12366","20074.16",12366,17008319,-0.93877363213665
"12367","20074.16",12367,17009570,-0.662431479209387
"12368","20074.16",12368,17009666,0.823887459812615
"12369","20074.16",12369,17012351,-1.18408434449137
"12370","20074.16",12370,17013275,0.510507800029752
"12371","20074.16",12371,17016601,0.439311808412321
"12372","20074.16",12372,17017421,0.159246242654794
"12373","20074.16",12373,17017874,-0.655450587436701
"12374","20074.16",12374,17017886,-0.553083868336578
"12375","20074.16",12375,17023221,1.02015539703303
"12376","20074.16",12376,17023336,-0.398120927451126
"12377","20074.16",12377,17023475,0.65368286595785
"12378","20074.16",12378,17024171,0.3773741948957
"12379","20074.16",12379,17024759,0.472937925057663
"12380","20074.16",12380,17025850,-0.285722571612805
"12381","20074.16",12381,17028058,0.427388643312818
"12382","20074.16",12382,17028190,0.508882504986006
"12383","20074.16",12383,17028247,-0.339199547279502
"12384","20074.16",12384,17030010,0.924292480768183
"12385","20074.16",12385,17030042,-0.608686549870242
"12386","20074.16",12386,17035877,0.954972512246907
"12387","20074.16",12387,17037281,-0.429107437047678
"12388","20074.16",12388,17038338,-0.435531557314701
"12389","20074.16",12389,17039172,-0.530745263493931
"12390","20074.16",12390,17040015,-0.781710592661159
"12391","20074.16",12391,17046235,-0.196813736594373
"12392","20074.16",12392,17049816,0.168076646201124
"12393","20074.16",12393,17050425,-0.193883342747079
"12394","20074.16",12394,17051165,0.777915903337996
"12395","20074.16",12395,17051201,-0.538287331015991
"12396","20074.16",12396,17051630,0.629590880348082
"12397","20074.16",12397,17052690,-0.0402655306519843
"12398","20074.16",12398,17052782,0.0725408005435133
"12399","20074.16",12399,17052798,0.725195442262355
"12400","20074.16",12400,17052859,-0.062967430406947
"12401","20074.16",12401,17053390,-0.232258632665255
"12402","20074.16",12402,17054910,0.513491114019913
"12403","20074.16",12403,17055217,0.34838380626137
"12404","20074.16",12404,17059612,0.243810933526372
"12405","20074.16",12405,17059792,-0.14215599542157
"12406","20074.16",12406,17060608,-0.284665533783406
"12407","20074.16",12407,17065183,0.732573897235647
"12408","20074.16",12408,17065396,0.914047383712304
"12409","20074.16",12409,17065427,0.867833119269334
"12410","20074.16",12410,17065473,-0.349735019885345
"12411","20074.16",12411,17067283,-0.108129687027541
"12412","20074.16",12412,17068339,-0.508800472724875
"12413","20074.16",12413,17068603,0.377940043101401
"12414","20074.16",12414,17068636,0.250140120401803
"12415","20074.16",12415,17070236,-1.11551898605263
"12416","20074.16",12416,17070933,-0.0264155755216828
"12417","20074.16",12417,17072304,-0.641040536343763
"12418","20074.16",12418,17076051,0.0670795125924197
"12419","20074.16",12419,17077040,-0.316091434345196
"12420","20074.16",12420,17077102,-0.68717897151649
"12421","20074.16",12421,17077173,0.255783478781299
"12422","20074.16",12422,17082360,0.580861983396116
"12423","20074.16",12423,17082943,-0.107843058343951
"12424","20074.16",12424,17083112,-1.05667792027027
"12425","20074.16",12425,17086383,-0.526746809557024
"12426","20074.16",12426,17087440,0.212285667917922
"12427","20074.16",12427,17089312,-0.30225301653878
"12428","20074.16",12428,17090680,0.251900551071633
"12429","20074.16",12429,17091353,-0.0987003847722994
"12430","20074.16",12430,17092769,-0.432201288839814
"12431","20074.16",12431,17092870,0.620253148307687
"12432","20074.16",12432,17093898,-0.0621186563875797
"12433","20074.16",12433,17094867,-0.241219442607226
"12434","20074.16",12434,17095415,-0.961431155901742
"12435","20074.16",12435,17095575,-0.121632166932869
"12436","20074.16",12436,17102630,0.0514616241197476
"12437","20074.16",12437,17104568,-0.177736621411904
"12438","20074.16",12438,17105206,-0.30944040093737
"12439","20074.16",12439,17106269,-0.0367860691912139
"12440","20074.16",12440,17108809,-2.09493789343222
"12441","20074.16",12441,17110077,0.180910016942826
"12442","20074.16",12442,17112579,-0.455020313169475
"12443","20074.16",12443,17112908,0.213584675845564
"12444","20074.16",12444,17113184,-0.55128905421353
"12445","20074.16",12445,17116477,-0.161225679321396
"12446","20074.16",12446,17116940,0.0886499259309819
"12447","20074.16",12447,17117231,-0.549643772550152
"12448","20074.16",12448,17122768,0.277426860222557
"12449","20074.16",12449,17123847,1.44408717051756
"12450","20074.16",12450,17124878,0.103053670077941
"12451","20074.16",12451,17125786,-0.567601268617816
"12452","20074.16",12452,17125816,-0.088077433189289
"12453","20074.16",12453,17127066,0.0696997616033439
"12454","20074.16",12454,17127101,-1.17865049186729
"12455","20074.16",12455,17127208,0.253903886278084
"12456","20074.16",12456,17127394,0.261850848078635
"12457","20074.16",12457,17127577,0.972383930971742
"12458","20074.16",12458,17131750,0.604927312856339
"12459","20074.16",12459,17132098,0.19675268338306
"12460","20074.16",12460,17132175,-0.32857279177956
"12461","20074.16",12461,17132476,0.0879007842670365
"12462","20074.16",12462,17133539,0.299920904572855
"12463","20074.16",12463,17133996,0.766195174196816
"12464","20074.16",12464,17136362,-0.143151594687533
"12465","20074.16",12465,17136970,0.272182771988668
"12466","20074.16",12466,17139729,1.43864323648735
"12467","20074.16",12467,17141430,-0.242126423129632
"12468","20074.16",12468,17142140,-0.0970705053099579
"12469","20074.16",12469,17147975,-0.289394473346987
"12470","20074.16",12470,17148488,0.502679793285684
"12471","20074.16",12471,17153542,0.124046600687427
"12472","20074.16",12472,17153778,0.0120251292282427
"12473","20074.16",12473,17155500,-0.295263356541105
"12474","20074.16",12474,17158545,0.0211962384779687
"12475","20074.16",12475,17161493,-0.767139563450834
"12476","20074.16",12476,17161844,-1.23326642508442
"12477","20074.16",12477,17162444,0.566270674391755
"12478","20074.16",12478,17162823,0.362449346117098
"12479","20074.16",12479,17164908,0.766144589503535
"12480","20074.16",12480,17166193,-0.363783370103547
"12481","20074.16",12481,17167636,-0.15343677111854
"12482","20074.16",12482,17168430,-1.23300574204209
"12483","20074.16",12483,17172141,-1.29901090189463
"12484","20074.16",12484,17177321,0.900075018682682
"12485","20074.16",12485,17177455,-0.377881295775946
"12486","20074.16",12486,17178191,-1.07218248297108
"12487","20074.16",12487,17178298,0.637197372734872
"12488","20074.16",12488,17179022,-0.182195558716275
"12489","20074.16",12489,17180796,-0.598822860492554
"12490","20074.16",12490,17186502,0.114165664325745
"12491","20074.16",12491,17188875,-0.2973316713613
"12492","20074.16",12492,17189206,0.406978749663495
"12493","20074.16",12493,17193864,-0.102443127352468
"12494","20074.16",12494,17199665,-0.182541929354968
"12495","20074.16",12495,17199764,0.547049053954324
"12496","20074.16",12496,17200311,0.0511714118342192
"12497","20074.16",12497,17200565,-0.0253288171823698
"12498","20074.16",12498,17200673,0.481066989116623
"12499","20074.16",12499,17200759,0.453041878898401
"12500","20074.16",12500,17201241,-1.51568443279081
"12501","20074.16",12501,17201437,-0.163317693732631
"12502","20074.16",12502,17201515,-0.154706743295003
"12503","20074.16",12503,17201662,0.38753232736403
"12504","20074.16",12504,17205544,0.171390538797374
"12505","20074.16",12505,17205945,-0.0342466816820703
"12506","20074.16",12506,17209697,-1.19552679186956
"12507","20074.16",12507,17209944,-0.519069370913661
"12508","20074.16",12508,17210655,-0.427032635788058
"12509","20074.16",12509,17211545,0.419192659036093
"12510","20074.16",12510,17211982,0.181634625412964
"12511","20074.16",12511,17212425,-0.00812609850101964
"12512","20074.16",12512,17213789,-0.494991077548205
"12513","20074.16",12513,17213824,-0.191625670088229
"12514","20074.16",12514,17213852,1.03652632828732
"12515","20074.16",12515,17213887,0.00707941443884685
"12516","20074.16",12516,17214305,-0.630173494315446
"12517","20074.16",12517,17214477,0.322944963142024
"12518","20074.16",12518,17219366,-0.536929272033142
"12519","20074.16",12519,17219475,0.275884431120939
"12520","20074.16",12520,17219790,-0.787823082503147
"12521","20074.16",12521,17219801,0.268929128056864
"12522","20074.16",12522,17220559,-0.160875680145422
"12523","20074.16",12523,17221987,-0.25747719103961
"12524","20074.16",12524,17222228,0.310685064496401
"12525","20074.16",12525,17222328,0.254089885141364
"12526","20074.16",12526,17224645,-0.158495747027004
"12527","20074.16",12527,17225535,0.601235061202865
"12528","20074.16",12528,17225640,-0.108793443589363
"12529","20074.16",12529,17225838,-0.482737082155498
"12530","20074.16",12530,17225850,0.418361564697393
"12531","20074.16",12531,17226114,0.764492404073047
"12532","20074.16",12532,17226327,0.0835364914358747
"12533","20074.16",12533,17232140,-1.71918817266439
"12534","20074.16",12534,17233820,-0.365718202550299
"12535","20074.16",12535,17234040,-0.580518066451906
"12536","20074.16",12536,17235605,-0.783759335623183
"12537","20074.16",12537,17237218,-0.377130398386563
"12538","20074.16",12538,17238013,-0.571574795574664
"12539","20074.16",12539,17241128,0.511436313669946
"12540","20074.16",12540,17241182,-0.00751487550028251
"12541","20074.16",12541,17241244,-0.0453324480232924
"12542","20074.16",12542,17241356,0.39559107931514
"12543","20074.16",12543,17241415,1.27688454486499
"12544","20074.16",12544,17242608,0.568671197178541
"12545","20074.16",12545,17242875,0.25605728007061
"12546","20074.16",12546,17244988,-1.6015677137682
"12547","20074.16",12547,17245347,0.399010552047753
"12548","20074.16",12548,17245508,0.832935145206766
"12549","20074.16",12549,17245743,-0.0267279363123327
"12550","20074.16",12550,17247868,0.488203441158107
"12551","20074.16",12551,17248016,0.294919757354069
"12552","20074.16",12552,17248347,0.172936298294782
"12553","20074.16",12553,17248580,0.59059016620873
"12554","20074.16",12554,17248864,-0.185574099977173
"12555","20074.16",12555,17249265,0.0455698867129364
"12556","20074.16",12556,17252033,-0.0567987828068217
"12557","20074.16",12557,17252858,-0.523061171767377
"12558","20074.16",12558,17253548,0.095762334797607
"12559","20074.16",12559,17254059,0.552150745172695
"12560","20074.16",12560,17254304,0.783929408096131
"12561","20074.16",12561,17254380,0.125702448137246
"12562","20074.16",12562,17254584,0.395638021749309
"12563","20074.16",12563,17255502,0.426870525046229
"12564","20074.16",12564,17256397,-0.118433723690259
"12565","20074.16",12565,17256597,0.423669689147993
"12566","20074.16",12566,17257087,-0.765595058154433
"12567","20074.16",12567,17258651,-0.22801351961592
"12568","20074.16",12568,17259209,-0.794505165040492
"12569","20074.16",12569,17260044,-0.212112231519708
"12570","20074.16",12570,17260149,-0.0930625915603942
"12571","20074.16",12571,17262065,0.616040164685665
"12572","20074.16",12572,17262115,-0.658073752229424
"12573","20074.16",12573,17263812,0.230016089029629
"12574","20074.16",12574,17265563,-0.0913267368329045
"12575","20074.16",12575,17270508,0.367742824175324
"12576","20074.16",12576,17270633,0.870677103314718
"12577","20074.16",12577,17270846,0.285395408857949
"12578","20074.16",12578,17270944,0.290530194645132
"12579","20074.16",12579,17271327,0.419788232251499
"12580","20074.16",12580,17271467,0.301338665081333
"12581","20074.16",12581,17271561,-0.320426152201605
"12582","20074.16",12582,17271862,0.893048368946403
"12583","20074.16",12583,17273522,-0.495328531448791
"12584","20074.16",12584,17275573,-0.738537709870607
"12585","20074.16",12585,17277431,0.0375304667233705
"12586","20074.16",12586,17278194,0.096735871640111
"12587","20074.16",12587,17279250,0.579290613105152
"12588","20074.16",12588,17279423,0.545371208347775
"12589","20074.16",12589,17279532,-0.824675259072266
"12590","20074.16",12590,17283159,-0.976800223773065
"12591","20074.16",12591,17283578,-0.00224913371462065
"12592","20074.16",12592,17284443,-0.736620041515455
"12593","20074.16",12593,17286464,-0.538337507805067
"12594","20074.16",12594,17289754,-0.0390430362048955
"12595","20074.16",12595,17290424,0.557641137662826
"12596","20074.16",12596,17291884,0.493188528349596
"12597","20074.16",12597,17292074,-0.822484480128342
"12598","20074.16",12598,17294241,-0.146690048535971
"12599","20074.16",12599,17294677,-0.733372750727021
"12600","20074.16",12600,17296187,-0.157515948478873
"12601","20074.16",12601,17296549,0.285652077403703
"12602","20074.16",12602,17296863,0.569084532794702
"12603","20074.16",12603,17298644,-0.66394796934853
"12604","20074.16",12604,17299055,0.343862633058234
"12605","20074.16",12605,17299434,0.926294299239971
"12606","20074.16",12606,17304574,0.484203236327303
"12607","20074.16",12607,17310010,-0.775512371281095
"12608","20074.16",12608,17312755,0.00390205613266925
"12609","20074.16",12609,17313288,0.948655129593225
"12610","20074.16",12610,17313995,-0.256360743910271
"12611","20074.16",12611,17316975,0.234887968060844
"12612","20074.16",12612,17317384,0.412837940015238
"12613","20074.16",12613,17318226,-0.223848516737652
"12614","20074.16",12614,17320341,0.344634174920379
"12615","20074.16",12615,17321472,0.297820333258156
"12616","20074.16",12616,17322626,0.588717461993068
"12617","20074.16",12617,17323527,0.054619831385768
"12618","20074.16",12618,17323584,-0.409150581939486
"12619","20074.16",12619,17323672,0.122790866997267
"12620","20074.16",12620,17325433,1.07004619791636
"12621","20074.16",12621,17330600,0.113836588655106
"12622","20074.16",12622,17330879,0.112789706755523
"12623","20074.16",12623,17330949,0.374037428863287
"12624","20074.16",12624,17331092,-0.304912957543401
"12625","20074.16",12625,17331533,0.32934544266559
"12626","20074.16",12626,17331716,-0.326138270250521
"12627","20074.16",12627,17332898,-0.0918441112933488
"12628","20074.16",12628,17333534,0.0142326981087635
"12629","20074.16",12629,17335694,-0.795772012915622
"12630","20074.16",12630,17336269,-0.388460989236524
"12631","20074.16",12631,17336679,-0.493653101733358
"12632","20074.16",12632,17337236,0.611088836879415
"12633","20074.16",12633,17337491,0.791045633262217
"12634","20074.16",12634,17337506,0.474364619736604
"12635","20074.16",12635,17337724,1.22051520772825
"12636","20074.16",12636,17338680,-0.440946613128019
"12637","20074.16",12637,17339100,0.988237993185103
"12638","20074.16",12638,17339936,-0.350039810175054
"12639","20074.16",12639,17340291,0.205467987677988
"12640","20074.16",12640,17340745,0.6077627854497
"12641","20074.16",12641,17343051,-0.372926474380421
"12642","20074.16",12642,17343951,0.0665018899823737
"12643","20074.16",12643,17346430,-0.244682699775451
"12644","20074.16",12644,17346501,-0.727949852458535
"12645","20074.16",12645,17350044,-0.0143047005879078
"12646","20074.16",12646,17351246,-0.536440223279431
"12647","20074.16",12647,17351478,-0.153863949657134
"12648","20074.16",12648,17352412,0.168295585805721
"12649","20074.16",12649,17353987,0.498564047041003
"12650","20074.16",12650,17356812,-0.171500166595764
"12651","20074.16",12651,17357430,0.590814900224363
"12652","20074.16",12652,17357457,0.235916361911198
"12653","20074.16",12653,17358501,0.0785044235657102
"12654","20074.16",12654,17359825,-0.1075208062187
"12655","20074.16",12655,17360930,-0.633027851698861
"12656","20074.16",12656,17365105,0.316561307967835
"12657","20074.16",12657,17366115,-0.578867824008985
"12658","20074.16",12658,17366562,0.261501382861534
"12659","20074.16",12659,17367777,0.36711897257872
"12660","20074.16",12660,17370826,0.564566193756174
"12661","20074.16",12661,17371034,-0.325798745958644
"12662","20074.16",12662,17371230,-0.236272359927895
"12663","20074.16",12663,17377242,-0.584727454209423
"12664","20074.16",12664,17377609,-0.131949846757194
"12665","20074.16",12665,17379139,-0.300533812487297
"12666","20074.16",12666,17380640,-0.289242167745818
"12667","20074.16",12667,17381008,-0.463797702704674
"12668","20074.16",12668,17381755,0.175425298180468
"12669","20074.16",12669,17383052,0.390574214193594
"12670","20074.16",12670,17383298,-0.0360967887322214
"12671","20074.16",12671,17384443,0.190366200356128
"12672","20074.16",12672,17385640,0.461776079518033
"12673","20074.16",12673,17386506,-0.239454001431236
"12674","20074.16",12674,17386646,0.253805805639257
"12675","20074.16",12675,17386703,0.342821761013727
"12676","20074.16",12676,17387160,-0.182101044962955
"12677","20074.16",12677,17387902,-0.635280516021574
"12678","20074.16",12678,17388726,-0.0515878449825564
"12679","20074.16",12679,17389519,0.475983154449426
"12680","20074.16",12680,17391057,-0.201606984775181
"12681","20074.16",12681,17391095,-0.196307542830057
"12682","20074.16",12682,17392142,-0.291292854231903
"12683","20074.16",12683,17395947,-0.874531082966912
"12684","20074.16",12684,17397053,-0.257919112626135
"12685","20074.16",12685,17397545,0.942280377662105
"12686","20074.16",12686,17397988,-0.0136578765464108
"12687","20074.16",12687,17398446,0.304677816945405
"12688","20074.16",12688,17399183,0.111513408798489
"12689","20074.16",12689,17399986,-0.0427135417066058
"12690","20074.16",12690,17402508,1.02810464475928
"12691","20074.16",12691,17402976,-0.188901223718948
"12692","20074.16",12692,17403203,-0.466494604386265
"12693","20074.16",12693,17403700,0.101860090492614
"12694","20074.16",12694,17404371,-0.31222666710853
"12695","20074.16",12695,17406177,0.0937961640343277
"12696","20074.16",12696,17406260,-0.284040434628497
"12697","20074.16",12697,17406722,0.84455630630701
"12698","20074.16",12698,17407353,0.483777043481539
"12699","20074.16",12699,17408247,0.488989515945989
"12700","20074.16",12700,17408872,0.385388714143915
"12701","20074.16",12701,17409050,0.024092198232438
"12702","20074.16",12702,17409365,1.18345229628334
"12703","20074.16",12703,17409998,0.947361558966569
"12704","20074.16",12704,17411635,0.341671438053145
"12705","20074.16",12705,17411707,0.562225091542497
"12706","20074.16",12706,17412389,0.473707639580796
"12707","20074.16",12707,17412552,-0.125831381939285
"12708","20074.16",12708,17413789,0.155176139414518
"12709","20074.16",12709,17416464,0.978938363527292
"12710","20074.16",12710,17417219,1.13662400749604
"12711","20074.16",12711,17417661,0.173852740602904
"12712","20074.16",12712,17419607,-0.0980664154391473
"12713","20074.16",12713,17420988,-0.206179604909651
"12714","20074.16",12714,17423092,0.0409991592011085
"12715","20074.16",12715,17423679,-0.802556377584924
"12716","20074.16",12716,17426655,-0.159607520789411
"12717","20074.16",12717,17427243,-0.0187682581933553
"12718","20074.16",12718,17428135,0.215444840425115
"12719","20074.16",12719,17428543,1.00442729927266
"12720","20074.16",12720,17429610,-0.346010050415513
"12721","20074.16",12721,17431350,0.0483279914097903
"12722","20074.16",12722,17434329,-0.0448439392149362
"12723","20074.16",12723,17435473,-0.126829174002787
"12724","20074.16",12724,17435590,1.56103649808606
"12725","20074.16",12725,17436116,-0.118417381768813
"12726","20074.16",12726,17437312,0.339579475335138
"12727","20074.16",12727,17437668,-0.146201874825809
"12728","20074.16",12728,17437934,-0.287206944437735
"12729","20074.16",12729,17438545,-0.829661625978956
"12730","20074.16",12730,17439265,-0.107627593928021
"12731","20074.16",12731,17441623,-0.89538691361601
"12732","20074.16",12732,17441905,0.0896719418116456
"12733","20074.16",12733,17442155,-0.459059235601241
"12734","20074.16",12734,17442997,-0.45141256245894
"12735","20074.16",12735,17443547,0.478944056024429
"12736","20074.16",12736,17444605,0.238298463867309
"12737","20074.16",12737,17446401,0.252838329874636
"12738","20074.16",12738,17446874,0.115818736957046
"12739","20074.16",12739,17448897,-0.0669876764014097
"12740","20074.16",12740,17451560,0.626328138215318
"12741","20074.16",12741,17451856,-0.483384840157936
"12742","20074.16",12742,17453851,0.392125777561374
"12743","20074.16",12743,17464726,-0.10430971793545
"12744","20074.16",12744,17464914,0.858354745968154
"12745","20074.16",12745,17465659,0.264236553547794
"12746","20074.16",12746,17467395,-1.60867517360618
"12747","20074.16",12747,17467794,0.215725230709437
"12748","20074.16",12748,17469494,0.971931906778976
"12749","20074.16",12749,17469512,0.373186920745627
"12750","20074.16",12750,17471318,0.113598419361113
"12751","20074.16",12751,17472536,0.875747353918046
"12752","20074.16",12752,17472691,-0.0900530882747326
"12753","20074.16",12753,17473488,-0.534111816368766
"12754","20074.16",12754,17474836,-0.725282150518572
"12755","20074.16",12755,17475645,0.524228405735477
"12756","20074.16",12756,17479202,0.118240410191145
"12757","20074.16",12757,17480496,0.684661915443443
"12758","20074.16",12758,17480526,0.0488535482174255
"12759","20074.16",12759,17480544,0.935053179496742
"12760","20074.16",12760,17481879,0.19851570897852
"12761","20074.16",12761,17482044,0.110334745957362
"12762","20074.16",12762,17482899,-0.43132988346722
"12763","20074.16",12763,17490337,-0.410854522371267
"12764","20074.16",12764,17490973,-0.744988345147992
"12765","20074.16",12765,17492973,0.499940323075058
"12766","20074.16",12766,17496944,0.397721878129924
"12767","20074.16",12767,17498664,-0.0082564469694102
"12768","20074.16",12768,17499765,-0.169248262423927
"12769","20074.16",12769,17501633,-0.360839611719355
"12770","20074.16",12770,17502023,-0.749981304011038
"12771","20074.16",12771,17507279,0.159261717219552
"12772","20074.16",12772,17507417,0.0326799296754814
"12773","20074.16",12773,17507936,0.253785664959257
"12774","20074.16",12774,17509201,0.645479240234963
"12775","20074.16",12775,17511229,-0.856170779831348
"12776","20074.16",12776,17511518,0.447127891311577
"12777","20074.16",12777,17513933,-0.50788761182946
"12778","20074.16",12778,17514862,0.0600328033446074
"12779","20074.16",12779,17514932,1.05476929169052
"12780","20074.16",12780,17526743,-0.125169578765844
"12781","20074.16",12781,17526965,-0.587296184934785
"12782","20074.16",12782,17528248,0.427359737596356
"12783","20074.16",12783,17528399,-0.0609843407749073
"12784","20074.16",12784,17529621,-0.0529440367655054
"12785","20074.16",12785,17530588,0.799442170556158
"12786","20074.16",12786,17531167,0.435902915575624
"12787","20074.16",12787,17531369,0.118241510309065
"12788","20074.16",12788,17532404,0.421088844803928
"12789","20074.16",12789,17534100,0.256628276309654
"12790","20074.16",12790,17538631,0.0289277257775797
"12791","20074.16",12791,17538777,-0.424865547893964
"12792","20074.16",12792,17541560,-0.389054988388908
"12793","20074.16",12793,17542888,-0.157773981314358
"12794","20074.16",12794,17543747,-0.00834440304274864
"12795","20074.16",12795,17544679,-0.0142584014673863
"12796","20074.16",12796,17545395,0.0800895019816492
"12797","20074.16",12797,17555574,-0.225098999245347
"12798","20074.16",12798,17555630,-0.0593480473703458
"12799","20074.16",12799,17555820,0.509237811833645
"12800","20074.16",12800,17562192,-0.509542661914309
"12801","20074.16",12801,17562427,-0.52368462962656
"12802","20074.16",12802,17567418,-0.545760031379937
"12803","20074.16",12803,17567540,0.90396263230064
"12804","20074.16",12804,17568076,0.0592453263950938
"12805","20074.16",12805,17570911,-0.513909819944551
"12806","20074.16",12806,17574904,0.0836371867718144
"12807","20074.16",12807,17577531,-0.489076663398705
"12808","20074.16",12808,17577690,-0.0825017828859513
"12809","20074.16",12809,17577735,0.468580277746146
"12810","20074.16",12810,17583012,0.057997053751162
"12811","20074.16",12811,17583593,-0.0256319899786437
"12812","20074.16",12812,17584407,-0.289530661382497
"12813","20074.16",12813,17584992,0.173724917009336
"12814","20074.16",12814,17585869,0.091150840725109
"12815","20074.16",12815,17586116,-0.241988382017636
"12816","20074.16",12816,17588441,0.0908396404056662
"12817","20074.16",12817,17588474,0.373022571728039
"12818","20074.16",12818,17590114,-0.119482279605553
"12819","20074.16",12819,17591218,-1.65634864515874
"12820","20074.16",12820,17592162,0.193818087106185
"12821","20074.16",12821,17593072,0.328473014153514
"12822","20074.16",12822,17593300,0.102079597748098
"12823","20074.16",12823,17594939,-0.0164762358351833
"12824","20074.16",12824,17598541,-0.846279611175904
"12825","20074.16",12825,17598652,0.802283057325151
"12826","20074.16",12826,17601127,-1.05047600999576
"12827","20074.16",12827,17604082,0.086782967137327
"12828","20074.16",12828,17604269,0.888712806661968
"12829","20074.16",12829,17607562,2.04793007023174
"12830","20074.16",12830,17608099,0.606569661501861
"12831","20074.16",12831,17609268,-0.0575842994846694
"12832","20074.16",12832,17609351,0.250765840834942
"12833","20074.16",12833,17614256,0.0712395253555504
"12834","20074.16",12834,17617575,-0.832654782132509
"12835","20074.16",12835,17618442,0.309290812688203
"12836","20074.16",12836,17621457,-0.664405132539899
"12837","20074.16",12837,17621919,0.132729561203778
"12838","20074.16",12838,17622186,0.411630655176892
"12839","20074.16",12839,17625312,-0.388950850849396
"12840","20074.16",12840,17626278,-0.079141871517459
"12841","20074.16",12841,17626307,0.126130735747595
"12842","20074.16",12842,17628712,-0.99058416213119
"12843","20074.16",12843,17629650,0.285074303922941
"12844","20074.16",12844,17629762,0.957308889877873
"12845","20074.16",12845,17629830,0.308446433701348
"12846","20074.16",12846,17634254,-0.35977027556936
"12847","20074.16",12847,17635490,0.690943919539534
"12848","20074.16",12848,17635599,0.943447939671175
"12849","20074.16",12849,17635895,0.26695586140363
"12850","20074.16",12850,17636160,0.862240225683451
"12851","20074.16",12851,17636856,-0.294885355399849
"12852","20074.16",12852,17637475,-0.0620760412385337
"12853","20074.16",12853,17637607,0.246992424430805
"12854","20074.16",12854,17637641,0.397971010377442
"12855","20074.16",12855,17638858,0.289378183451366
"12856","20074.16",12856,17640222,-0.373269858385386
"12857","20074.16",12857,17642815,-0.142925924664966
"12858","20074.16",12858,17643191,-0.378838032007939
"12859","20074.16",12859,17644424,0.19435954569305
"12860","20074.16",12860,17650546,-0.950757386081316
"12861","20074.16",12861,17652608,0.738929890061839
"12862","20074.16",12862,17652859,-0.916456899247355
"12863","20074.16",12863,17653483,-1.41674489200194
"12864","20074.16",12864,17653723,-0.454043279765163
"12865","20074.16",12865,17653935,1.38661670002907
"12866","20074.16",12866,17654760,0.239943386713676
"12867","20074.16",12867,17654777,-0.542113540732956
"12868","20074.16",12868,17656611,-0.088078365744126
"12869","20074.16",12869,17656643,-0.205776536643458
"12870","20074.16",12870,17658698,0.326272169997893
"12871","20074.16",12871,17659635,0.108224482050472
"12872","20074.16",12872,17661279,-0.337359214891945
"12873","20074.16",12873,17663312,1.07210789054173
"12874","20074.16",12874,17663530,-0.313777875941341
"12875","20074.16",12875,17665272,-0.124283230099145
"12876","20074.16",12876,17666353,-0.511745473895375
"12877","20074.16",12877,17668518,-0.936408024499097
"12878","20074.16",12878,17669413,-0.0516736715056254
"12879","20074.16",12879,17670042,0.479553941864972
"12880","20074.16",12880,17670102,-0.0656619227877835
"12881","20074.16",12881,17671065,-0.473733098148948
"12882","20074.16",12882,17671235,0.448919316363006
"12883","20074.16",12883,17671511,0.708949667598094
"12884","20074.16",12884,17672618,-0.411175176061881
"12885","20074.16",12885,17675815,-0.0785288600637672
"12886","20074.16",12886,17677450,-0.0783231287868329
"12887","20074.16",12887,17678449,1.19872860675225
"12888","20074.16",12888,17678721,0.585956317195104
"12889","20074.16",12889,17679976,0.581070383263243
"12890","20074.16",12890,17681350,-0.80865702316203
"12891","20074.16",12891,17681522,-0.619236089312496
"12892","20074.16",12892,17684676,-0.400145842777193
"12893","20074.16",12893,17684945,-0.0395788235830032
"12894","20074.16",12894,17685582,-0.153855882357931
"12895","20074.16",12895,17691427,0.521753141442541
"12896","20074.16",12896,17693406,0.888115473013408
"12897","20074.16",12897,17694035,0.0293759315974764
"12898","20074.16",12898,17694147,0.118199022117077
"12899","20074.16",12899,17695137,-0.379602819911721
"12900","20074.16",12900,17696145,0.475240462170762
"12901","20074.16",12901,17696388,-0.457132350237132
"12902","20074.16",12902,17696422,-0.0152226365186143
"12903","20074.16",12903,17699268,0.469841598778225
"12904","20074.16",12904,17699883,0.138566482501145
"12905","20074.16",12905,17700204,0.511595751968238
"12906","20074.16",12906,17704122,-0.45564463439864
"12907","20074.16",12907,17704188,-0.235448311194662
"12908","20074.16",12908,17705580,-0.411488780654159
"12909","20074.16",12909,17712340,0.214773608132613
"12910","20074.16",12910,17712510,-0.723810246484884
"12911","20074.16",12911,17715822,-0.594196280794246
"12912","20074.16",12912,17716775,0.515258818270572
"12913","20074.16",12913,17716910,0.518509726568138
"12914","20074.16",12914,17717194,0.340147240473375
"12915","20074.16",12915,17717518,0.986009472434087
"12916","20074.16",12916,17718621,0.140881687171192
"12917","20074.16",12917,17719182,-0.513758218817959
"12918","20074.16",12918,17722115,0.380583173967847
"12919","20074.16",12919,17722337,0.92298610649542
"12920","20074.16",12920,17727219,-0.202379137790757
"12921","20074.16",12921,17728924,-0.257991062840596
"12922","20074.16",12922,17729344,-0.0345778077836192
"12923","20074.16",12923,17729432,0.0365216021255073
"12924","20074.16",12924,17730142,0.0811700225232741
"12925","20074.16",12925,17731713,-0.0037879434323651
"12926","20074.16",12926,17731810,-0.865560133300459
"12927","20074.16",12927,17732625,-0.170101850091045
"12928","20074.16",12928,17733322,-1.09922970034566
"12929","20074.16",12929,17734062,-0.463611967948035
"12930","20074.16",12930,17736226,-0.582520046799158
"12931","20074.16",12931,17738062,-0.258250170707357
"12932","20074.16",12932,17739691,-0.492649483134198
"12933","20074.16",12933,17739692,-0.327193956880873
"12934","20074.16",12934,17739956,0.0119290244947665
"12935","20074.16",12935,17747258,-0.148244339675237
"12936","20074.16",12936,17747546,-0.446228834229138
"12937","20074.16",12937,17752309,-0.442085035231849
"12938","20074.16",12938,17754069,-0.207931162627686
"12939","20074.16",12939,17756541,0.339048195403934
"12940","20074.16",12940,17756985,0.0311691077085845
"12941","20074.16",12941,17757460,-0.281190090719124
"12942","20074.16",12942,17762414,0.401554781671392
"12943","20074.16",12943,17762605,-0.699216686609581
"12944","20074.16",12944,17763243,0.0290059938052982
"12945","20074.16",12945,17768380,0.480848362500276
"12946","20074.16",12946,17768908,-1.32817603970817
"12947","20074.16",12947,17771109,0.385918698928912
"12948","20074.16",12948,17771454,-0.0513481631882078
"12949","20074.16",12949,17773932,-0.339337355150911
"12950","20074.16",12950,17774057,-0.0249124876272404
"12951","20074.16",12951,17777073,-0.21758585584081
"12952","20074.16",12952,17780194,-0.822758575520503
"12953","20074.16",12953,17781550,0.475609993194506
"12954","20074.16",12954,17782908,0.335575890921025
"12955","20074.16",12955,17784047,0.165223382327764
"12956","20074.16",12956,17784253,-0.212475195330394
"12957","20074.16",12957,17784977,0.209463790299714
"12958","20074.16",12958,17785031,0.349367095544793
"12959","20074.16",12959,17785702,0.163629067708744
"12960","20074.16",12960,17786618,-0.474534313239918
"12961","20074.16",12961,17786650,-0.208529793366519
"12962","20074.16",12962,17790537,0.111853596074309
"12963","20074.16",12963,17790691,-0.0395232997475832
"12964","20074.16",12964,17790943,-1.28815617702866
"12965","20074.16",12965,17796189,0.437029086818792
"12966","20074.16",12966,17796671,0.30293360021055
"12967","20074.16",12967,17800717,-0.345281312150681
"12968","20074.16",12968,17802989,-0.403374524211394
"12969","20074.16",12969,17804027,-0.566590785913275
"12970","20074.16",12970,17805123,0.778200391295374
"12971","20074.16",12971,17806246,-0.799962599577055
"12972","20074.16",12972,17809035,-0.461567568959471
"12973","20074.16",12973,17809783,0.650196664226063
"12974","20074.16",12974,17811497,-0.845484731551344
"12975","20074.16",12975,17812718,-2.00782392406849
"12976","20074.16",12976,17812761,0.447678683146404
"12977","20074.16",12977,17813626,0.110268365689407
"12978","20074.16",12978,17815086,-0.611304038093353
"12979","20074.16",12979,17815135,0.367978762696509
"12980","20074.16",12980,17815811,-0.244131144605721
"12981","20074.16",12981,17817309,0.087236387321667
"12982","20074.16",12982,17819010,-0.230497743731888
"12983","20074.16",12983,17826010,-0.294509961792553
"12984","20074.16",12984,17826468,0.120821217520036
"12985","20074.16",12985,17826753,-0.505451460357151
"12986","20074.16",12986,17832797,0.024702834713568
"12987","20074.16",12987,17837164,0.075651878895533
"12988","20074.16",12988,17839413,0.0256537764777223
"12989","20074.16",12989,17844312,-0.247411746346096
"12990","20074.16",12990,17844849,-0.510570999815108
"12991","20074.16",12991,17845571,0.42373405791492
"12992","20074.16",12992,17846570,0.620677773469187
"12993","20074.16",12993,17847441,-0.181281736729979
"12994","20074.16",12994,17849132,0.207698887314393
"12995","20074.16",12995,17850585,0.586335538554214
"12996","20074.16",12996,17850896,-0.0400147705925784
"12997","20074.16",12997,17851399,0.152638653285385
"12998","20074.16",12998,17851620,-0.151749706822065
"12999","20074.16",12999,17854923,-0.581995049113438
"13000","20074.16",13000,17855194,0.766544612973369
"13001","20074.16",13001,17855617,0.186396036983361
"13002","20074.16",13002,17856020,-0.0460957264927275
"13003","20074.16",13003,17859008,0.46005949710976
"13004","20074.16",13004,17859933,-0.530291154692416
"13005","20074.16",13005,17861222,0.329314849408894
"13006","20074.16",13006,17863894,0.0886877883205024
"13007","20074.16",13007,17864202,-0.441862308206544
"13008","20074.16",13008,17864721,0.139487102281674
"13009","20074.16",13009,17869061,-0.439638226008713
"13010","20074.16",13010,17871128,-0.455054972502723
"13011","20074.16",13011,17872588,0.41934847025587
"13012","20074.16",13012,17872709,-1.24248828281914
"13013","20074.16",13013,17875911,1.0389558480888
"13014","20074.16",13014,17876752,-0.718429185403143
"13015","20074.16",13015,17880162,0.412647537908474
"13016","20074.16",13016,17882672,0.475817484325535
"13017","20074.16",13017,17882688,-0.385235589006643
"13018","20074.16",13018,17883558,-0.189162480502762
"13019","20074.16",13019,17884807,1.41749649450979
"13020","20074.16",13020,17885069,-0.38774212459246
"13021","20074.16",13021,17892486,-0.464138441878383
"13022","20074.16",13022,17892677,-0.0443681662484599
"13023","20074.16",13023,17893747,0.147113387274248
"13024","20074.16",13024,17898255,-0.222247016524823
"13025","20074.16",13025,17900941,-0.527496148549996
"13026","20074.16",13026,17901538,-0.218486570454601
"13027","20074.16",13027,17901573,0.334441003912695
"13028","20074.16",13028,17903991,0.339898837299709
"13029","20074.16",13029,17905043,0.00482245500652034
"13030","20074.16",13030,17912586,-0.13027891759859
"13031","20074.16",13031,17914589,0.176958220504963
"13032","20074.16",13032,17915177,0.77271660667756
"13033","20074.16",13033,17916191,0.511318357002408
"13034","20074.16",13034,17916411,-0.554800333366929
"13035","20074.16",13035,17919458,0.0391535804507965
"13036","20074.16",13036,17919863,-0.0795595387742809
"13037","20074.16",13037,17920304,0.00355605517960811
"13038","20074.16",13038,17920503,0.446978096837724
"13039","20074.16",13039,17922072,0.464669643278783
"13040","20074.16",13040,17922110,0.748870161500254
"13041","20074.16",13041,17922578,-0.336428362623741
"13042","20074.16",13042,17923032,0.373727376774755
"13043","20074.16",13043,17924844,-0.414189731396221
"13044","20074.16",13044,17925523,0.111950449430253
"13045","20074.16",13045,17925715,0.27482969449624
"13046","20074.16",13046,17928892,0.295694755552449
"13047","20074.16",13047,17929195,1.02138246575563
"13048","20074.16",13048,17934738,0.321826992516464
"13049","20074.16",13049,17937634,0.335833640261632
"13050","20074.16",13050,17938010,-0.581822301154076
"13051","20074.16",13051,17939127,-0.406706960435319
"13052","20074.16",13052,17940068,-0.320300865682054
"13053","20074.16",13053,17945129,-1.44406668839152
"13054","20074.16",13054,17945789,-0.256837002590092
"13055","20074.16",13055,17947127,0.393528324672872
"13056","20074.16",13056,17947198,0.677192091352411
"13057","20074.16",13057,17947474,0.135746036155616
"13058","20074.16",13058,17950045,0.434803724533901
"13059","20074.16",13059,17950096,0.0320651323111667
"13060","20074.16",13060,17950419,-0.0621849906167977
"13061","20074.16",13061,17951218,-0.339299169858664
"13062","20074.16",13062,17951390,-0.426927412044198
"13063","20074.16",13063,17953418,0.568467282610565
"13064","20074.16",13064,17955592,0.362945649902986
"13065","20074.16",13065,17961050,-1.16265141921299
"13066","20074.16",13066,17962035,-0.0568692845642422
"13067","20074.16",13067,17963387,0.338177252989948
"13068","20074.16",13068,17963706,0.610583354744997
"13069","20074.16",13069,17969661,-0.607948354760552
"13070","20074.16",13070,17970601,0.25386824579424
"13071","20074.16",13071,17971491,-0.159081263967347
"13072","20074.16",13072,17977278,0.388942455883057
"13073","20074.16",13073,17977400,-0.088309013259833
"13074","20074.16",13074,17981443,-0.359467154085646
"13075","20074.16",13075,17981776,1.21723820976069
"13076","20074.16",13076,17982500,-2.03038332799155
"13077","20074.16",13077,17986040,-0.0787175419981567
"13078","20074.16",13078,17988303,0.220201809455949
"13079","20074.16",13079,17988928,0.428489084431049
"13080","20074.16",13080,17988987,-1.95452759670841
"13081","20074.16",13081,17990253,-0.0657435396702493
"13082","20074.16",13082,17990287,0.97694623938514
"13083","20074.16",13083,17990317,0.925415036610887
"13084","20074.16",13084,17990339,0.747031252876861
"13085","20074.16",13085,17990615,0.204277192237792
"13086","20074.16",13086,17992190,-0.663488445230643
"13087","20074.16",13087,17992833,0.114328485874622
"13088","20074.16",13088,17992847,0.482898111834385
"13089","20074.16",13089,17993230,-0.211598077944702
"13090","20074.16",13090,17994157,0.439212769629173
"13091","20074.16",13091,17994640,0.241494394116134
"13092","20074.16",13092,17994688,0.0922736777780084
"13093","20074.16",13093,17995393,-0.0687553422748479
"13094","20074.16",13094,17996286,-0.913465717585283
"13095","20074.16",13095,18006186,-0.567736096913433
"13096","20074.16",13096,18006548,-0.729368452743554
"13097","20074.16",13097,18006577,0.435489189353992
"13098","20074.16",13098,18007223,0.456586094321533
"13099","20074.16",13099,18007432,0.360597516456393
"13100","20074.16",13100,18007501,0.247548318672773
"13101","20074.16",13101,18007930,-0.901600922431676
"13102","20074.16",13102,18008335,-0.48439160434839
"13103","20074.16",13103,18011168,0.0509487166819653
"13104","20074.16",13104,18011582,0.246487377141569
"13105","20074.16",13105,18014689,-0.425096669288616
"13106","20074.16",13106,18017035,-0.0536005242228512
"13107","20074.16",13107,18017052,0.0438736403339428
"13108","20074.16",13108,18017738,-0.0673912536225378
"13109","20074.16",13109,18018239,0.549889531452107
"13110","20074.16",13110,18019058,0.25049753295812
"13111","20074.16",13111,18019076,-1.1795870262562
"13112","20074.16",13112,18020295,-0.18690554642154
"13113","20074.16",13113,18022224,0.358995559860259
"13114","20074.16",13114,18022238,0.506416286560394
"13115","20074.16",13115,18022296,0.539351427409616
"13116","20074.16",13116,18023384,0.159760015819923
"13117","20074.16",13117,18023856,0.347982730809529
"13118","20074.16",13118,18023977,0.335068560944763
"13119","20074.16",13119,18024092,0.579548275069677
"13120","20074.16",13120,18024110,-0.0590906903198141
"13121","20074.16",13121,18024230,-0.311820855154887
"13122","20074.16",13122,18024478,-0.999055435325397
"13123","20074.16",13123,18024622,0.351885876127722
"13124","20074.16",13124,18027371,0.875903585285584
"13125","20074.16",13125,18030532,-0.3196321130043
"13126","20074.16",13126,18032730,-0.502353644684346
"13127","20074.16",13127,18033378,0.00101442464430246
"13128","20074.16",13128,18033611,-0.264340760433324
"13129","20074.16",13129,18034704,-1.24029879863017
"13130","20074.16",13130,18035018,-0.618402500826934
"13131","20074.16",13131,18037304,0.206838337230065
"13132","20074.16",13132,18037612,0.133483758167526
"13133","20074.16",13133,18038039,-0.395946254986616
"13134","20074.16",13134,18039741,-0.0968391924380869
"13135","20074.16",13135,18040801,-0.726693701430844
"13136","20074.16",13136,18043003,0.329553580972388
"13137","20074.16",13137,18043332,0.787904388286853
"13138","20074.16",13138,18044498,0.17302012260855
"13139","20074.16",13139,18045316,-0.719645352955444
"13140","20074.16",13140,18050926,0.651523221975459
"13141","20074.16",13141,18051504,0.5886924600489
"13142","20074.16",13142,18053410,-0.34575324229882
"13143","20074.16",13143,18056076,-0.617091491132935
"13144","20074.16",13144,18057222,0.718513792162008
"13145","20074.16",13145,18057549,0.000139010257439232
"13146","20074.16",13146,18057598,0.131756925605233
"13147","20074.16",13147,18062136,0.651672078737886
"13148","20074.16",13148,18062304,-0.0212533725230504
"13149","20074.16",13149,18062696,-0.0992346028219977
"13150","20074.16",13150,18063739,-0.3193299275524
"13151","20074.16",13151,18064645,-0.41396215030478
"13152","20074.16",13152,18067234,-0.274788875424322
"13153","20074.16",13153,18067296,-0.11360569780552
"13154","20074.16",13154,18067516,-1.02002458083503
"13155","20074.16",13155,18068075,0.671579020282603
"13156","20074.16",13156,18068642,0.331030679701587
"13157","20074.16",13157,18068778,0.361916702718733
"13158","20074.16",13158,18069258,0.0237085003035515
"13159","20074.16",13159,18069465,0.818783733598099
"13160","20074.16",13160,18069548,1.04544216108945
"13161","20074.16",13161,18070749,1.00906830245828
"13162","20074.16",13162,18072187,-0.235944172572901
"13163","20074.16",13163,18073406,0.240870226114373
"13164","20074.16",13164,18074062,-0.219553630908753
"13165","20074.16",13165,18074463,0.867392566109623
"13166","20074.16",13166,18075149,0.468593666052059
"13167","20074.16",13167,18078684,0.651639478576251
"13168","20074.16",13168,18080862,-0.0602651229066851
"13169","20074.16",13169,18085272,-0.389463138195192
"13170","20074.16",13170,18086102,0.042638873837924
"13171","20074.16",13171,18086321,1.0050554440278
"13172","20074.16",13172,18086557,0.834966163155618
"13173","20074.16",13173,18087574,0.528337451518499
"13174","20074.16",13174,18091220,-0.0324783204177281
"13175","20074.16",13175,18091728,0.0566393430806933
"13176","20074.16",13176,18091955,0.767488669396582
"13177","20074.16",13177,18092037,-0.417022190349366
"13178","20074.16",13178,18092214,-0.57549425445538
"13179","20074.16",13179,18094687,-0.449664796876499
"13180","20074.16",13180,18095321,-0.72281592900872
"13181","20074.16",13181,18101113,0.30774007906744
"13182","20074.16",13182,18101302,-0.578647789144491
"13183","20074.16",13183,18103546,0.858421540890387
"13184","20074.16",13184,18103992,0.501174366536545
"13185","20074.16",13185,18105520,0.287438074682504
"13186","20074.16",13186,18105747,0.245975063572705
"13187","20074.16",13187,18108207,0.0648496931033815
"13188","20074.16",13188,18108454,0.632708447518056
"13189","20074.16",13189,18108524,0.286855723942762
"13190","20074.16",13190,18108555,0.440395777889214
"13191","20074.16",13191,18109745,0.232178868368027
"13192","20074.16",13192,18110784,0.0942341763082393
"13193","20074.16",13193,18111633,-0.380074436337196
"13194","20074.16",13194,18111709,-0.312317686791599
"13195","20074.16",13195,18111925,0.425253248616049
"13196","20074.16",13196,18112073,-0.288079058234859
"13197","20074.16",13197,18112322,0.503159862037278
"13198","20074.16",13198,18113535,-0.22555465771809
"13199","20074.16",13199,18113614,0.00956467549890316
"13200","20074.16",13200,18115231,-0.257641528365458
"13201","20074.16",13201,18116580,0.0536084833641652
"13202","20074.16",13202,18116792,0.726492036507476
"13203","20074.16",13203,18118094,-0.0683361277965178
"13204","20074.16",13204,18119323,0.575552149429581
"13205","20074.16",13205,18120941,-0.57862319150907
"13206","20074.16",13206,18121199,-0.449632599709345
"13207","20074.16",13207,18121274,-0.279492968346605
"13208","20074.16",13208,18124560,-0.057146052013529
"13209","20074.16",13209,18125091,0.470105871547367
"13210","20074.16",13210,18128473,-0.661181415271005
"13211","20074.16",13211,18135446,0.0964040332691773
"13212","20074.16",13212,18135576,0.3356065374249
"13213","20074.16",13213,18135695,0.722847384558654
"13214","20074.16",13214,18136422,0.0239848243385135
"13215","20074.16",13215,18136860,1.02183280233707
"13216","20074.16",13216,18137420,0.215639473425075
"13217","20074.16",13217,18138059,-0.224081778018504
"13218","20074.16",13218,18139325,0.14287947176003
"13219","20074.16",13219,18140017,0.614547724826772
"13220","20074.16",13220,18141377,-0.50951252883483
"13221","20074.16",13221,18143717,0.440609880590288
"13222","20074.16",13222,18143987,0.521046223518847
"13223","20074.16",13223,18144882,0.0951082669120993
"13224","20074.16",13224,18145100,0.0263903843721325
"13225","20074.16",13225,18145753,0.831319991627692
"13226","20074.16",13226,18145765,0.824868214159094
"13227","20074.16",13227,18151017,-1.55731643481226
"13228","20074.16",13228,18152486,0.712682434036368
"13229","20074.16",13229,18152553,0.226526322820066
"13230","20074.16",13230,18153171,0.882314985590246
"13231","20074.16",13231,18153375,0.0865982133417873
"13232","20074.16",13232,18157612,-1.10418040364229
"13233","20074.16",13233,18157747,-0.856118514359324
"13234","20074.16",13234,18158618,0.100475657074212
"13235","20074.16",13235,18158749,0.235079089959796
"13236","20074.16",13236,18161498,-0.90936172620242
"13237","20074.16",13237,18161771,0.0205350198610033
"13238","20074.16",13238,18162233,0.636502851537656
"13239","20074.16",13239,18162356,0.224525280893946
"13240","20074.16",13240,18162557,-0.391924324002458
"13241","20074.16",13241,18162969,0.219846732239542
"13242","20074.16",13242,18164698,0.745703369725555
"13243","20074.16",13243,18165043,0.702078636197931
"13244","20074.16",13244,18166460,0.0901837482687418
"13245","20074.16",13245,18167518,-0.527736764937249
"13246","20074.16",13246,18172482,-1.04889364983687
"13247","20074.16",13247,18176889,0.523149614282823
"13248","20074.16",13248,18177322,-0.174238131439451
"13249","20074.16",13249,18181985,-0.363484864013741
"13250","20074.16",13250,18198718,-0.455037137938496
"13251","20074.16",13251,18228119,-0.761286382123808
"13252","20074.16",13252,18231289,0.0801838064843379
"13253","20074.16",13253,18238290,-0.580331689834422
"13254","20074.16",13254,18242727,0.155024479021772
"13255","20074.16",13255,18243037,-0.0418539523524304
"13256","20074.16",13256,18247291,-0.244247023907366
"13257","20074.16",13257,18255924,0.159548626883548
"13258","20074.16",13258,18262174,0.240839923621497
"13259","20074.16",13259,18266540,-0.734719752238193
"13260","20074.16",13260,18285074,1.05781916548423
"13261","20074.16",13261,18286516,0.165793529214917
"13262","20074.16",13262,18305986,-0.176299005885097
"13263","20074.16",13263,18314234,0.457174843248187
"13264","20074.16",13264,18336855,0.775582784700814
"13265","20074.16",13265,18354758,0.131080487145351
"13266","20074.16",13266,18378856,-0.350585890288089
"13267","20074.16",13267,18429386,0.709326978995956
"13268","20074.16",13268,18551588,-0.443696483864471
"13269","20074.16",13269,18556721,0.10553042916362
"13270","20074.16",13270,18557212,-1.05673344066156
"13271","20074.16",13271,18576257,0.11073373769903
"13272","20074.16",13272,18594401,-0.0446311370996497
"13273","20074.16",13273,18606397,1.184275874232
"13274","20074.16",13274,18606679,0.609215276303575
"13275","20074.16",13275,18627302,-0.336796808577238
"13276","20074.16",13276,18629408,-0.128849071039769
"13277","20074.16",13277,18632356,0.396589216342174
"13278","20074.16",13278,18633417,0.0791360266672223
"13279","20074.16",13279,18635805,0.411361671691357
"13280","20074.16",13280,18643218,-0.14972546829543
"13281","20074.16",13281,18665841,-0.00615499307982326
"13282","20074.16",13282,18677294,-0.332254086047317
"13283","20074.16",13283,18678112,0.567065136211489
"13284","20074.16",13284,18699857,-0.0496293707694768
"13285","20074.16",13285,18704193,0.00657554613008138
"13286","20074.16",13286,18716256,-0.891609849444695
"13287","20074.16",13287,18717306,-0.884255784921769
"13288","20074.16",13288,18723831,0.754434835527962
"13289","20074.16",13289,18724848,0.234493862153963
"13290","20074.16",13290,18726037,-0.302907584621483
"13291","20074.16",13291,18727232,0.746034751598782
"13292","20074.16",13292,18742111,0.0410090766538875
"13293","20074.16",13293,18743063,-0.965888448064499
"13294","20074.16",13294,18748576,0.789793144956692
"13295","20074.16",13295,18761094,-1.50770373358388
"13296","20074.16",13296,18762457,-0.534076927861397
"13297","20074.16",13297,18766230,-0.072237427080208
"13298","20074.16",13298,18768119,-1.07146767970483
"13299","20074.16",13299,18768693,0.196431068719654
"13300","20074.16",13300,18770847,0.835786990337538
"13301","20074.16",13301,18779448,0.301121473602591
"13302","20074.16",13302,18779779,0.452291750417273
"13303","20074.16",13303,18779957,-0.493552869390787
"13304","20074.16",13304,18783160,0.231032694008452
"13305","20074.16",13305,18783174,0.095670613334673
"13306","20074.16",13306,18791109,-0.107591267710596
"13307","20074.16",13307,18791865,-0.00330757135265625
"13308","20074.16",13308,18792711,0.549028978600734
"13309","20074.16",13309,18796590,0.184101775969348
"13310","20074.16",13310,18804432,-0.126648009208631
"13311","20074.16",13311,18805060,-0.00110170761281303
"13312","20074.16",13312,18808391,-0.75583740980571
"13313","20074.16",13313,18808403,-0.177924732515323
"13314","20074.16",13314,18809341,-0.144964910854687
"13315","20074.16",13315,18821191,0.175380692986141
"13316","20074.16",13316,18822391,0.479691694368607
"13317","20074.16",13317,18822930,0.366054549276767
"13318","20074.16",13318,18823192,0.369285656773637
"13319","20074.16",13319,18823582,-0.499258431912752
"13320","20074.16",13320,18823607,0.836689962341098
"13321","20074.16",13321,18830939,0.0456965864827046
"13322","20074.16",13322,18831920,0.515816142559376
"13323","20074.16",13323,18832076,-0.521944070894852
"13324","20074.16",13324,18839362,0.826147460721407
"13325","20074.16",13325,18839496,0.198567940880615
"13326","20074.16",13326,18839672,-0.487243456939104
"13327","20074.16",13327,18839788,0.719741225051902
"13328","20074.16",13328,18840039,-0.0596104557574648
"13329","20074.16",13329,18841259,0.435047381285648
"13330","20074.16",13330,18843684,0.238644696275729
"13331","20074.16",13331,18843833,0.654593962039418
"13332","20074.16",13332,18845022,0.136781422848578
"13333","20074.16",13333,18845167,0.0667325317346821
"13334","20074.16",13334,18850075,-0.00624654533505531
"13335","20074.16",13335,18850216,-0.0401293426266038
"13336","20074.16",13336,18850557,-0.246648079656281
"13337","20074.16",13337,18852818,1.37815521992749
"13338","20074.16",13338,18853349,0.0757957622700527
"13339","20074.16",13339,18856299,-0.649238071092359
"13340","20074.16",13340,18856502,-0.578079608760146
"13341","20074.16",13341,18857113,-0.0676324365602339
"13342","20074.16",13342,18857279,-0.257613520061629
"13343","20074.16",13343,18859430,0.90877252672843
"13344","20074.16",13344,18860078,0.374312705330571
"13345","20074.16",13345,18862633,-0.176422718133824
"13346","20074.16",13346,18862779,0.406604740623535
"13347","20074.16",13347,18866208,-0.142982571378541
"13348","20074.16",13348,18867294,0.000973732620556333
"13349","20074.16",13349,18870979,-0.753259217760011
"13350","20074.16",13350,18874823,-1.40979737047165
"13351","20074.16",13351,18881515,0.973558322386059
"13352","20074.16",13352,18882008,0.0352670845283898
"13353","20074.16",13353,18893102,-0.742134054205823
"13354","20074.16",13354,18893581,-0.670476953358898
"13355","20074.16",13355,18895591,0.425993198323469
"13356","20074.16",13356,18897757,-0.992795592009995
"13357","20074.16",13357,18904397,0.0787268284006934
"13358","20074.16",13358,18910039,0.123521349844312
"13359","20074.16",13359,18910558,-0.926895217846324
"13360","20074.16",13360,18911404,1.16876624907507
"13361","20074.16",13361,18911908,-0.176516849520731
"13362","20074.16",13362,18917852,0.584005740727183
"13363","20074.16",13363,18922351,0.920826092601126
"13364","20074.16",13364,18923054,-0.243480540409267
"13365","20074.16",13365,18928701,-0.129863590197951
"13366","20074.16",13366,18931592,-1.49670149211376
"13367","20074.16",13367,18932075,-1.80458846065272
"13368","20074.16",13368,18936122,-0.702249540408396
"13369","20074.16",13369,18940674,0.271433756415205
"13370","20074.16",13370,18943325,-0.0598185826510793
"13371","20074.16",13371,18944021,-0.847874757330537
"13372","20074.16",13372,18950585,-0.939617532153517
"13373","20074.16",13373,18951083,-0.375374838773851
"13374","20074.16",13374,18957788,-0.64925351717334
"13375","20074.16",13375,18960252,-0.788947747823872
"13376","20074.16",13376,18962661,-0.302865967964641
"13377","20074.16",13377,18967374,0.601679042769866
"13378","20074.16",13378,18967884,0.0314803666272052
"13379","20074.16",13379,18968447,0.460638770798037
"13380","20074.16",13380,18970155,0.927452376060372
"13381","20074.16",13381,18970283,0.103047276463052
"13382","20074.16",13382,18970621,0.650898066541443
"13383","20074.16",13383,18971635,-0.883500494481662
"13384","20074.16",13384,18975414,0.0631881885105736
"13385","20074.16",13385,18981493,0.157668218907978
"13386","20074.16",13386,18982096,-0.377793827107928
"13387","20074.16",13387,18982685,0.778182391353961
"13388","20074.16",13388,18982732,-0.430894366829389
"13389","20074.16",13389,18983015,0.72675908467232
"13390","20074.16",13390,18987960,-0.568398450644323
"13391","20074.16",13391,18989484,-0.68910253064616
"13392","20074.16",13392,18990226,-0.79726162019702
"13393","20074.16",13393,18994676,0.213538878320277
"13394","20074.16",13394,18994805,-1.31773419592093
"13395","20074.16",13395,18994925,-0.183398789720578
"13396","20074.16",13396,18999674,0.611065060120654
"13397","20074.16",13397,19000013,-0.301996287218642
"13398","20074.16",13398,19003182,1.10873299490245
"13399","20074.16",13399,19010838,1.0517162030811
"13400","20074.16",13400,19010873,0.396783906297743
"13401","20074.16",13401,19010889,-0.0796284734153225
"13402","20074.16",13402,19011445,-1.41280945707156
"13403","20074.16",13403,19015434,0.321124331304991
"13404","20074.16",13404,19020661,-1.44020954684094
"13405","20074.16",13405,19032418,-0.90626071977811
"13406","20074.16",13406,19032780,1.5945971727119
"13407","20074.16",13407,19033957,-0.50082569457795
"13408","20074.16",13408,19033992,0.959916478129464
"13409","20074.16",13409,19035115,-0.538940850396834
"13410","20074.16",13410,19035214,-0.267319220406758
"13411","20074.16",13411,19040690,-0.0740975805278277
"13412","20074.16",13412,19043461,0.793381367875605
"13413","20074.16",13413,19043541,0.798116534401939
"13414","20074.16",13414,19046840,-0.706729400095733
"13415","20074.16",13415,19048375,0.235641577021734
"13416","20074.16",13416,19049378,0.361364826333243
"13417","20074.16",13417,19051877,-0.828331391536267
"13418","20074.16",13418,19052601,0.454920878109333
"13419","20074.16",13419,19053101,0.872299790841446
"13420","20074.16",13420,19053117,0.276545707992402
"13421","20074.16",13421,19056515,-0.303624992738425
"13422","20074.16",13422,19058185,-0.293670021808617
"13423","20074.16",13423,19060189,0.00856464903449883
"13424","20074.16",13424,19060821,0.111526202759067
"13425","20074.16",13425,19060862,0.481906658945086
"13426","20074.16",13426,19060948,-0.440335841538429
"13427","20074.16",13427,19061150,0.0173010386423291
"13428","20074.16",13428,19067272,0.0800578549758955
"13429","20074.16",13429,19067896,0.871458947620906
"13430","20074.16",13430,19068657,-0.844234100805767
"13431","20074.16",13431,19069834,0.596656009169545
"13432","20074.16",13432,19073398,-0.0544640077237597
"13433","20074.16",13433,19075191,1.08402875188617
"13434","20074.16",13434,19080497,-0.547193681197246
"13435","20074.16",13435,19081065,0.709131250327617
"13436","20074.16",13436,19082101,-1.18945937026739
"13437","20074.16",13437,19083035,-0.352421109031766
"13438","20074.16",13438,19083221,0.808203050171307
"13439","20074.16",13439,19084892,-0.215917883659916
"13440","20074.16",13440,19084995,-0.446451001373799
"13441","20074.16",13441,19085298,0.685294272275784
"13442","20074.16",13442,19085993,0.517758153013921
"13443","20074.16",13443,19088425,0.0454308493044282
"13444","20074.16",13444,19089226,-0.332696622426781
"13445","20074.16",13445,19089562,-0.558225935929447
"13446","20074.16",13446,19092538,-0.805969483390883
"13447","20074.16",13447,19093440,0.914786187282517
"13448","20074.16",13448,19094356,-0.346669509380034
"13449","20074.16",13449,19095415,-0.0172698358034662
"13450","20074.16",13450,19095452,0.305326875137514
"13451","20074.16",13451,19096513,0.546027830637997
"13452","20074.16",13452,19098324,-0.0175823507205815
"13453","20074.16",13453,19099808,0.457740148533222
"13454","20074.16",13454,19108647,0.801233482011834
"13455","20074.16",13455,19109058,-0.235603663650385
"13456","20074.16",13456,19109589,-2.83077314261264
"13457","20074.16",13457,19109992,-0.0431094890367012
"13458","20074.16",13458,19111390,-0.093129745265621
"13459","20074.16",13459,19112156,-0.810644510469808
"13460","20074.16",13460,19112320,-0.00051864119904721
"13461","20074.16",13461,19114026,-0.709275188564856
"13462","20074.16",13462,19114842,0.166228456020909
"13463","20074.16",13463,19115057,-0.45062543194457
"13464","20074.16",13464,19116793,0.0191135910352971
"13465","20074.16",13465,19117476,-0.50161514831819
"13466","20074.16",13466,19117635,0.861423912813716
"13467","20074.16",13467,19117670,1.31671900103172
"13468","20074.16",13468,19117861,0.155102505828443
"13469","20074.16",13469,19118925,-0.730982296059601
"13470","20074.16",13470,19119702,0.342513274295622
"13471","20074.16",13471,19122698,-0.87686766829064
"13472","20074.16",13472,19122743,0.0500301076492828
"13473","20074.16",13473,19124310,-0.12535246023349
"13474","20074.16",13474,19128739,0.0426662451101478
"13475","20074.16",13475,19128775,-0.0038521047764366
"13476","20074.16",13476,19130402,-0.989246879753698
"13477","20074.16",13477,19132350,0.373934588242819
"13478","20074.16",13478,19132780,-0.292231731347333
"13479","20074.16",13479,19133121,0.269216511937558
"13480","20074.16",13480,19133164,-0.269652199569409
"13481","20074.16",13481,19133875,0.553932177442511
"13482","20074.16",13482,19134073,-0.782781979343903
"13483","20074.16",13483,19135885,-0.304069561748712
"13484","20074.16",13484,19138649,-0.489149081143841
"13485","20074.16",13485,19143250,0.283414394374428
"13486","20074.16",13486,19143817,0.28332395817892
"13487","20074.16",13487,19148067,0.153501884631853
"13488","20074.16",13488,19148388,0.0833253281978559
"13489","20074.16",13489,19148688,0.139133786758027
"13490","20074.16",13490,19148763,0.572299226683236
"13491","20074.16",13491,19151131,-0.028336358031777
"13492","20074.16",13492,19154522,0.0169527591136411
"13493","20074.16",13493,19154690,0.0870218945142485
"13494","20074.16",13494,19154921,0.572422610733544
"13495","20074.16",13495,19156016,0.934413301717648
"13496","20074.16",13496,19156137,0.320625571711685
"13497","20074.16",13497,19158645,0.706235658571535
"13498","20074.16",13498,19160719,-0.00176278488494752
"13499","20074.16",13499,19164451,-0.160065003349856
"13500","20074.16",13500,19164885,0.187189129279944
"13501","20074.16",13501,19165170,0.222818424122885
"13502","20074.16",13502,19166732,-0.164153854803452
"13503","20074.16",13503,19167621,0.451298125683805
"13504","20074.16",13504,19168043,-0.175393047222391
"13505","20074.16",13505,19169076,0.0739857184001975
"13506","20074.16",13506,19170417,0.728778762981487
"13507","20074.16",13507,19171940,-0.61418734390065
"13508","20074.16",13508,19172532,-0.467457105601379
"13509","20074.16",13509,19172982,-0.0680388334743229
"13510","20074.16",13510,19177467,-0.688573074548102
"13511","20074.16",13511,19178515,-0.0933270148517877
"13512","20074.16",13512,19181864,0.0100716053334633
"13513","20074.16",13513,19183408,-0.858471657992316
"13514","20074.16",13514,19184061,-0.453921931943669
"13515","20074.16",13515,19189103,-0.0517872939537307
"13516","20074.16",13516,19189303,0.24207513830908
"13517","20074.16",13517,19190066,-0.66068314955774
"13518","20074.16",13518,19193807,0.977679387996928
"13519","20074.16",13519,19193876,0.705832368880512
"13520","20074.16",13520,19194104,-0.0659209767797817
"13521","20074.16",13521,19195643,0.00207166604638509
"13522","20074.16",13522,19198199,0.293062174242041
"13523","20074.16",13523,19198505,-0.572617580132917
"13524","20074.16",13524,19205562,0.237129207871835
"13525","20074.16",13525,19206249,0.595821543366312
"13526","20074.16",13526,19206408,0.98325250250679
"13527","20074.16",13527,19206647,-0.265681264506464
"13528","20074.16",13528,19207526,0.0849958568523963
"13529","20074.16",13529,19208316,-0.656848225274818
"13530","20074.16",13530,19208505,-0.00338331178935913
"13531","20074.16",13531,19209052,-0.0313955308694753
"13532","20074.16",13532,19209218,0.556125471374494
"13533","20074.16",13533,19209610,0.160937378251574
"13534","20074.16",13534,19209719,0.552242255430849
"13535","20074.16",13535,19211274,-0.599376284843079
"13536","20074.16",13536,19214303,0.805970433045657
"13537","20074.16",13537,19214337,0.399120012647884
"13538","20074.16",13538,19214389,0.164535567703631
"13539","20074.16",13539,19215303,-0.813178558266796
"13540","20074.16",13540,19217159,0.5233382641834
"13541","20074.16",13541,19220494,-0.145947353846775
"13542","20074.16",13542,19223970,0.106829269017956
"13543","20074.16",13543,19228597,-0.0863939583632352
"13544","20074.16",13544,19229662,0.789050243334978
"13545","20074.16",13545,19230165,0.237993439193361
"13546","20074.16",13546,19232845,0.0807109675738023
"13547","20074.16",13547,19233680,0.393536563202384
"13548","20074.16",13548,19233781,0.655450538389618
"13549","20074.16",13549,19234089,0.891581875681864
"13550","20074.16",13550,19234743,-0.546556135018659
"13551","20074.16",13551,19240388,0.198045954380849
"13552","20074.16",13552,19243839,0.211908769652834
"13553","20074.16",13553,19244528,-0.496396426065461
"13554","20074.16",13554,19246136,-0.218822946843556
"13555","20074.16",13555,19246309,-0.129722123587602
"13556","20074.16",13556,19246524,0.258330770601796
"13557","20074.16",13557,19247797,-1.17414640882054
"13558","20074.16",13558,19247797,-1.27686614770193
"13559","20074.16",13559,19249374,-0.635813934946747
"13560","20074.16",13560,19252764,-0.877492276423246
"13561","20074.16",13561,19255825,0.505591546920622
"13562","20074.16",13562,19256843,0.220353937031983
"13563","20074.16",13563,19257008,0.125360085189751
"13564","20074.16",13564,19262183,-0.100195480315843
"13565","20074.16",13565,19262344,0.508564995873114
"13566","20074.16",13566,19263035,0.279967990222985
"13567","20074.16",13567,19265014,-0.755508614382539
"13568","20074.16",13568,19269427,0.100014177978426
"13569","20074.16",13569,19270499,-0.0471185154853089
"13570","20074.16",13570,19271032,-0.390740146526815
"13571","20074.16",13571,19272241,0.278617563771614
"13572","20074.16",13572,19273107,0.0215987434089264
"13573","20074.16",13573,19276697,-0.653749299047991
"13574","20074.16",13574,19277493,0.00662245790384652
"13575","20074.16",13575,19278625,0.241017363038968
"13576","20074.16",13576,19278692,-0.263251405129044
"13577","20074.16",13577,19278812,0.398443233313285
"13578","20074.16",13578,19279464,0.0268102996019923
"13579","20074.16",13579,19280924,-0.384798106486887
"13580","20074.16",13580,19281890,0.608575339022251
"13581","20074.16",13581,19295239,-0.292433626462535
"13582","20074.16",13582,19295518,0.592927983875165
"13583","20074.16",13583,19296258,-0.231954804252624
"13584","20074.16",13584,19297219,-0.52155356723658
"13585","20074.16",13585,19298004,-1.0971381250844
"13586","20074.16",13586,19299361,0.597324152193548
"13587","20074.16",13587,19299970,0.461371146041196
"13588","20074.16",13588,19300321,-0.0858332897270184
"13589","20074.16",13589,19300349,0.367740784629386
"13590","20074.16",13590,19300571,-0.160555281006585
"13591","20074.16",13591,19300699,0.0493808202906223
"13592","20074.16",13592,19302326,0.0681570250708852
"13593","20074.16",13593,19303018,-0.666028750419716
"13594","20074.16",13594,19303018,-0.876487551463494
"13595","20074.16",13595,19303504,0.00875880897748349
"13596","20074.16",13596,19303802,-0.186425846537119
"13597","20074.16",13597,19303922,-0.706407445712157
"13598","20074.16",13598,19304682,0.0318891760603419
"13599","20074.16",13599,19307632,0.3729948443562
"13600","20074.16",13600,19307863,0.956591061391356
"13601","20074.16",13601,19308513,0.303626716649684
"13602","20074.16",13602,19310092,-0.60898488507022
"13603","20074.16",13603,19316854,0.570714429159858
"13604","20074.16",13604,19317696,0.300462217930774
"13605","20074.16",13605,19319549,-0.171936502310468
"13606","20074.16",13606,19319697,0.300615352921084
"13607","20074.16",13607,19320148,0.0636709809645222
"13608","20074.16",13608,19320460,0.462525098427485
"13609","20074.16",13609,19320797,0.518638454404042
"13610","20074.16",13610,19321178,0.299062304592437
"13611","20074.16",13611,19321748,-0.317104609160676
"13612","20074.16",13612,19321965,0.23723149743191
"13613","20074.16",13613,19322592,-0.297709045953981
"13614","20074.16",13614,19324365,0.233655634436436
"13615","20074.16",13615,19324831,-0.237757090253168
"13616","20074.16",13616,19329990,-0.531834382468835
"13617","20074.16",13617,19330103,0.979271281620945
"13618","20074.16",13618,19330188,0.135759865761048
"13619","20074.16",13619,19330462,0.0358340696284101
"13620","20074.16",13620,19330952,-0.163362838430444
"13621","20074.16",13621,19331108,0.474822674333329
"13622","20074.16",13622,19331138,0.365387127493006
"13623","20074.16",13623,19331243,0.516499281115819
"13624","20074.16",13624,19331301,-0.196627080304236
"13625","20074.16",13625,19331565,0.205173751591081
"13626","20074.16",13626,19331694,0.346460913421745
"13627","20074.16",13627,19331725,-0.464495806290803
"13628","20074.16",13628,19331737,-0.664346554868795
"13629","20074.16",13629,19332072,-0.159078460676424
"13630","20074.16",13630,19336076,-1.03885270098545
"13631","20074.16",13631,19336308,-0.312350420895365
"13632","20074.16",13632,19337034,-0.0612254811754553
"13633","20074.16",13633,19338937,-1.03769311418739
"13634","20074.16",13634,19342719,0.435425738589532
"13635","20074.16",13635,19343809,-0.619558850443546
"13636","20074.16",13636,19344758,-0.179497772954767
"13637","20074.16",13637,19344852,0.442798627211904
"13638","20074.16",13638,19345467,0.462952247049508
"13639","20074.16",13639,19345572,0.310889488596984
"13640","20074.16",13640,19346943,-0.249911142590645
"13641","20074.16",13641,19349136,-0.288881938436787
"13642","20074.16",13642,19349454,0.236117874551538
"13643","20074.16",13643,19349990,0.0309065602688463
"13644","20074.16",13644,19350508,0.91614259808169
"13645","20074.16",13645,19353246,-0.151618575145823
"13646","20074.16",13646,19355132,0.00752459355131574
"13647","20074.16",13647,19355345,-0.0845370169649664
"13648","20074.16",13648,19356005,-0.0660892313790793
"13649","20074.16",13649,19357586,0.644313446829066
"13650","20074.16",13650,19357771,-0.726201956250875
"13651","20074.16",13651,19361008,0.334940771896696
"13652","20074.16",13652,19371087,-0.0373043386896112
"13653","20074.16",13653,19371875,0.369074822920543
"13654","20074.16",13654,19375262,-0.560871779789861
"13655","20074.16",13655,19375297,-0.654784056660197
"13656","20074.16",13656,19375914,0.80527814083179
"13657","20074.16",13657,19375921,-0.373717649995285
"13658","20074.16",13658,19376973,0.515218979286376
"13659","20074.16",13659,19377101,-0.193977369795527
"13660","20074.16",13660,19377813,0.0121960951958648
"13661","20074.16",13661,19379002,-0.0324637655396405
"13662","20074.16",13662,19379842,-0.510484565078278
"13663","20074.16",13663,19380081,0.419248052004083
"13664","20074.16",13664,19380601,-0.606353878554087
"13665","20074.16",13665,19381159,0.237656171799898
"13666","20074.16",13666,19381449,0.76013689460112
"13667","20074.16",13667,19382727,-0.321731889268045
"13668","20074.16",13668,19383845,0.598660696022686
"13669","20074.16",13669,19388177,0.54023270831923
"13670","20074.16",13670,19388990,0.236127584978513
"13671","20074.16",13671,19389776,0.128286101636932
"13672","20074.16",13672,19392820,0.140765230751501
"13673","20074.16",13673,19392852,-0.514537524692601
"13674","20074.16",13674,19393243,0.272522575343673
"13675","20074.16",13675,19393819,-0.331399693106937
"13676","20074.16",13676,19393831,0.121614767901018
"13677","20074.16",13677,19393885,-1.3081254341952
"13678","20074.16",13678,19394244,0.549512275798901
"13679","20074.16",13679,19394927,1.01400947802929
"13680","20074.16",13680,19397356,-0.100654757543179
"13681","20074.16",13681,19397389,0.0411986368228234
"13682","20074.16",13682,19397943,0.456539547418156
"13683","20074.16",13683,19398691,-0.566321305656452
"13684","20074.16",13684,19398704,0.308835119058393
"13685","20074.16",13685,19400788,0.275963068721155
"13686","20074.16",13686,19403894,0.535130251619205
"13687","20074.16",13687,19404600,-0.696130820656435
"13688","20074.16",13688,19404645,0.582578899944983
"13689","20074.16",13689,19404782,0.114788051862811
"13690","20074.16",13690,19406922,0.396517274843418
"13691","20074.16",13691,19410179,-0.629823483685692
"13692","20074.16",13692,19410417,-0.475449773500078
"13693","20074.16",13693,19411803,-0.707042279807984
"13694","20074.16",13694,19413986,1.13464117147354
"13695","20074.16",13695,19414123,0.370358676658875
"13696","20074.16",13696,19414358,-0.304010883981013
"13697","20074.16",13697,19415845,-0.558344730321715
"13698","20074.16",13698,19416512,0.337856122442019
"13699","20074.16",13699,19418181,-0.167072615131291
"13700","20074.16",13700,19420758,-1.0904558074152
"13701","20074.16",13701,19425395,-0.221109540950709
"13702","20074.16",13702,19426403,0.0559319583720619
"13703","20074.16",13703,19430396,-0.0838205829631642
"13704","20074.16",13704,19432419,0.180373488404237
"13705","20074.16",13705,19434757,-0.81891614880678
"13706","20074.16",13706,19437412,-0.18993705787006
"13707","20074.16",13707,19437546,-0.69778768721312
"13708","20074.16",13708,19438632,0.120248612427773
"13709","20074.16",13709,19438999,-0.779441668038848
"13710","20074.16",13710,19439033,0.203574838149387
"13711","20074.16",13711,19443309,0.230045160863503
"13712","20074.16",13712,19444980,0.573829225234667
"13713","20074.16",13713,19449352,-0.0483197398009176
"13714","20074.16",13714,19450283,-0.102989429991212
"13715","20074.16",13715,19450536,0.406909228735421
"13716","20074.16",13716,19450910,-0.142606054103683
"13717","20074.16",13717,19451190,0.473553159068669
"13718","20074.16",13718,19453557,0.223416840109523
"13719","20074.16",13719,19455699,-0.667289635511432
"13720","20074.16",13720,19456916,-2.03737620486659
"13721","20074.16",13721,19458319,1.39008251474057
"13722","20074.16",13722,19458934,0.0628953459709551
"13723","20074.16",13723,19459731,-0.679279370369447
"13724","20074.16",13724,19460760,0.500747118152925
"13725","20074.16",13725,19460842,0.422837525297921
"13726","20074.16",13726,19460888,0.81545345114204
"13727","20074.16",13727,19461391,-0.176761540889744
"13728","20074.16",13728,19461882,0.119077932400814
"13729","20074.16",13729,19462966,1.1455833555072
"13730","20074.16",13730,19463661,-0.617407860854393
"13731","20074.16",13731,19464045,-0.379366689513728
"13732","20074.16",13732,19464636,-0.119256740549176
"13733","20074.16",13733,19470766,-0.271576118556184
"13734","20074.16",13734,19471700,0.340110290837214
"13735","20074.16",13735,19472173,-1.07384189226344
"13736","20074.16",13736,19477299,-0.212056333601854
"13737","20074.16",13737,19482901,-0.421617024690321
"13738","20074.16",13738,19482969,0.260755012217163
"13739","20074.16",13739,19484731,-0.0949147429122101
"13740","20074.16",13740,19486350,0.0538765473315372
"13741","20074.16",13741,19486418,0.468589096410908
"13742","20074.16",13742,19493025,-0.611282636659817
"13743","20074.16",13743,19494023,-0.0501182931685094
"13744","20074.16",13744,19494090,0.0893334944743085
"13745","20074.16",13745,19494106,-0.0493810516831559
"13746","20074.16",13746,19496311,-0.430823616572152
"13747","20074.16",13747,19496489,-0.76743651776762
"13748","20074.16",13748,19499346,-0.573531581905273
"13749","20074.16",13749,19500124,0.552131301543898
"13750","20074.16",13750,19501097,-1.02630285931925
"13751","20074.16",13751,19505178,0.31561820477991
"13752","20074.16",13752,19505751,0.692206261445382
"13753","20074.16",13753,19505813,-0.0411011994550758
"13754","20074.16",13754,19509982,-0.0329921551317138
"13755","20074.16",13755,19511101,-1.05229980943403
"13756","20074.16",13756,19511993,-0.98052495840849
"13757","20074.16",13757,19512266,0.301481875078379
"13758","20074.16",13758,19512962,0.51587048660081
"13759","20074.16",13759,19513668,-0.289704915584226
"13760","20074.16",13760,19514141,0.507178820801552
"13761","20074.16",13761,19515100,0.153613132379823
"13762","20074.16",13762,19515953,-0.792343120418868
"13763","20074.16",13763,19516398,0.288927906826765
"13764","20074.16",13764,19520238,-0.184712138857563
"13765","20074.16",13765,19520721,-0.704023192435876
"13766","20074.16",13766,19524871,1.1987497880576
"13767","20074.16",13767,19524892,-0.331021458767021
"13768","20074.16",13768,19525657,-0.434730444620527
"13769","20074.16",13769,19525829,-0.12757967564928
"13770","20074.16",13770,19527033,-0.765919472781941
"13771","20074.16",13771,19536385,-0.672914669796865
"13772","20074.16",13772,19539749,-0.194791482812188
"13773","20074.16",13773,19539858,-0.385734170864875
"13774","20074.16",13774,19543981,-0.143861942770452
"13775","20074.16",13775,19544051,0.00668001301410026
"13776","20074.16",13776,19544310,0.338453356198289
"13777","20074.16",13777,19545418,0.0270333650108112
"13778","20074.16",13778,19545603,0.310984880553893
"13779","20074.16",13779,19546521,-0.0831069352990879
"13780","20074.16",13780,19547747,-0.812751054902516
"13781","20074.16",13781,19550983,-0.568639010961799
"13782","20074.16",13782,19551839,-0.282687798080864
"13783","20074.16",13783,19554379,-0.834388815245376
"13784","20074.16",13784,19554880,-0.387005794382374
"13785","20074.16",13785,19557797,-0.539360463432224
"13786","20074.16",13786,19558833,0.00192478488352776
"13787","20074.16",13787,19559318,0.0918250292118215
"13788","20074.16",13788,19559998,-0.0891519399139593
"13789","20074.16",13789,19560263,0.814760492877677
"13790","20074.16",13790,19563514,-0.688035572737292
"13791","20074.16",13791,19565505,0.240732431293729
"13792","20074.16",13792,19567211,-1.45302886888348
"13793","20074.16",13793,19579345,-0.51377599007723
"13794","20074.16",13794,19581974,-0.786620731582405
"13795","20074.16",13795,19582084,-0.415244722470477
"13796","20074.16",13796,19583369,0.404140353762275
"13797","20074.16",13797,19583453,-0.38416863572732
"13798","20074.16",13798,19584332,-0.913191990809509
"13799","20074.16",13799,19585193,-0.294456886041292
"13800","20074.16",13800,19585306,-0.744372558301723
"13801","20074.16",13801,19587627,0.0829820142126696
"13802","20074.16",13802,19591175,-0.214023189759007
"13803","20074.16",13803,19593872,0.429492449885921
"13804","20074.16",13804,19594051,-0.486098643484946
"13805","20074.16",13805,19594170,-0.594008574939364
"13806","20074.16",13806,19594170,0.4895448178539
"13807","20074.16",13807,19594610,-0.00985864936949366
"13808","20074.16",13808,19595093,0.689310462880544
"13809","20074.16",13809,19595213,-0.60086902548852
"13810","20074.16",13810,19598520,0.162424057565195
"13811","20074.16",13811,19601867,0.0229023135412119
"13812","20074.16",13812,19602145,-2.06694800246967
"13813","20074.16",13813,19602430,-0.0395512833752978
"13814","20074.16",13814,19602603,0.417132462669616
"13815","20074.16",13815,19603810,0.691382278465352
"13816","20074.16",13816,19605950,-1.3961965621807
"13817","20074.16",13817,19606891,-0.0631624765848269
"13818","20074.16",13818,19609002,0.582050183092995
"13819","20074.16",13819,19609065,-0.741085344036545
"13820","20074.16",13820,19610257,0.12818360621125
"13821","20074.16",13821,19610525,0.282502196415193
"13822","20074.16",13822,19610589,0.0739987637014732
"13823","20074.16",13823,19611390,0.0201720900170885
"13824","20074.16",13824,19611838,-1.01798612244188
"13825","20074.16",13825,19614786,-0.197621370562621
"13826","20074.16",13826,19614913,-0.639144131994468
"13827","20074.16",13827,19618863,0.472832688254736
"13828","20074.16",13828,19618951,-0.359206316823469
"13829","20074.16",13829,19619744,-0.512840609119891
"13830","20074.16",13830,19619766,-0.445995978653338
"13831","20074.16",13831,19619810,0.578918737598619
"13832","20074.16",13832,19620163,0.0639165754814401
"13833","20074.16",13833,19620862,0.82725673059354
"13834","20074.16",13834,19621002,0.544313907998368
"13835","20074.16",13835,19621019,0.120879144816679
"13836","20074.16",13836,19621323,0.321219804818463
"13837","20074.16",13837,19622782,-0.142831110172896
"13838","20074.16",13838,19625338,0.175389900807694
"13839","20074.16",13839,19626564,0.211138506458439
"13840","20074.16",13840,19627624,0.325613847605118
"13841","20074.16",13841,19627777,0.268971903213079
"13842","20074.16",13842,19630463,0.143758930778533
"13843","20074.16",13843,19630843,0.147583957909785
"13844","20074.16",13844,19631279,0.617903686745687
"13845","20074.16",13845,19631698,-0.546422952330531
"13846","20074.16",13846,19632864,0.93517748933074
"13847","20074.16",13847,19633048,0.6708295257297
"13848","20074.16",13848,19637587,0.390554596748507
"13849","20074.16",13849,19637716,-0.277583979101861
"13850","20074.16",13850,19641891,0.0832576019719058
"13851","20074.16",13851,19642732,-0.569471882474992
"13852","20074.16",13852,19645475,0.775315504605671
"13853","20074.16",13853,19646131,0.431618543676627
"13854","20074.16",13854,19646235,0.509629516730153
"13855","20074.16",13855,19646261,0.478371481971819
"13856","20074.16",13856,19646741,0.0387844499030274
"13857","20074.16",13857,19650614,-0.439265519750498
"13858","20074.16",13858,19650650,-1.0408357702465
"13859","20074.16",13859,19651225,-0.94331956773718
"13860","20074.16",13860,19658884,0.230432512424071
"13861","20074.16",13861,19659622,-0.202260326307929
"13862","20074.16",13862,19664194,-0.250582072764363
"13863","20074.16",13863,19666532,-0.602899879648107
"13864","20074.16",13864,19667112,-0.135012423927034
"13865","20074.16",13865,19667302,-0.344315105322457
"13866","20074.16",13866,19667932,-0.205046150110167
"13867","20074.16",13867,19676434,0.890978301449322
"13868","20074.16",13868,19678130,-0.540238398862975
"13869","20074.16",13869,19678612,0.371256541829703
"13870","20074.16",13870,19678670,-0.873388916136233
"13871","20074.16",13871,19679142,0.834787227249804
"13872","20074.16",13872,19679451,0.366760611960214
"13873","20074.16",13873,19683219,0.401964932879399
"13874","20074.16",13874,19683674,0.00603586005643653
"13875","20074.16",13875,19684388,0.262104235035944
"13876","20074.16",13876,19684392,0.438907556217633
"13877","20074.16",13877,19684819,-0.554617424504328
"13878","20074.16",13878,19687639,-0.209113310193276
"13879","20074.16",13879,19691344,-0.394224253198479
"13880","20074.16",13880,19691370,-0.197705655860287
"13881","20074.16",13881,19691514,0.479825622776251
"13882","20074.16",13882,19691583,0.827585660508658
"13883","20074.16",13883,19691599,0.109196532881612
"13884","20074.16",13884,19693866,-0.259475928768583
"13885","20074.16",13885,19694947,-0.1314689604208
"13886","20074.16",13886,19697033,0.103885992989184
"13887","20074.16",13887,19697537,-0.415956586112309
"13888","20074.16",13888,19697839,-1.06771338689509
"13889","20074.16",13889,19705743,0.475942754161887
"13890","20074.16",13890,19706797,-0.101920808841365
"13891","20074.16",13891,19707699,0.312199557677956
"13892","20074.16",13892,19711439,1.01356538143376
"13893","20074.16",13893,19711469,0.207827436005058
"13894","20074.16",13894,19713882,0.157474078104517
"13895","20074.16",13895,19717372,0.226770815735815
"13896","20074.16",13896,19722366,0.160758886285728
"13897","20074.16",13897,19722754,-0.0954712270252847
"13898","20074.16",13898,19723319,-0.260262641062577
"13899","20074.16",13899,19725045,-0.0228102406206654
"13900","20074.16",13900,19725130,0.124990890294884
"13901","20074.16",13901,19727835,0.243581448577861
"13902","20074.16",13902,19727998,0.640706273128575
"13903","20074.16",13903,19731411,0.271768933943981
"13904","20074.16",13904,19732132,-1.63603771815795
"13905","20074.16",13905,19732602,0.364238726479011
"13906","20074.16",13906,19738054,0.202989241526973
"13907","20074.16",13907,19738757,0.328923689278645
"13908","20074.16",13908,19739058,0.0441683882140778
"13909","20074.16",13909,19739280,1.15442127375652
"13910","20074.16",13910,19743649,0.831642420705244
"13911","20074.16",13911,19743703,0.338200239131816
"13912","20074.16",13912,19745981,-0.616420377910696
"13913","20074.16",13913,19746453,-0.812562341584671
"13914","20074.16",13914,19750007,-0.23062479758679
"13915","20074.16",13915,19750051,0.50375461893458
"13916","20074.16",13916,19750263,0.442083910554415
"13917","20074.16",13917,19750275,0.285804096295407
"13918","20074.16",13918,19751887,0.267038048304928
"13919","20074.16",13919,19752352,0.778473879953672
"13920","20074.16",13920,19757582,0.702313657750747
"13921","20074.16",13921,19758697,-0.119881283088713
"13922","20074.16",13922,19762584,-0.601568816615726
"13923","20074.16",13923,19762935,0.193597030911879
"13924","20074.16",13924,19764256,-0.886538243743235
"13925","20074.16",13925,19764839,-0.99573083679711
"13926","20074.16",13926,19769394,0.623012902553143
"13927","20074.16",13927,19769823,0.560766931257167
"13928","20074.16",13928,19771098,-0.725452973141917
"13929","20074.16",13929,19773658,-0.184881995751613
"13930","20074.16",13930,19777949,-0.942058001086998
"13931","20074.16",13931,19778575,0.849425749382301
"13932","20074.16",13932,19782827,0.313534593483543
"13933","20074.16",13933,19783321,-0.263478761047378
"13934","20074.16",13934,19784691,0.177774807349462
"13935","20074.16",13935,19786058,-0.21443478137147
"13936","20074.16",13936,19790699,-0.682795288683219
"13937","20074.16",13937,19793011,0.195007412621393
"13938","20074.16",13938,19793832,-0.488922027289849
"13939","20074.16",13939,19794293,-0.201721591723361
"13940","20074.16",13940,19800133,-0.44535418899163
"13941","20074.16",13941,19801777,-0.265982480920647
"13942","20074.16",13942,19803846,0.529870934702388
"13943","20074.16",13943,19805022,-0.109634526765995
"13944","20074.16",13944,19805622,-0.788274337066071
"13945","20074.16",13945,19806921,-0.195171151691215
"13946","20074.16",13946,19807484,-0.0944573898985928
"13947","20074.16",13947,19811450,0.657650014928373
"13948","20074.16",13948,19813569,0.0846239277879484
"13949","20074.16",13949,19814121,-0.0167158647865282
"13950","20074.16",13950,19820616,0.708699680014733
"13951","20074.16",13951,19820694,-0.143232199948341
"13952","20074.16",13952,19823040,0.860703747794743
"13953","20074.16",13953,19823614,-0.943558338637417
"13954","20074.16",13954,19828880,-0.410651518473029
"13955","20074.16",13955,19829325,0.128077944928059
"13956","20074.16",13956,19831192,-0.433426340224412
"13957","20074.16",13957,19834422,-0.448613536272304
"13958","20074.16",13958,19834956,0.219639205709119
"13959","20074.16",13959,19835572,-0.0299057969797092
"13960","20074.16",13960,19839538,-0.378755717580624
"13961","20074.16",13961,19841489,0.468837430146004
"13962","20074.16",13962,19842735,0.460081920939824
"13963","20074.16",13963,19852814,-0.330049028959879
"13964","20074.16",13964,19868575,0.17631340502079
"13965","20074.16",13965,19873609,-0.828763848836626
"13966","20074.16",13966,19874233,0.222897315698003
"13967","20074.16",13967,19875717,0.221959575983808
"13968","20074.16",13968,19878276,-0.394535119832927
"13969","20074.16",13969,19879260,-0.0742670326825206
"13970","20074.16",13970,19887853,-1.2197397798678
"13971","20074.16",13971,19888106,-1.11410651561962
"13972","20074.16",13972,19893621,0.293239438860906
"13973","20074.16",13973,19894487,0.502938809090092
"13974","20074.16",13974,19897720,-0.354039578484461
"13975","20074.16",13975,19898490,-1.64043012703054
"13976","20074.16",13976,19899174,-0.304370816925902
"13977","20074.16",13977,19901222,-0.327580343827472
"13978","20074.16",13978,19901579,0.100570800033918
"13979","20074.16",13979,19902138,0.041026780292035
"13980","20074.16",13980,19902730,-0.245711988656686
"13981","20074.16",13981,19902915,0.468911993043094
"13982","20074.16",13982,19905083,0.492807779050204
"13983","20074.16",13983,19905435,-1.03400575959904
"13984","20074.16",13984,19909036,-0.8553007145708
"13985","20074.16",13985,19915720,-0.393311783299608
"13986","20074.16",13986,19916895,0.523685336611005
"13987","20074.16",13987,19917810,-0.027447210576514
"13988","20074.16",13988,19918663,-0.398868353851196
"13989","20074.16",13989,19920504,-0.344970794561796
"13990","20074.16",13990,19924060,0.16434579866654
"13991","20074.16",13991,19925887,-0.305745819709407
"13992","20074.16",13992,19925963,0.495884307329338
"13993","20074.16",13993,19926191,-0.270044999041271
"13994","20074.16",13994,19927584,0.329082574290278
"13995","20074.16",13995,19928554,-0.52540049583256
"13996","20074.16",13996,19935833,-1.11571467612916
"13997","20074.16",13997,19937475,-1.24301735001325
"13998","20074.16",13998,19938123,0.343482756265035
"13999","20074.16",13999,19938993,0.801490648931776
"14000","20074.16",14000,19939767,-0.0524691648973841
"14001","20074.16",14001,19941264,-0.0793870611738097
"14002","20074.16",14002,19941968,-0.244714165637162
"14003","20074.16",14003,19943026,0.428907329017171
"14004","20074.16",14004,19944001,0.225306539551102
"14005","20074.16",14005,19944363,0.136678788975058
"14006","20074.16",14006,19945651,-0.325739193215107
"14007","20074.16",14007,19945809,-1.13951077695741
"14008","20074.16",14008,19945900,0.116831000182109
"14009","20074.16",14009,19946134,0.283041694483987
"14010","20074.16",14010,19946945,-1.92396302762786
"14011","20074.16",14011,19947147,-0.591564116610526
"14012","20074.16",14012,19947234,-0.542193501103787
"14013","20074.16",14013,19949330,-0.402986978785373
"14014","20074.16",14014,19949506,-0.848678722671899
"14015","20074.16",14015,19949675,-0.706481866815523
"14016","20074.16",14016,19953287,0.484503483213833
"14017","20074.16",14017,19953403,-0.410706369887515
"14018","20074.16",14018,19953447,-0.682279212493243
"14019","20074.16",14019,19953736,-0.437867039830535
"14020","20074.16",14020,19953777,-0.0658721339723671
"14021","20074.16",14021,19953828,-1.35339196901915
"14022","20074.16",14022,19956713,-0.994205363645118
"14023","20074.16",14023,19956900,-0.498656340693006
"14024","20074.16",14024,19957324,-0.529797435635945
"14025","20074.16",14025,19961566,-0.91602301773823
"14026","20074.16",14026,19961582,-0.519598164329673
"14027","20074.16",14027,19961647,-1.16191958515799
"14028","20074.16",14028,19961958,-0.367993738048509
"14029","20074.16",14029,19962990,-0.199084155917123
"14030","20074.16",14030,19963124,0.201125259776404
"14031","20074.16",14031,19965339,-1.09029789785792
"14032","20074.16",14032,19965350,0.108566977248544
"14033","20074.16",14033,19965833,-0.0557918282405021
"14034","20074.16",14034,19965876,0.0576970847774065
"14035","20074.16",14035,19967363,-0.517154548949504
"14036","20074.16",14036,19970255,-0.0972406016853746
"14037","20074.16",14037,19970491,-0.391209722047449
"14038","20074.16",14038,19970819,0.0349365520337441
"14039","20074.16",14039,19970866,0.0965085199607598
"14040","20074.16",14040,19971249,0.448044763605526
"14041","20074.16",14041,19971297,0.0398255827883016
"14042","20074.16",14042,19971312,0.510565149517855
"14043","20074.16",14043,19971326,0.781621080305341
"14044","20074.16",14044,19973868,0.729844975319511
"14045","20074.16",14045,19975407,0.620614215141379
"14046","20074.16",14046,19975833,0.0163217444522772
"14047","20074.16",14047,19976294,0.362580858224841
"14048","20074.16",14048,19978897,0.333983025529688
"14049","20074.16",14049,19978938,-1.43056755167188
"14050","20074.16",14050,19978952,-0.595054824734108
"14051","20074.16",14051,19979132,-1.04292369395857
"14052","20074.16",14052,19979231,-0.617840349859072
"14053","20074.16",14053,19979246,-0.146819595946944
"14054","20074.16",14054,19979962,-0.73524019730392
"14055","20074.16",14055,19983294,0.102709088413136
"14056","20074.16",14056,19984427,0.983641196356325
"14057","20074.16",14057,19984468,0.0361215598596356
"14058","20074.16",14058,19985288,1.11129879092283
"14059","20074.16",14059,19987122,-0.981444727919461
"14060","20074.16",14060,19994254,-0.230655555326841
"14061","20074.16",14061,19997517,-1.11829780110185
"14062","20074.16",14062,19998165,-0.375866288821189
"14063","20074.16",14063,19998492,-0.56267317388037
"14064","20074.16",14064,20000021,-0.147878805634381
"14065","20074.16",14065,20001414,-0.851794478531534
"14066","20074.16",14066,20002349,-0.780142690090245
"14067","20074.16",14067,20006448,0.0551233846112105
"14068","20074.16",14068,20007273,-0.496703271929525
"14069","20074.16",14069,20009521,0.041393076910345
"14070","20074.16",14070,20012978,-0.651491059266123
"14071","20074.16",14071,20013413,-0.0468501916173292
"14072","20074.16",14072,20013793,0.489917027823865
"14073","20074.16",14073,20016493,0.362753051725959
"14074","20074.16",14074,20017321,-0.0728086152138498
"14075","20074.16",14075,20018551,0.173126634714258
"14076","20074.16",14076,20019541,1.0554186933774
"14077","20074.16",14077,20019804,-0.156034224111817
"14078","20074.16",14078,20019918,0.2738780703467
"14079","20074.16",14079,20022036,-0.675222370894386
"14080","20074.16",14080,20022466,-0.572732948650294
"14081","20074.16",14081,20027009,-0.179097960754413
"14082","20074.16",14082,20027539,0.548318313442308
"14083","20074.16",14083,20028998,0.560249398933578
"14084","20074.16",14084,20029092,-0.255829125305573
"14085","20074.16",14085,20030653,0.45038665486956
"14086","20074.16",14086,20030832,0.44970601914664
"14087","20074.16",14087,20035221,0.564307264564358
"14088","20074.16",14088,20035851,0.438428313417027
"14089","20074.16",14089,20036045,0.25618299926288
"14090","20074.16",14090,20041133,0.321347037055042
"14091","20074.16",14091,20041350,-0.698338955758271
"14092","20074.16",14092,20043330,0.522113809587474
"14093","20074.16",14093,20043493,0.262518643223095
"14094","20074.16",14094,20044292,0.0238333725363837
"14095","20074.16",14095,20045452,0.82521446775426
"14096","20074.16",14096,20050466,0.36988403163186
"14097","20074.16",14097,20050658,0.0514719250066253
"14098","20074.16",14098,20054359,0.421947019981661
"14099","20074.16",14099,20054371,0.140498257009659
"14100","20074.16",14100,20054576,0.499469562417484
"14101","20074.16",14101,20054716,0.165081202040605
"14102","20074.16",14102,20055035,-0.228223776088289
"14103","20074.16",14103,20057797,1.08816105866775
"14104","20074.16",14104,20057900,0.845482892463306
"14105","20074.16",14105,20058774,-0.854538372197397
"14106","20074.16",14106,20058816,0.276898695813908
"14107","20074.16",14107,20059083,-0.69457930804434
"14108","20074.16",14108,20059677,0.131134864730056
"14109","20074.16",14109,20059779,-0.576320625056883
"14110","20074.16",14110,20059843,0.545603194376995
"14111","20074.16",14111,20060211,-0.460048421699168
"14112","20074.16",14112,20064378,-0.135538288014776
"14113","20074.16",14113,20064495,0.0283002817928404
"14114","20074.16",14114,20066892,0.257365156233855
"14115","20074.16",14115,20066921,0.0629381251716508
"14116","20074.16",14116,20067279,-0.25211217128957
"14117","20074.16",14117,20068097,0.90098089442376
"14118","20074.16",14118,20068176,-0.425779308394669
"14119","20074.16",14119,20070899,-0.362186355734728
"14120","20074.16",14120,20071294,0.00136979098572354
"14121","20074.16",14121,20071464,-0.443619698808162
"14122","20074.16",14122,20074583,0.161664903197903
"14123","20074.16",14123,20074604,0.10865285082668
"14124","20074.16",14124,20076496,0.246351322054433
"14125","20074.16",14125,20076730,-0.0566487571485377
"14126","20074.16",14126,20076844,0.0435963411299429
"14127","20074.16",14127,20077869,0.338720771816933
"14128","20074.16",14128,20078780,-0.0480950863058087
"14129","20074.16",14129,20078814,-0.0619655592457367
"14130","20074.16",14130,20079382,-0.738554330675172
"14131","20074.16",14131,20080771,-0.145814659029246
"14132","20074.16",14132,20080852,0.179107724851732
"14133","20074.16",14133,20080880,1.3048903863655
"14134","20074.16",14134,20081500,0.445384233863487
"14135","20074.16",14135,20082592,0.29055826188831
"14136","20074.16",14136,20083693,0.44334523059029
"14137","20074.16",14137,20083708,0.329958676871809
"14138","20074.16",14138,20084027,0.252078793079252
"14139","20074.16",14139,20086398,-1.64331232420439
"14140","20074.16",14140,20087067,0.109239711516645
"14141","20074.16",14141,20087290,-0.499150673003933
"14142","20074.16",14142,20092064,0.383882441607134
"14143","20074.16",14143,20092987,0.282748634953932
"14144","20074.16",14144,20093879,0.549023036079878
"14145","20074.16",14145,20094054,-0.384518912989837
"14146","20074.16",14146,20094546,-0.163384556873059
"14147","20074.16",14147,20095317,-1.73783918876787
"14148","20074.16",14148,20097429,-0.286453736228458
"14149","20074.16",14149,20097551,-0.117604179853337
"14150","20074.16",14150,20099220,-0.663922259608343
"14151","20074.16",14151,20099261,0.122349056870944
"14152","20074.16",14152,20102555,0.395076235224677
"14153","20074.16",14153,20102835,0.21690375131636
"14154","20074.16",14154,20103767,0.179636655934053
"14155","20074.16",14155,20106198,0.390113232531472
"14156","20074.16",14156,20107063,0.140736003253557
"14157","20074.16",14157,20107170,-0.0279355906222678
"14158","20074.16",14158,20107209,0.200142718244984
"14159","20074.16",14159,20110437,-1.11556432228923
"14160","20074.16",14160,20110910,-0.307975663039339
"14161","20074.16",14161,20112326,0.618448708510347
"14162","20074.16",14162,20113263,-0.505178784168907
"14163","20074.16",14163,20121609,-0.0204079732436817
"14164","20074.16",14164,20122220,0.244947175249716
"14165","20074.16",14165,20122290,-0.10326482362408
"14166","20074.16",14166,20122325,0.102283369012899
"14167","20074.16",14167,20122478,0.702491288844093
"14168","20074.16",14168,20125483,-0.72155698172257
"14169","20074.16",14169,20125598,0.325504300896063
"14170","20074.16",14170,20126269,-0.12991760558175
"14171","20074.16",14171,20126974,0.465037549184856
"14172","20074.16",14172,20127271,-0.70271593611546
"14173","20074.16",14173,20130144,-1.04599584192554
"14174","20074.16",14174,20130965,0.0497479701058063
"14175","20074.16",14175,20131216,0.301054142564017
"14176","20074.16",14176,20132340,-0.691416224901204
"14177","20074.16",14177,20132736,-0.359548874666022
"14178","20074.16",14178,20133949,0.597937281350098
"14179","20074.16",14179,20138963,0.209264938266096
"14180","20074.16",14180,20139774,-0.755714769288866
"14181","20074.16",14181,20140571,0.314070336012384
"14182","20074.16",14182,20142456,-0.402671558042918
"14183","20074.16",14183,20142515,0.512125136181838
"14184","20074.16",14184,20142882,-0.767787017076327
"14185","20074.16",14185,20143588,0.283293339235304
"14186","20074.16",14186,20143640,0.43763384232069
"14187","20074.16",14187,20145199,0.368168938924787
"14188","20074.16",14188,20147291,-0.0411751412071615
"14189","20074.16",14189,20147636,0.226476041702823
"14190","20074.16",14190,20150355,0.150087913946651
"14191","20074.16",14191,20150373,0.0719157052290953
"14192","20074.16",14192,20152384,0.0447645233266361
"14193","20074.16",14193,20152650,-0.0799662802374739
"14194","20074.16",14194,20152675,0.401154810830719
"14195","20074.16",14195,20153410,-0.117178192690562
"14196","20074.16",14196,20153473,0.0065134885672391
"14197","20074.16",14197,20154879,-0.379766409097511
"14198","20074.16",14198,20154946,-0.252704977795015
"14199","20074.16",14199,20155529,0.153393444616443
"14200","20074.16",14200,20158159,1.49289429223794
"14201","20074.16",14201,20158830,0.69018917036897
"14202","20074.16",14202,20160264,-0.4370143481017
"14203","20074.16",14203,20162733,-0.614533344210797
"14204","20074.16",14204,20165955,-0.191916297616342
"14205","20074.16",14205,20168885,0.0663812352457045
"14206","20074.16",14206,20169515,-0.308537839841718
"14207","20074.16",14207,20169637,-0.631137498421799
"14208","20074.16",14208,20172956,-0.663399251380516
"14209","20074.16",14209,20177935,0.0769983081918424
"14210","20074.16",14210,20178590,0.0347131808093257
"14211","20074.16",14211,20182750,0.465902731754471
"14212","20074.16",14212,20183509,-0.663929557789985
"14213","20074.16",14213,20185495,-0.194039782927768
"14214","20074.16",14214,20189133,0.225807610782343
"14215","20074.16",14215,20190141,-0.373123264006932
"14216","20074.16",14216,20190623,-0.00975128745976672
"14217","20074.16",14217,20190635,-0.198955316151335
"14218","20074.16",14218,20191250,0.410362684609292
"14219","20074.16",14219,20195472,-0.0329307740200573
"14220","20074.16",14220,20195875,0.661887736458616
"14221","20074.16",14221,20196087,-0.562194372520059
"14222","20074.16",14222,20200728,0.574499064579912
"14223","20074.16",14223,20203741,0.552187050405615
"14224","20074.16",14224,20208066,0.281587683557038
"14225","20074.16",14225,20208109,-0.1452341410047
"14226","20074.16",14226,20215689,-0.442344292708464
"14227","20074.16",14227,20216574,-0.0820174888354135
"14228","20074.16",14228,20220697,0.0637462960852258
"14229","20074.16",14229,20224199,-0.50143008069448
"14230","20074.16",14230,20224515,0.248764226562964
"14231","20074.16",14231,20224551,0.456579873768415
"14232","20074.16",14232,20224755,0.150784192261729
"14233","20074.16",14233,20224905,0.164518870632418
"14234","20074.16",14234,20224939,0.742325291517203
"14235","20074.16",14235,20225052,0.241700318291463
"14236","20074.16",14236,20225246,0.646158584703888
"14237","20074.16",14237,20225352,-0.0733032626941403
"14238","20074.16",14238,20225443,0.233964789459223
"14239","20074.16",14239,20227691,0.541941937781835
"14240","20074.16",14240,20228014,0.549659375613216
"14241","20074.16",14241,20231835,0.0932421360681861
"14242","20074.16",14242,20231983,0.0607986076202751
"14243","20074.16",14243,20236556,0.118891203000209
"14244","20074.16",14244,20237182,-0.688195900748183
"14245","20074.16",14245,20237674,0.678317859521074
"14246","20074.16",14246,20237977,1.02179279873075
"14247","20074.16",14247,20238215,-0.009914145766996
"14248","20074.16",14248,20238586,1.07254793671357
"14249","20074.16",14249,20239043,0.510773763209154
"14250","20074.16",14250,20239184,-0.083171150161296
"14251","20074.16",14251,20239863,-0.539431782942783
"14252","20074.16",14252,20242614,-0.622564359225819
"14253","20074.16",14253,20242840,-0.561387148616426
"14254","20074.16",14254,20245902,-0.365692352242903
"14255","20074.16",14255,20246025,-0.146799470496158
"14256","20074.16",14256,20246117,0.261837342381276
"14257","20074.16",14257,20250696,0.161981590155277
"14258","20074.16",14258,20250946,-0.0804220031097911
"14259","20074.16",14259,20251775,1.12998011339868
"14260","20074.16",14260,20252720,0.45447884700651
"14261","20074.16",14261,20253027,-0.170794128941545
"14262","20074.16",14262,20253426,0.355381739484014
"14263","20074.16",14263,20253556,0.653176026552878
"14264","20074.16",14264,20254875,-0.349773787494551
"14265","20074.16",14265,20255123,0.260346915094849
"14266","20074.16",14266,20255158,0.280143590214272
"14267","20074.16",14267,20255554,0.259767929731731
"14268","20074.16",14268,20255596,-0.171524089913422
"14269","20074.16",14269,20255753,0.3813425672884
"14270","20074.16",14270,20257039,0.102799280508298
"14271","20074.16",14271,20257843,0.342507120566339
"14272","20074.16",14272,20257867,0.557564324609479
"14273","20074.16",14273,20258770,-0.192592841868316
"14274","20074.16",14274,20258838,0.0708992354019253
"14275","20074.16",14275,20259515,-0.46411222705031
"14276","20074.16",14276,20260538,-0.435571487896215
"14277","20074.16",14277,20263146,0.698205178643897
"14278","20074.16",14278,20263333,-0.310250957422983
"14279","20074.16",14279,20263661,0.37586256544041
"14280","20074.16",14280,20263887,0.120791022863254
"14281","20074.16",14281,20265306,-0.292614337139941
"14282","20074.16",14282,20265733,0.394255243255565
"14283","20074.16",14283,20267174,0.310777565867792
"14284","20074.16",14284,20272370,0.386511296491185
"14285","20074.16",14285,20273924,-0.95048651479544
"14286","20074.16",14286,20273991,0.782325077320279
"14287","20074.16",14287,20276646,-0.0185685881485274
"14288","20074.16",14288,20276957,-0.0052601042349405
"14289","20074.16",14289,20277579,1.16607476868764
"14290","20074.16",14290,20277661,0.471370600783765
"14291","20074.16",14291,20277756,0.0582845268780705
"14292","20074.16",14292,20282406,-1.09220655101903
"14293","20074.16",14293,20282631,-0.406320942016209
"14294","20074.16",14294,20283804,-0.270127392423066
"14295","20074.16",14295,20283920,0.314006210528022
"14296","20074.16",14296,20284032,0.8938883946271
"14297","20074.16",14297,20285740,-0.0263687999570799
"14298","20074.16",14298,20287708,-0.816827417229959
"14299","20074.16",14299,20288770,0.175771359717287
"14300","20074.16",14300,20288797,0.585670707384433
"14301","20074.16",14301,20290454,0.84112894812422
"14302","20074.16",14302,20290748,-0.0601069135873544
"14303","20074.16",14303,20291395,-0.203667368449812
"14304","20074.16",14304,20291860,0.0943946809497849
"14305","20074.16",14305,20293531,-0.1288099259206
"14306","20074.16",14306,20293931,0.560937652559224
"14307","20074.16",14307,20296695,0.516087272602147
"14308","20074.16",14308,20297010,0.734958937314064
"14309","20074.16",14309,20297138,-0.14734250513826
"14310","20074.16",14310,20297391,-0.266876359926864
"14311","20074.16",14311,20298096,0.252721176332849
"14312","20074.16",14312,20298480,0.336343784993654
"14313","20074.16",14313,20306080,-0.235280665690548
"14314","20074.16",14314,20306314,0.754180982525118
"14315","20074.16",14315,20307690,0.722033695987251
"14316","20074.16",14316,20308096,-0.0318435276843188
"14317","20074.16",14317,20311694,-1.20620464994976
"14318","20074.16",14318,20312105,-0.330615496211759
"14319","20074.16",14319,20312350,0.292035517257511
"14320","20074.16",14320,20313833,0.915493252574364
"14321","20074.16",14321,20314682,0.864104492572912
"14322","20074.16",14322,20314730,-0.851050003264656
"14323","20074.16",14323,20315663,0.0023869168384536
"14324","20074.16",14324,20316862,0.173184949415809
"14325","20074.16",14325,20318742,-0.440502245958791
"14326","20074.16",14326,20319548,0.174087567591835
"14327","20074.16",14327,20320087,0.75521847942368
"14328","20074.16",14328,20320986,0.651722923967522
"14329","20074.16",14329,20321308,0.441747126810704
"14330","20074.16",14330,20321507,-0.5039380666283
"14331","20074.16",14331,20322439,-0.229699013102455
"14332","20074.16",14332,20324401,0.0664257034038434
"14333","20074.16",14333,20325003,-0.0927468936848541
"14334","20074.16",14334,20325294,-0.953789585092894
"14335","20074.16",14335,20335325,-0.698554602973314
"14336","20074.16",14336,20336545,0.0769235892477083
"14337","20074.16",14337,20336591,0.0804396015823547
"14338","20074.16",14338,20336998,-0.618385622190077
"14339","20074.16",14339,20338610,0.292062681457547
"14340","20074.16",14340,20338899,-0.510356740729956
"14341","20074.16",14341,20339917,0.0596240781603106
"14342","20074.16",14342,20341318,0.75399621027848
"14343","20074.16",14343,20341871,-0.46507814705679
"14344","20074.16",14344,20342572,1.11239729605424
"14345","20074.16",14345,20342897,0.19790552792941
"14346","20074.16",14346,20342950,-0.422400010122421
"14347","20074.16",14347,20345615,0.286811591669067
"14348","20074.16",14348,20346518,-0.217592330996434
"14349","20074.16",14349,20349235,-0.23660947234342
"14350","20074.16",14350,20351231,0.357606762896794
"14351","20074.16",14351,20352748,-1.57875396923664
"14352","20074.16",14352,20352863,0.182657066809389
"14353","20074.16",14353,20353049,-0.251043622528465
"14354","20074.16",14354,20353127,-0.229114369742678
"14355","20074.16",14355,20363393,0.15589665073936
"14356","20074.16",14356,20364588,-0.49979831565139
"14357","20074.16",14357,20365654,0.300019973824905
"14358","20074.16",14358,20365697,-0.284690450524458
"14359","20074.16",14359,20372782,-0.261573781637151
"14360","20074.16",14360,20373314,-0.286330303327941
"14361","20074.16",14361,20375536,0.240177871934055
"14362","20074.16",14362,20375549,0.0538643292239138
"14363","20074.16",14363,20375667,0.442719623399209
"14364","20074.16",14364,20378236,-0.0471600056054413
"14365","20074.16",14365,20384194,-0.0105259745004407
"14366","20074.16",14366,20384665,-0.366559132726333
"14367","20074.16",14367,20386115,-0.472544394760457
"14368","20074.16",14368,20386737,-0.199316296945481
"14369","20074.16",14369,20389640,-0.180244905603618
"14370","20074.16",14370,20390151,0.659146087999763
"14371","20074.16",14371,20390179,0.264924346711585
"14372","20074.16",14372,20391237,0.173531607512837
"14373","20074.16",14373,20392172,-0.0616154319639222
"14374","20074.16",14374,20396958,-0.161071179056957
"14375","20074.16",14375,20397091,-0.015069487532636
"14376","20074.16",14376,20398856,0.793503104500458
"14377","20074.16",14377,20399758,0.331036812469136
"14378","20074.16",14378,20402499,-0.128468515292197
"14379","20074.16",14379,20404027,0.50296811522778
"14380","20074.16",14380,20404043,0.647265595532212
"14381","20074.16",14381,20404097,0.885261460902128
"14382","20074.16",14382,20404698,0.27053583838751
"14383","20074.16",14383,20404986,0.10902893005566
"14384","20074.16",14384,20408342,0.484797329567386
"14385","20074.16",14385,20408377,0.994687104488881
"14386","20074.16",14386,20410669,0.0265743372607536
"14387","20074.16",14387,20411890,-0.206784065803123
"14388","20074.16",14388,20412559,-0.716810712958387
"14389","20074.16",14389,20417481,0.45718816889049
"14390","20074.16",14390,20418452,-0.242228089702688
"14391","20074.16",14391,20419720,-0.19090523261258
"14392","20074.16",14392,20422133,0.00842468827239262
"14393","20074.16",14393,20422960,0.190719515102824
"14394","20074.16",14394,20423000,0.429521127294669
"14395","20074.16",14395,20425066,0.329468113452642
"14396","20074.16",14396,20426144,0.187454757796081
"14397","20074.16",14397,20426174,-0.273783411231988
"14398","20074.16",14398,20426237,-0.0220973482294911
"14399","20074.16",14399,20427533,-0.0423040322061166
"14400","20074.16",14400,20429079,-0.169046254157688
"14401","20074.16",14401,20429779,0.586949291519574
"14402","20074.16",14402,20430768,-0.424815203299571
"14403","20074.16",14403,20433260,0.497993544442379
"14404","20074.16",14404,20434145,0.394624000456614
"14405","20074.16",14405,20434318,-0.422518895191674
"14406","20074.16",14406,20435262,0.89360880222579
"14407","20074.16",14407,20437143,0.441832712632256
"14408","20074.16",14408,20437547,-0.452229371653099
"14409","20074.16",14409,20439568,0.533517997692367
"14410","20074.16",14410,20439718,-0.698842262205415
"14411","20074.16",14411,20439908,0.253239459381127
"14412","20074.16",14412,20445323,-0.046842764062057
"14413","20074.16",14413,20445348,0.663649772344036
"14414","20074.16",14414,20446274,-0.492673172445319
"14415","20074.16",14415,20446656,-0.462061451958677
"14416","20074.16",14416,20446923,-1.63817823050986
"14417","20074.16",14417,20447095,-1.37237846416165
"14418","20074.16",14418,20447681,-2.47794577973615
"14419","20074.16",14419,20449522,0.85251495582189
"14420","20074.16",14420,20449663,0.488150795816828
"14421","20074.16",14421,20452951,0.0327506321446247
"14422","20074.16",14422,20452979,-0.710797973482797
"14423","20074.16",14423,20453622,0.684610392385339
"14424","20074.16",14424,20453921,0.428025749244441
"14425","20074.16",14425,20458372,0.688474673628117
"14426","20074.16",14426,20464521,0.187446793153008
"14427","20074.16",14427,20464532,-1.24825667621816
"14428","20074.16",14428,20474037,-0.63023283029454
"14429","20074.16",14429,20477144,-0.270297738352424
"14430","20074.16",14430,20478436,0.830960315198701
"14431","20074.16",14431,20478599,-0.581858055469676
"14432","20074.16",14432,20478613,-0.675361782612393
"14433","20074.16",14433,20478683,-0.112115507762495
"14434","20074.16",14434,20478707,0.418286367274617
"14435","20074.16",14435,20478724,-0.0143136661471024
"14436","20074.16",14436,20478840,0.314430341718363
"14437","20074.16",14437,20480756,0.499083032644664
"14438","20074.16",14438,20481672,0.356738154161834
"14439","20074.16",14439,20484789,-0.904741196145107
"14440","20074.16",14440,20487799,0.517644043894413
"14441","20074.16",14441,20487810,0.00196028207615306
"14442","20074.16",14442,20487945,-0.133481573108032
"14443","20074.16",14443,20488093,-0.104697402189569
"14444","20074.16",14444,20488107,0.129630376523271
"14445","20074.16",14445,20488109,0.192708056411904
"14446","20074.16",14446,20488369,-0.272532430724654
"14447","20074.16",14447,20494973,1.13360871951565
"14448","20074.16",14448,20499589,-0.0333201732822861
"14449","20074.16",14449,20500193,-0.552429055460979
"14450","20074.16",14450,20500449,0.52072968741381
"14451","20074.16",14451,20500546,-0.325424929386471
"14452","20074.16",14452,20501023,0.998794086480523
"14453","20074.16",14453,20512782,0.0372654708957203
"14454","20074.16",14454,20512939,-0.325456321765285
"14455","20074.16",14455,20514623,0.713648297683005
"14456","20074.16",14456,20515236,0.230474897979432
"14457","20074.16",14457,20515294,0.321021879913796
"14458","20074.16",14458,20515333,0.743946811051921
"14459","20074.16",14459,20515638,0.375261509571252
"14460","20074.16",14460,20516967,0.0540752931301069
"14461","20074.16",14461,20517111,-1.12942791639326
"14462","20074.16",14462,20520740,-0.0303131202949949
"14463","20074.16",14463,20522462,-0.424015710509646
"14464","20074.16",14464,20525116,0.139491001724983
"14465","20074.16",14465,20525342,-0.85803673703622
"14466","20074.16",14466,20529342,-0.701540580600152
"14467","20074.16",14467,20529496,-0.59847860165779
"14468","20074.16",14468,20529530,0.717401459855233
"14469","20074.16",14469,20529618,0.536623627912289
"14470","20074.16",14470,20529897,0.407893411983104
"14471","20074.16",14471,20530136,-0.544970893406801
"14472","20074.16",14472,20530178,-0.226754408083553
"14473","20074.16",14473,20530203,0.292202316755243
"14474","20074.16",14474,20530317,-0.194221549670937
"14475","20074.16",14475,20530515,-1.01907527522968
"14476","20074.16",14476,20530853,0.31834858343112
"14477","20074.16",14477,20532642,0.496813035156024
"14478","20074.16",14478,20533043,0.159046398996832
"14479","20074.16",14479,20533447,-1.05244828382932
"14480","20074.16",14480,20533521,-0.435162225521584
"14481","20074.16",14481,20533642,-1.66972221805164
"14482","20074.16",14482,20545838,-0.656828461716152
"14483","20074.16",14483,20545853,-0.401485118318432
"14484","20074.16",14484,20546141,-0.53830605558742
"14485","20074.16",14485,20546884,-0.0601698043492283
"14486","20074.16",14486,20546938,0.0526362144877623
"14487","20074.16",14487,20548334,-0.111942576004513
"14488","20074.16",14488,20549107,0.219676018676831
"14489","20074.16",14489,20551279,0.0959141378372372
"14490","20074.16",14490,20551289,0.308022956919319
"14491","20074.16",14491,20551431,0.8973482105003
"14492","20074.16",14492,20551866,-0.911364348966481
"14493","20074.16",14493,20555474,0.137187274602697
"14494","20074.16",14494,20557111,0.0496702931631159
"14495","20074.16",14495,20558927,0.135363092600585
"14496","20074.16",14496,20558971,-0.478054978757902
"14497","20074.16",14497,20559071,-0.125460975712323
"14498","20074.16",14498,20560377,0.0593249992920217
"14499","20074.16",14499,20561976,-1.06446582123184
"14500","20074.16",14500,20563029,-0.494731461974589
"14501","20074.16",14501,20563196,-0.223354505123244
"14502","20074.16",14502,20564390,-0.586288481813953
"14503","20074.16",14503,20566173,-1.99514188006986
"14504","20074.16",14504,20567338,0.866709280049522
"14505","20074.16",14505,20569008,0.0928202655212536
"14506","20074.16",14506,20569579,0.0476002074816639
"14507","20074.16",14507,20570775,-0.659142957526412
"14508","20074.16",14508,20571134,-0.4564980684173
"14509","20074.16",14509,20572548,-0.112277482298838
"14510","20074.16",14510,20573422,-0.85221618018752
"14511","20074.16",14511,20575978,-0.153888600141282
"14512","20074.16",14512,20579870,-0.363186631183796
"14513","20074.16",14513,20579968,-0.0404262777207745
"14514","20074.16",14514,20590838,0.884327966029411
"14515","20074.16",14515,20595796,0.618979753355201
"14516","20074.16",14516,20596558,0.766311634286848
"14517","20074.16",14517,20597553,-0.316339154235427
"14518","20074.16",14518,20599347,0.553268327169159
"14519","20074.16",14519,20606330,0.175313011104359
"14520","20074.16",14520,20608811,0.146500440202977
"14521","20074.16",14521,20609178,-0.81583623607185
"14522","20074.16",14522,20611803,-0.509304038487519
"14523","20074.16",14523,20613743,-0.15995707631444
"14524","20074.16",14524,20615675,-0.339004526751085
"14525","20074.16",14525,20616567,-0.350055867099213
"14526","20074.16",14526,20618004,0.889799960156215
"14527","20074.16",14527,20618468,0.892825733684007
"14528","20074.16",14528,20618902,0.42948789254756
"14529","20074.16",14529,20619305,0.18212190209614
"14530","20074.16",14530,20620228,-0.426385894309473
"14531","20074.16",14531,20628688,0.391073852588613
"14532","20074.16",14532,20629079,0.0120667239355798
"14533","20074.16",14533,20629585,0.109476586653613
"14534","20074.16",14534,20629983,-0.561555353877545
"14535","20074.16",14535,20633346,0.266883999540538
"14536","20074.16",14536,20635986,-0.946784422027646
"14537","20074.16",14537,20636557,-0.154924070754306
"14538","20074.16",14538,20636837,-0.357405858506393
"14539","20074.16",14539,20639672,-0.309216254814335
"14540","20074.16",14540,20640331,0.435704897366938
"14541","20074.16",14541,20645936,0.302556716560683
"14542","20074.16",14542,20647644,0.14480161061056
"14543","20074.16",14543,20647887,-0.532418833769676
"14544","20074.16",14544,20649452,0.619230401635655
"14545","20074.16",14545,20649797,-0.49811067912457
"14546","20074.16",14546,20650045,-0.63574684894957
"14547","20074.16",14547,20650148,1.59823853686567
"14548","20074.16",14548,20650420,0.0343467390041976
"14549","20074.16",14549,20650724,0.266945072645359
"14550","20074.16",14550,20651378,0.635484566845233
"14551","20074.16",14551,20652023,-0.165375757791626
"14552","20074.16",14552,20653460,-0.0727283482167529
"14553","20074.16",14553,20655856,0.502494851622758
"14554","20074.16",14554,20658631,-0.404180831468739
"14555","20074.16",14555,20658921,-0.490662488380595
"14556","20074.16",14556,20660327,0.0538529605857256
"14557","20074.16",14557,20662312,-1.65909765997857
"14558","20074.16",14558,20662932,-1.18626083881609
"14559","20074.16",14559,20666782,0.614607374683517
"14560","20074.16",14560,20667246,0.566092328578509
"14561","20074.16",14561,20668025,-0.521948388294534
"14562","20074.16",14562,20670746,-0.262085601661651
"14563","20074.16",14563,20672175,0.0663413200935654
"14564","20074.16",14564,20672335,1.0833248396141
"14565","20074.16",14565,20672449,-0.272538542674663
"14566","20074.16",14566,20672628,1.03443069999339
"14567","20074.16",14567,20674492,0.291008188157984
"14568","20074.16",14568,20674499,-0.0673981502812007
"14569","20074.16",14569,20674894,0.468880816757426
"14570","20074.16",14570,20679071,-0.06176320715063
"14571","20074.16",14571,20679970,0.343288492809136
"14572","20074.16",14572,20680152,-0.395636090966352
"14573","20074.16",14573,20680206,0.212535910946362
"14574","20074.16",14574,20682354,0.282718384570216
"14575","20074.16",14575,20683296,0.625979928298153
"14576","20074.16",14576,20683379,-1.57435945466881
"14577","20074.16",14577,20683682,-0.943943870511053
"14578","20074.16",14578,20686022,-0.0261382858141879
"14579","20074.16",14579,20688629,-0.278336060694974
"14580","20074.16",14580,20689815,-0.631723076863812
"14581","20074.16",14581,20691403,-0.333343364647084
"14582","20074.16",14582,20691679,-0.585041105006472
"14583","20074.16",14583,20692890,-0.620649822567814
"14584","20074.16",14584,20694067,0.229444657650451
"14585","20074.16",14585,20696805,0.347033899559638
"14586","20074.16",14586,20697248,0.0525195872446043
"14587","20074.16",14587,20697697,-0.791363654532092
"14588","20074.16",14588,20701162,0.320245503636992
"14589","20074.16",14589,20701337,0.824642764938965
"14590","20074.16",14590,20703172,-0.285770981099802
"14591","20074.16",14591,20707292,-0.611564275253737
"14592","20074.16",14592,20707812,0.324421446285824
"14593","20074.16",14593,20711506,0.65233204236819
"14594","20074.16",14594,20711945,-0.122935696513999
"14595","20074.16",14595,20715676,0.195824984753158
"14596","20074.16",14596,20715905,-0.123458048238672
"14597","20074.16",14597,20717917,-0.386262215415538
"14598","20074.16",14598,20718939,0.540841898878967
"14599","20074.16",14599,20719337,1.26163146368509
"14600","20074.16",14600,20720027,0.0662376291452427
"14601","20074.16",14601,20722552,-0.479393747903063
"14602","20074.16",14602,20723682,-0.00599180081364903
"14603","20074.16",14603,20723699,-0.153594726254482
"14604","20074.16",14604,20724408,0.060613490516503
"14605","20074.16",14605,20728551,0.451006288661234
"14606","20074.16",14606,20729963,0.0415837930335794
"14607","20074.16",14607,20730690,0.682998768973921
"14608","20074.16",14608,20730957,-0.0348172608592661
"14609","20074.16",14609,20731973,-0.231225658889578
"14610","20074.16",14610,20732243,-0.156146719774814
"14611","20074.16",14611,20732321,-0.284518770317666
"14612","20074.16",14612,20733050,-0.112054756164917
"14613","20074.16",14613,20733649,0.559486323659439
"14614","20074.16",14614,20733711,0.0118300413085368
"14615","20074.16",14615,20737884,0.23519272637533
"14616","20074.16",14616,20740517,-0.108830956036192
"14617","20074.16",14617,20740756,-0.369809979034941
"14618","20074.16",14618,20742524,0.087206570056889
"14619","20074.16",14619,20747639,-0.249081752820181
"14620","20074.16",14620,20747936,-0.280668005493379
"14621","20074.16",14621,20748331,-0.377568898312888
"14622","20074.16",14622,20748397,0.0472239191013122
"14623","20074.16",14623,20751271,0.393501448158916
"14624","20074.16",14624,20751347,0.462914273128827
"14625","20074.16",14625,20755570,-0.613565254942853
"14626","20074.16",14626,20757581,-1.40927313973415
"14627","20074.16",14627,20757597,-0.696736022877899
"14628","20074.16",14628,20759548,0.776436348080844
"14629","20074.16",14629,20759934,0.0507140399446433
"14630","20074.16",14630,20760016,0.368592627634453
"14631","20074.16",14631,20771701,-0.31466517873137
"14632","20074.16",14632,20773553,-0.787665857893577
"14633","20074.16",14633,20773764,-0.701698007236478
"14634","20074.16",14634,20774224,-0.978212478759027
"14635","20074.16",14635,20784412,0.16472595255231
"14636","20074.16",14636,20784493,0.0852621079232376
"14637","20074.16",14637,20787770,0.564997585388485
"14638","20074.16",14638,20787861,-0.825124943652809
"14639","20074.16",14639,20788184,0.606639798420537
"14640","20074.16",14640,20789548,0.934757602957064
"14641","20074.16",14641,20789917,-0.103753268179413
"14642","20074.16",14642,20791506,-0.026265743617631
"14643","20074.16",14643,20791912,0.180150224265933
"14644","20074.16",14644,20792100,-0.89988630338761
"14645","20074.16",14645,20795621,0.0897145665759371
"14646","20074.16",14646,20796387,-0.993641262604165
"14647","20074.16",14647,20798242,-0.275196629227622
"14648","20074.16",14648,20801299,-0.25961402509899
"14649","20074.16",14649,20802128,0.336232753576957
"14650","20074.16",14650,20802172,0.713034021970647
"14651","20074.16",14651,20804483,-0.144692348448831
"14652","20074.16",14652,20807362,0.154862702084609
"14653","20074.16",14653,20807425,-0.286774243948181
"14654","20074.16",14654,20811780,0.0853405972861072
"14655","20074.16",14655,20812502,-1.52318886303503
"14656","20074.16",14656,20814785,0.135510381597711
"14657","20074.16",14657,20816728,-1.98829471557457
"14658","20074.16",14658,20819495,0.310665505431269
"14659","20074.16",14659,20819719,-0.450137364369611
"14660","20074.16",14660,20820570,-0.406988249554542
"14661","20074.16",14661,20823067,0.422354883026849
"14662","20074.16",14662,20823959,-0.469848977274523
"14663","20074.16",14663,20824528,0.485613224687957
"14664","20074.16",14664,20826502,0.553454498106263
"14665","20074.16",14665,20827075,-0.791390691953723
"14666","20074.16",14666,20827101,1.5852404205583
"14667","20074.16",14667,20829096,0.0632176484125724
"14668","20074.16",14668,20831450,-1.52177177787328
"14669","20074.16",14669,20832237,0.962034167915166
"14670","20074.16",14670,20834394,-0.711905780591747
"14671","20074.16",14671,20836668,0.474136284417399
"14672","20074.16",14672,20837814,0.258407569293388
"14673","20074.16",14673,20838516,-1.10698803573486
"14674","20074.16",14674,20845584,0.243476526498974
"14675","20074.16",14675,20848020,-0.469354920676454
"14676","20074.16",14676,20849586,-1.24285501971335
"14677","20074.16",14677,20853867,0.0287885951463442
"14678","20074.16",14678,20858818,-0.000255229761440212
"14679","20074.16",14679,20858929,0.564286040275495
"14680","20074.16",14680,20859856,-0.480778160395555
"14681","20074.16",14681,20860026,1.24187235493837
"14682","20074.16",14682,20860897,0.476866698079003
"14683","20074.16",14683,20861072,-0.90257951445603
"14684","20074.16",14684,20861901,-1.32596791608068
"14685","20074.16",14685,20862131,0.338206784757683
"14686","20074.16",14686,20862353,0.0723169360517222
"14687","20074.16",14687,20864105,-1.18165812160116
"14688","20074.16",14688,20866903,-0.053847460258595
"14689","20074.16",14689,20869089,0.0241720542582344
"14690","20074.16",14690,20869266,0.410184870946634
"14691","20074.16",14691,20870784,-0.0764230285094012
"14692","20074.16",14692,20872261,0.0680306265174915
"14693","20074.16",14693,20874136,-0.493940914622548
"14694","20074.16",14694,20875882,0.118278951531897
"14695","20074.16",14695,20876790,-0.164202861265371
"14696","20074.16",14696,20877255,-0.0623808840129749
"14697","20074.16",14697,20880040,-0.383887486851497
"14698","20074.16",14698,20880786,0.153020425188019
"14699","20074.16",14699,20880921,-0.6722014453683
"14700","20074.16",14700,20881575,-0.473088613467596
"14701","20074.16",14701,20881762,-0.147382135113042
"14702","20074.16",14702,20883261,0.170897283732718
"14703","20074.16",14703,20884742,-0.0687269867144122
"14704","20074.16",14704,20886385,0.250465393659552
"14705","20074.16",14705,20886521,0.670797435015754
"14706","20074.16",14706,20888136,0.178346203828343
"14707","20074.16",14707,20888612,0.818599750323544
"14708","20074.16",14708,20888829,-1.36735298730804
"14709","20074.16",14709,20897668,-0.380250904898275
"14710","20074.16",14710,20897933,-0.54128883152793
"14711","20074.16",14711,20899188,0.355826075500482
"14712","20074.16",14712,20900747,0.83140668812305
"14713","20074.16",14713,20901077,0.0374757294318204
"14714","20074.16",14714,20902808,0.413629282860035
"14715","20074.16",14715,20903745,0.275040867042557
"14716","20074.16",14716,20906057,0.586418486678832
"14717","20074.16",14717,20906480,-0.116005361288861
"14718","20074.16",14718,20907103,-0.302509754006661
"14719","20074.16",14719,20914097,-0.0619358511212438
"14720","20074.16",14720,20915247,0.66861956365805
"14721","20074.16",14721,20915663,0.119892977313373
"14722","20074.16",14722,20929678,0.130614149116981
"14723","20074.16",14723,20929800,0.6399985611976
"14724","20074.16",14724,20931147,-0.0972384370684196
"14725","20074.16",14725,20931538,-0.779275517408352
"14726","20074.16",14726,20932464,-0.307920008807564
"14727","20074.16",14727,20936251,-0.587213150201908
"14728","20074.16",14728,20937063,0.0695724825829087
"14729","20074.16",14729,20938250,-1.02058457402741
"14730","20074.16",14730,20944487,-0.459171882591068
"14731","20074.16",14731,20947853,-0.677318952237692
"14732","20074.16",14732,20948146,-0.882124685236189
"14733","20074.16",14733,20948752,0.259057731111775
"14734","20074.16",14734,20949393,-0.516229454539869
"14735","20074.16",14735,20952098,0.114946966094128
"14736","20074.16",14736,20952403,-1.11876728679499
"14737","20074.16",14737,20952918,-0.934277611388593
"14738","20074.16",14738,20955560,0.651958558407999
"14739","20074.16",14739,20956489,0.0226503590089706
"14740","20074.16",14740,20956772,-0.827321325969072
"14741","20074.16",14741,20957974,-0.594083900538943
"14742","20074.16",14742,20959918,-0.00723546569146372
"14743","20074.16",14743,20960410,0.213192846097748
"14744","20074.16",14744,20960969,-0.263180242014574
"14745","20074.16",14745,20962021,0.445504678059858
"14746","20074.16",14746,20962547,-0.109156678446114
"14747","20074.16",14747,20963765,-0.171423230653261
"14748","20074.16",14748,20967941,-0.229583625573743
"14749","20074.16",14749,20968437,-0.0541940214155057
"14750","20074.16",14750,20970034,0.0628524847490297
"14751","20074.16",14751,20972345,0.159262518249327
"14752","20074.16",14752,20972500,0.205804225989962
"14753","20074.16",14753,20973955,-1.04558566027834
"14754","20074.16",14754,20979955,-0.0535011993369467
"14755","20074.16",14755,20981162,-0.606478765368234
"14756","20074.16",14756,20981179,-0.0656286396026324
"14757","20074.16",14757,20983446,0.810819237018362
"14758","20074.16",14758,20984881,-0.402289456067487
"14759","20074.16",14759,20990125,0.160089057430717
"14760","20074.16",14760,20990842,0.189753673555259
"14761","20074.16",14761,20990976,0.984677618571268
"14762","20074.16",14762,20991375,-1.11129169707947
"14763","20074.16",14763,20996533,0.531806914847384
"14764","20074.16",14764,20998639,-0.345931842463788
"14765","20074.16",14765,20999464,-0.204159968761903
"14766","20074.16",14766,20999689,-0.154932046972414
"14767","20074.16",14767,21004986,0.527852044586488
"14768","20074.16",14768,21006217,0.158873797780441
"14769","20074.16",14769,21007304,0.593423692371261
"14770","20074.16",14770,21008081,0.329889790832406
"14771","20074.16",14771,21008252,0.0602095856525722
"14772","20074.16",14772,21009408,-0.0632232401721025
"14773","20074.16",14773,21014222,0.260693066405779
"14774","20074.16",14774,21018031,-0.862561782800012
"14775","20074.16",14775,21019556,-0.109138677858952
"14776","20074.16",14776,21023156,0.66213483924578
"14777","20074.16",14777,21024033,0.112005533693443
"14778","20074.16",14778,21024067,-0.30460001685272
"14779","20074.16",14779,21026778,-0.363892353171225
"14780","20074.16",14780,21027516,-0.277821381849295
"14781","20074.16",14781,21028042,-0.91290780717986
"14782","20074.16",14782,21029197,0.579053582975985
"14783","20074.16",14783,21029392,0.799244091823225
"14784","20074.16",14784,21030350,0.296118435453699
"14785","20074.16",14785,21032786,0.161541724105573
"14786","20074.16",14786,21032831,-0.00945521803354854
"14787","20074.16",14787,21033614,-0.451321303201485
"14788","20074.16",14788,21033688,-0.160051925219779
"14789","20074.16",14789,21033955,-0.368898328063307
"14790","20074.16",14790,21035826,-0.0601609168783037
"14791","20074.16",14791,21036564,-0.940285883659139
"14792","20074.16",14792,21037415,0.385611031871011
"14793","20074.16",14793,21042533,-0.304045141194358
"14794","20074.16",14794,21042957,-0.788478623465042
"14795","20074.16",14795,21043801,-0.045841757090674
"14796","20074.16",14796,21046075,0.605573456317395
"14797","20074.16",14797,21046339,0.0965696948560435
"14798","20074.16",14798,21046947,-0.157212112957894
"14799","20074.16",14799,21049286,0.0440955060555899
"14800","20074.16",14800,21049657,-1.19998029043036
"14801","20074.16",14801,21051209,0.163176724356732
"14802","20074.16",14802,21052001,0.0444093435912594
"14803","20074.16",14803,21053498,-0.298529309116381
"14804","20074.16",14804,21053964,-0.139107511929873
"14805","20074.16",14805,21060892,-0.473914412896691
"14806","20074.16",14806,21061708,1.1138645102564
"14807","20074.16",14807,21062207,-1.33832785539251
"14808","20074.16",14808,21063109,-0.656677448084208
"14809","20074.16",14809,21064384,0.361128036086835
"14810","20074.16",14810,21065501,0.432201803633876
"14811","20074.16",14811,21068414,-0.183780365455473
"14812","20074.16",14812,21068917,1.00006541188388
"14813","20074.16",14813,21071315,0.364077350195267
"14814","20074.16",14814,21071404,0.592614851473409
"14815","20074.16",14815,21071625,-0.627568909734468
"14816","20074.16",14816,21072013,0.606485434831499
"14817","20074.16",14817,21074705,0.50372520683523
"14818","20074.16",14818,21075505,0.243126740189266
"14819","20074.16",14819,21077444,-0.524515862600822
"14820","20074.16",14820,21084113,-1.16555851150673
"14821","20074.16",14821,21085698,0.138990560355126
"14822","20074.16",14822,21085713,0.670619192742158
"14823","20074.16",14823,21086071,0.351868578092271
"14824","20074.16",14824,21089688,0.633083771281151
"14825","20074.16",14825,21090253,0.49152449948359
"14826","20074.16",14826,21092051,0.14284623456042
"14827","20074.16",14827,21092105,-1.05401129242128
"14828","20074.16",14828,21099410,0.271725171992915
"14829","20074.16",14829,21099565,-0.0747739510945546
"14830","20074.16",14830,21100238,0.550362489269403
"14831","20074.16",14831,21101000,-0.270388097807151
"14832","20074.16",14832,21106026,-0.18360556538165
"14833","20074.16",14833,21110478,1.08367505189287
"14834","20074.16",14834,21111010,0.0610309700794378
"14835","20074.16",14835,21113810,-0.178006557606686
"14836","20074.16",14836,21114128,-0.627579226280076
"14837","20074.16",14837,21115345,-0.463823841395141
"14838","20074.16",14838,21116051,1.31801078277704
"14839","20074.16",14839,21116254,-0.314126728543318
"14840","20074.16",14840,21116271,1.01882920745578
"14841","20074.16",14841,21121381,-0.138287220290914
"14842","20074.16",14842,21125545,-0.113234531923613
"14843","20074.16",14843,21127479,-0.601137776468216
"14844","20074.16",14844,21128174,0.561395600185539
"14845","20074.16",14845,21128673,0.534255446415675
"14846","20074.16",14846,21128945,-0.363745898399286
"14847","20074.16",14847,21128962,-0.0839094532711702
"14848","20074.16",14848,21138465,-1.39062461253997
"14849","20074.16",14849,21142177,-0.627745105354771
"14850","20074.16",14850,21142640,-1.06360845052316
"14851","20074.16",14851,21145289,-0.0460799884397423
"14852","20074.16",14852,21146675,0.710553229085417
"14853","20074.16",14853,21147999,-0.203152515259114
"14854","20074.16",14854,21151624,0.835707984983071
"14855","20074.16",14855,21153927,-0.167690442186631
"14856","20074.16",14856,21154467,-0.557006423492247
"14857","20074.16",14857,21154540,0.00173061467713342
"14858","20074.16",14858,21154917,0.420565937302478
"14859","20074.16",14859,21154951,-0.0858559002569192
"14860","20074.16",14860,21159058,-0.63621549679301
"14861","20074.16",14861,21159071,-0.222968895040492
"14862","20074.16",14862,21159213,0.870535607361163
"14863","20074.16",14863,21159383,0.262789687635702
"14864","20074.16",14864,21161265,-0.324078231989563
"14865","20074.16",14865,21166573,-0.954405047155041
"14866","20074.16",14866,21167978,0.260203088871433
"14867","20074.16",14867,21169569,0.707638023698721
"14868","20074.16",14868,21172767,-0.682220254138688
"14869","20074.16",14869,21173137,-0.558067167470974
"14870","20074.16",14870,21173940,-0.732684383186591
"14871","20074.16",14871,21174024,0.18820442453099
"14872","20074.16",14872,21178187,-0.273688253452036
"14873","20074.16",14873,21182924,-0.971275601193988
"14874","20074.16",14874,21185992,0.432314535382537
"14875","20074.16",14875,21188551,0.49842220409369
"14876","20074.16",14876,21193198,-0.622929748283071
"14877","20074.16",14877,21193491,0.0526852675937137
"14878","20074.16",14878,21195608,0.316766151900729
"14879","20074.16",14879,21198496,0.16312108740502
"14880","20074.16",14880,21198568,-0.320766387225921
"14881","20074.16",14881,21199374,-0.5562362887104
"14882","20074.16",14882,21205718,-0.0654573627019222
"14883","20074.16",14883,21212943,0.624579976117604
"14884","20074.16",14884,21213971,-0.34126686019224
"14885","20074.16",14885,21214222,0.32950800739373
"14886","20074.16",14886,21217061,-0.607977919157398
"14887","20074.16",14887,21219154,-0.367234506897573
"14888","20074.16",14888,21220262,0.145136865893864
"14889","20074.16",14889,21220404,0.429459742186224
"14890","20074.16",14890,21221324,0.6330444837315
"14891","20074.16",14891,21221390,-0.0450724639174878
"14892","20074.16",14892,21221738,0.205415176206809
"14893","20074.16",14893,21222672,-0.473200384855409
"14894","20074.16",14894,21223654,0.46870039196516
"14895","20074.16",14895,21226751,0.736742438498756
"14896","20074.16",14896,21228056,0.587224331026341
"14897","20074.16",14897,21229750,-1.01519146799958
"14898","20074.16",14898,21230239,0.780634025195419
"14899","20074.16",14899,21232051,-0.0824488315024032
"14900","20074.16",14900,21233004,0.639579427883169
"14901","20074.16",14901,21233262,-0.936120651168293
"14902","20074.16",14902,21234245,0.387638531248844
"14903","20074.16",14903,21235343,1.09514997451914
"14904","20074.16",14904,21236288,-0.177437440561937
"14905","20074.16",14905,21242664,-0.367028765250294
"14906","20074.16",14906,21244578,0.574960575882344
"14907","20074.16",14907,21250829,-1.45949581731832
"14908","20074.16",14908,21251362,0.45032215563655
"14909","20074.16",14909,21252581,0.593462963891407
"14910","20074.16",14910,21256002,0.126582465633303
"14911","20074.16",14911,21256121,0.3612219675114
"14912","20074.16",14912,21256568,-0.662419140590143
"14913","20074.16",14913,21260162,0.634806099450524
"14914","20074.16",14914,21260519,-0.159396934751229
"14915","20074.16",14915,21260914,0.406978948612609
"14916","20074.16",14916,21266025,-0.0875871696559498
"14917","20074.16",14917,21266570,0.93087182482337
"14918","20074.16",14918,21268923,-0.0491009535756737
"14919","20074.16",14919,21270269,-0.318836648245187
"14920","20074.16",14920,21272365,-0.135605128438862
"14921","20074.16",14921,21272591,0.217656777565085
"14922","20074.16",14922,21273092,0.22282235347377
"14923","20074.16",14923,21277658,0.0825014596058402
"14924","20074.16",14924,21281465,-0.358530046993858
"14925","20074.16",14925,21284557,-0.23157490630263
"14926","20074.16",14926,21285653,0.123953853969161
"14927","20074.16",14927,21287178,-0.174941774115633
"14928","20074.16",14928,21287510,0.492201045025122
"14929","20074.16",14929,21287585,1.06746697752413
"14930","20074.16",14930,21291691,0.490800321372375
"14931","20074.16",14931,21292603,-1.01460445448136
"14932","20074.16",14932,21293023,-0.0492646523099127
"14933","20074.16",14933,21293429,0.0215407869999442
"14934","20074.16",14934,21294737,0.673592099763995
"14935","20074.16",14935,21302111,-0.0543887161842882
"14936","20074.16",14936,21302673,-0.110131527342779
"14937","20074.16",14937,21303125,-0.295086984108606
"14938","20074.16",14938,21303138,-0.449710852006908
"14939","20074.16",14939,21303856,-0.57549865752514
"14940","20074.16",14940,21305271,0.0262471155219437
"14941","20074.16",14941,21305523,0.62935246379597
"14942","20074.16",14942,21306813,-0.00924951260553808
"14943","20074.16",14943,21308839,-0.0434341098566007
"14944","20074.16",14944,21309965,0.289547280583366
"14945","20074.16",14945,21310117,0.337239241838202
"14946","20074.16",14946,21315640,-0.376848233651467
"14947","20074.16",14947,21315870,-0.342402685062241
"14948","20074.16",14948,21317377,-0.648608417372512
"14949","20074.16",14949,21334664,-0.956977411548925
"14950","20074.16",14950,21335607,-0.705409267319828
"14951","20074.16",14951,21336802,0.461816087635353
"14952","20074.16",14952,21340045,-0.238916978917945
"14953","20074.16",14953,21340311,-0.802927698556624
"14954","20074.16",14954,21344684,-0.175736916563981
"14955","20074.16",14955,21344843,-0.607486181623683
"14956","20074.16",14956,21347121,0.130803197874477
"14957","20074.16",14957,21347619,0.450758791340273
"14958","20074.16",14958,21348200,-0.258724620416668
"14959","20074.16",14959,21350204,-0.395036142751978
"14960","20074.16",14960,21352039,-0.147716355944178
"14961","20074.16",14961,21360315,0.313792595594827
"14962","20074.16",14962,21360431,-0.0729250781019752
"14963","20074.16",14963,21363406,0.383976179365107
"14964","20074.16",14964,21363823,-0.708921616640978
"14965","20074.16",14965,21368007,-1.9443930116856
"14966","20074.16",14966,21372601,-0.985068027393168
"14967","20074.16",14967,21379452,0.219957658156308
"14968","20074.16",14968,21387535,0.816165373205428
"14969","20074.16",14969,21389970,1.47282585268687
"14970","20074.16",14970,21412404,0.0869194649149874
"14971","20074.16",14971,21515075,0.497674583187211
"14972","20074.16",14972,21515089,1.01458454608256
"14973","20074.16",14973,21520539,0.50176521249118
"14974","20074.16",14974,21533223,0.590081265203739
"14975","20074.16",14975,21534304,0.924381746820273
"14976","20074.16",14976,21536726,0.886220802280364
"14977","20074.16",14977,21537201,-0.411072444917279
"14978","20074.16",14978,21539264,-0.141405396594864
"14979","20074.16",14979,21539336,0.358400686828449
"14980","20074.16",14980,21539393,0.565440652412277
"14981","20074.16",14981,21543267,0.351914104917985
"14982","20074.16",14982,21546282,-0.00260711570669336
"14983","20074.16",14983,21564105,0.185109280830954
"14984","20074.16",14984,21564189,0.274974189206678
"14985","20074.16",14985,21569203,0.133018726683757
"14986","20074.16",14986,21569434,-0.440185975247394
"14987","20074.16",14987,21572759,-0.361772265488228
"14988","20074.16",14988,21573162,7.30511040618609e-05
"14989","20074.16",14989,21576817,0.64107321020204
"14990","20074.16",14990,21581232,0.17547946663276
"14991","20074.16",14991,21582734,0.457879183037815
"14992","20074.16",14992,21585792,1.00298022623541
"14993","20074.16",14993,21586032,0.677802068662468
"14994","20074.16",14994,21586725,0.132511407436667
"14995","20074.16",14995,21588789,-1.22740905323653
"14996","20074.16",14996,21591341,0.432120766374653
"14997","20074.16",14997,21593456,-1.04119393652606
"14998","20074.16",14998,21593635,0.696343666072056
"14999","20074.16",14999,21596314,0.0474944326737701
"15000","20074.16",15000,21598276,-0.294139350140119
"15001","20074.16",15001,21599500,-0.013779727529216
"15002","20074.16",15002,21601729,-0.0134230035997147
"15003","20074.16",15003,21602631,-1.30458286327925
"15004","20074.16",15004,21605967,0.0114526254899285
"15005","20074.16",15005,21606053,-0.56565709345982
"15006","20074.16",15006,21606185,-0.57661546156002
"15007","20074.16",15007,21618749,0.514707664959928
"15008","20074.16",15008,21620270,0.372032584176249
"15009","20074.16",15009,21620285,-0.0575562589182894
"15010","20074.16",15010,21620407,0.481385697667318
"15011","20074.16",15011,21620547,0.0673681788702014
"15012","20074.16",15012,21620868,0.836815193546045
"15013","20074.16",15013,21621500,-0.254239541757775
"15014","20074.16",15014,21622246,-0.331643441958322
"15015","20074.16",15015,21624002,0.297357256458288
"15016","20074.16",15016,21627512,-0.699942914600588
"15017","20074.16",15017,21628398,-0.513625265560895
"15018","20074.16",15018,21630698,-0.0103643970520384
"15019","20074.16",15019,21630698,0.747530708409539
"15020","20074.16",15020,21631113,0.921829568605406
"15021","20074.16",15021,21631313,0.374185810913267
"15022","20074.16",15022,21632172,-0.057865019842267
"15023","20074.16",15023,21634120,0.472605599794076
"15024","20074.16",15024,21637101,0.411836778779738
"15025","20074.16",15025,21638093,-0.00633926610981739
"15026","20074.16",15026,21638468,-0.108561259526427
"15027","20074.16",15027,21650790,1.04776401187228
"15028","20074.16",15028,21653630,0.293371204520615
"15029","20074.16",15029,21654333,-0.0406794089313971
"15030","20074.16",15030,21656177,-0.17628836194804
"15031","20074.16",15031,21656222,-0.322864657222597
"15032","20074.16",15032,21656494,0.233734351644098
"15033","20074.16",15033,21658281,-0.430460615761938
"15034","20074.16",15034,21658389,1.31104995815097
"15035","20074.16",15035,21658415,0.143002824669919
"15036","20074.16",15036,21659433,-0.342858339013225
"15037","20074.16",15037,21659534,-0.619930206162788
"15038","20074.16",15038,21659682,0.00212347624399811
"15039","20074.16",15039,21665197,-0.781340630246463
"15040","20074.16",15040,21665897,-0.00121943041789052
"15041","20074.16",15041,21666316,0.630576001014071
"15042","20074.16",15042,21666472,-0.791846952698536
"15043","20074.16",15043,21672064,0.136518560760873
"15044","20074.16",15044,21672536,0.285068364292035
"15045","20074.16",15045,21676952,-0.437450621183567
"15046","20074.16",15046,21678069,-0.183708943594473
"15047","20074.16",15047,21680084,-0.258125859088314
"15048","20074.16",15048,21680941,-0.187531323707886
"15049","20074.16",15049,21684027,0.204588151295273
"15050","20074.16",15050,21684152,-1.12582930677664
"15051","20074.16",15051,21687856,0.223183890187392
"15052","20074.16",15052,21688744,0.493805920685586
"15053","20074.16",15053,21689586,-0.76472214985082
"15054","20074.16",15054,21689894,0.142705797048108
"15055","20074.16",15055,21689907,0.497925634203496
"15056","20074.16",15056,21695425,-0.0279419131213547
"15057","20074.16",15057,21700961,-0.487631703183579
"15058","20074.16",15058,21701970,-0.265298692299785
"15059","20074.16",15059,21701975,-0.40886103672109
"15060","20074.16",15060,21701977,-1.24742512270137
"15061","20074.16",15061,21701991,0.09922610457064
"15062","20074.16",15062,21705229,0.149151223594004
"15063","20074.16",15063,21705320,0.116983474899483
"15064","20074.16",15064,21705625,0.472478606839991
"15065","20074.16",15065,21710649,-0.155470489072705
"15066","20074.16",15066,21710677,-0.411300464374124
"15067","20074.16",15067,21711399,-0.184967577163833
"15068","20074.16",15068,21712743,0.67547911338857
"15069","20074.16",15069,21713842,-0.293393900989403
"15070","20074.16",15070,21714852,-0.397779009694747
"15071","20074.16",15071,21714956,-0.472646995420151
"15072","20074.16",15072,21715108,-0.0109983445415942
"15073","20074.16",15073,21718529,-0.088662875669824
"15074","20074.16",15074,21719840,-0.337609387855752
"15075","20074.16",15075,21720065,-0.545014558527437
"15076","20074.16",15076,21724919,0.780345826587886
"15077","20074.16",15077,21727204,0.157591012059871
"15078","20074.16",15078,21728390,-0.223320287891918
"15079","20074.16",15079,21728800,-0.266324021254141
"15080","20074.16",15080,21729214,0.400553496087196
"15081","20074.16",15081,21729812,-0.185220511502775
"15082","20074.16",15082,21732731,-1.04319317110548
"15083","20074.16",15083,21732836,0.646146032062647
"15084","20074.16",15084,21733774,-0.592159233000658
"15085","20074.16",15085,21734095,0.189575624766419
"15086","20074.16",15086,21734538,0.0484015827384621
"15087","20074.16",15087,21735064,-0.0783754003776558
"15088","20074.16",15088,21735100,0.0925198213052187
"15089","20074.16",15089,21737274,0.112940853897973
"15090","20074.16",15090,21737414,0.393444552833667
"15091","20074.16",15091,21740214,-0.873859519518074
"15092","20074.16",15092,21740274,0.0299521498173307
"15093","20074.16",15093,21742186,-0.411384020112115
"15094","20074.16",15094,21742542,0.239159063776786
"15095","20074.16",15095,21742939,-0.909868873270402
"15096","20074.16",15096,21743133,0.199208749849736
"15097","20074.16",15097,21746503,0.478939295405538
"15098","20074.16",15098,21746954,0.306976813548368
"15099","20074.16",15099,21761467,-0.289049124794245
"15100","20074.16",15100,21770405,1.34796992382024
"15101","20074.16",15101,21770747,0.106833489762269
"15102","20074.16",15102,21775107,0.130510055888624
"15103","20074.16",15103,21779451,-0.88917315359603
"15104","20074.16",15104,21783377,-0.336189002300954
"15105","20074.16",15105,21783858,0.178885463209024
"15106","20074.16",15106,21786742,-0.49427542452877
"15107","20074.16",15107,21786995,0.938725854662631
"15108","20074.16",15108,21787116,0.795361184883123
"15109","20074.16",15109,21787519,0.00901111401298405
"15110","20074.16",15110,21807868,-0.167023871498419
"15111","20074.16",15111,21817461,-0.631440601238504
"15112","20074.16",15112,21817936,-0.819921439455876
"15113","20074.16",15113,21820415,-0.429060944026427
"15114","20074.16",15114,21822103,-1.57847430856609
"15115","20074.16",15115,21827799,0.27291881254522
"15116","20074.16",15116,21839340,0.317422427509034
"15117","20074.16",15117,21946059,0.223433538290735
"15118","20074.16",15118,21946537,0.294308824836174
"15119","20074.16",15119,21946594,-0.665694876359095
"15120","20074.16",15120,21947745,0.354636717350364
"15121","20074.16",15121,21947787,0.19334728134627
"15122","20074.16",15122,21948771,-0.719493667546133
"15123","20074.16",15123,21949122,0.167248233237135
"15124","20074.16",15124,21949358,-0.568479636108943
"15125","20074.16",15125,21952935,-0.648033929625282
"15126","20074.16",15126,21956354,0.309942145984112
"15127","20074.16",15127,21957064,-0.963079424101666
"15128","20074.16",15128,21960587,-0.408390038063861
"15129","20074.16",15129,21963966,0.0658305532127672
"15130","20074.16",15130,21967065,-0.412209258265665
"15131","20074.16",15131,21968880,0.083307964950711
"15132","20074.16",15132,21972116,-0.70978863267364
"15133","20074.16",15133,21974134,-0.20699342377985
"15134","20074.16",15134,21975727,0.0499984696388056
"15135","20074.16",15135,21976762,-0.0409411890026758
"15136","20074.16",15136,21976778,-1.58188421335576
"15137","20074.16",15137,21978482,0.215881825457021
"15138","20074.16",15138,21978599,-0.0421511328535207
"15139","20074.16",15139,21979297,-0.224225276493398
"15140","20074.16",15140,21980883,-0.0648519058798023
"15141","20074.16",15141,21981446,0.426888411995196
"15142","20074.16",15142,21982936,-0.547533793354869
"15143","20074.16",15143,21983280,-0.172313779190906
"15144","20074.16",15144,21991329,-0.0476573496557045
"15145","20074.16",15145,21992710,0.176718485013522
"15146","20074.16",15146,21997551,-1.02672976170798
"15147","20074.16",15147,21998365,-0.730247803797194
"15148","20074.16",15148,22000736,-0.615507270439823
"15149","20074.16",15149,22000874,0.0574087170435877
"15150","20074.16",15150,22001720,-0.857308733344722
"15151","20074.16",15151,22005139,0.249466433454693
"15152","20074.16",15152,22005703,-1.04397741855033
"15153","20074.16",15153,22009521,-0.702673088626521
"15154","20074.16",15154,22010505,0.0925032786845277
"15155","20074.16",15155,22010989,-1.23845713620809
"15156","20074.16",15156,22014642,0.719280581315666
"15157","20074.16",15157,22021935,0.461024318152666
"15158","20074.16",15158,22023030,-0.082119918770184
"15159","20074.16",15159,22025060,0.0713206735924112
"15160","20074.16",15160,22026947,0.539483001903768
"15161","20074.16",15161,22028029,0.372666585591007
"15162","20074.16",15162,22030073,-0.101227390989642
"15163","20074.16",15163,22030912,0.536171750466965
"15164","20074.16",15164,22031080,-0.391854761463923
"15165","20074.16",15165,22033929,-0.129413883199849
"15166","20074.16",15166,22040139,-0.661819534699418
"15167","20074.16",15167,22042335,-0.260918218164817
"15168","20074.16",15168,22043139,-0.268084608263218
"15169","20074.16",15169,22044170,0.00146137340984165
"15170","20074.16",15170,22047001,-0.0415499613858632
"15171","20074.16",15171,22047236,0.142016871615255
"15172","20074.16",15172,22047264,-1.0825188691397
"15173","20074.16",15173,22050609,-0.470874881372361
"15174","20074.16",15174,22050971,-1.26131665887824
"15175","20074.16",15175,22052003,-0.185424529129579
"15176","20074.16",15176,22053890,-0.154992269472635
"15177","20074.16",15177,22054075,0.166399973336751
"15178","20074.16",15178,22057112,0.0574260520912375
"15179","20074.16",15179,22057562,-0.3200542794345
"15180","20074.16",15180,22061872,-0.414983990051463
"15181","20074.16",15181,22062091,-0.165829184528188
"15182","20074.16",15182,22064191,-0.179880469427304
"15183","20074.16",15183,22066055,-0.213661196890745
"15184","20074.16",15184,22067344,-1.09896019785677
"15185","20074.16",15185,22067477,-0.829046518646038
"15186","20074.16",15186,22069121,-0.0562346766157491
"15187","20074.16",15187,22070596,0.105007083870841
"15188","20074.16",15188,22071360,-0.752404436434982
"15189","20074.16",15189,22071545,0.0391363773706725
"15190","20074.16",15190,22071966,-0.320170066834967
"15191","20074.16",15191,22076202,0.760166841657123
"15192","20074.16",15192,22079263,-0.505419397763038
"15193","20074.16",15193,22079323,0.752666446464885
"15194","20074.16",15194,22079558,0.33412573260675
"15195","20074.16",15195,22079902,0.412054679929864
"15196","20074.16",15196,22082887,1.05770913007709
"15197","20074.16",15197,22086446,0.109498438036313
"15198","20074.16",15198,22086859,-0.436129098579975
"15199","20074.16",15199,22092732,-1.65643903855579
"15200","20074.16",15200,22096154,-0.46847967080998
"15201","20074.16",15201,22099322,-0.122273007821367
"15202","20074.16",15202,22101075,-0.231831995888461
"15203","20074.16",15203,22101107,0.0383992409918585
"15204","20074.16",15204,22103936,-0.975924255311764
"15205","20074.16",15205,22104353,-0.703944379103917
"15206","20074.16",15206,22108679,-0.565300692760353
"15207","20074.16",15207,22109232,0.280490827303818
"15208","20074.16",15208,22109555,-0.828371275766428
"15209","20074.16",15209,22112615,-0.605773731343858
"15210","20074.16",15210,22114293,-0.0801578241590786
"15211","20074.16",15211,22116730,-0.0648017486098729
"15212","20074.16",15212,22117148,0.443173652495688
"15213","20074.16",15213,22119040,-0.693342920634832
"15214","20074.16",15214,22122494,0.579030802921596
"15215","20074.16",15215,22123643,0.489827664020832
"15216","20074.16",15216,22128792,-0.0322818915330183
"15217","20074.16",15217,22130183,-0.844572443622583
"15218","20074.16",15218,22130204,-0.23150359395492
"15219","20074.16",15219,22130543,-2.07243555865985
"15220","20074.16",15220,22132867,-0.735098862332991
"15221","20074.16",15221,22133183,0.157347718622787
"15222","20074.16",15222,22133997,-0.0492325831870009
"15223","20074.16",15223,22134157,0.439726019386927
"15224","20074.16",15224,22134288,1.46226503156681
"15225","20074.16",15225,22134330,0.473709128433476
"15226","20074.16",15226,22143516,-0.603368524122662
"15227","20074.16",15227,22143990,0.66753851651389
"15228","20074.16",15228,22151526,0.891593149394693
"15229","20074.16",15229,22152450,-0.0590015526788727
"15230","20074.16",15230,22153152,0.268547953580598
"15231","20074.16",15231,22153596,-1.18379753417857
"15232","20074.16",15232,22153987,0.0192805853489357
"15233","20074.16",15233,22156679,-0.266594160304383
"15234","20074.16",15234,22161864,-0.492268155469349
"15235","20074.16",15235,22162005,-0.234047177380877
"15236","20074.16",15236,22162043,-1.1885830598118
"15237","20074.16",15237,22162179,-0.10382507519931
"15238","20074.16",15238,22163006,0.170394747443865
"15239","20074.16",15239,22166626,0.100899637673047
"15240","20074.16",15240,22166755,-0.767378297104207
"15241","20074.16",15241,22171629,-0.330269399162514
"15242","20074.16",15242,22171662,0.0649302811706374
"15243","20074.16",15243,22171845,-0.38912693971456
"15244","20074.16",15244,22172608,-0.254762273294117
"15245","20074.16",15245,22172747,-0.225618805684518
"15246","20074.16",15246,22178210,-0.78782955974856
"15247","20074.16",15247,22179640,0.321024884230334
"15248","20074.16",15248,22180944,-0.968658817016726
"15249","20074.16",15249,22181496,0.211775666071815
"15250","20074.16",15250,22182493,0.249454422969506
"15251","20074.16",15251,22183874,-0.0323688993882776
"15252","20074.16",15252,22188050,-0.310807715172468
"15253","20074.16",15253,22188065,0.286534702945151
"15254","20074.16",15254,22188540,-0.0025425205276326
"15255","20074.16",15255,22188638,-0.85993221232792
"15256","20074.16",15256,22195345,0.106167120629578
"15257","20074.16",15257,22196716,-0.997134339793853
"15258","20074.16",15258,22197444,-1.12261378182141
"15259","20074.16",15259,22198519,-1.11188276476017
"15260","20074.16",15260,22199724,-0.575022023909455
"15261","20074.16",15261,22203948,0.514989682985614
"15262","20074.16",15262,22205971,-0.597358463819939
"15263","20074.16",15263,22205991,0.625356892991683
"15264","20074.16",15264,22206086,0.0192320019690824
"15265","20074.16",15265,22207274,0.0597961065498023
"15266","20074.16",15266,22207497,-0.680405396265845
"15267","20074.16",15267,22209376,-0.259969787090554
"15268","20074.16",15268,22212467,0.14152414183344
"15269","20074.16",15269,22215837,-0.479432710473933
"15270","20074.16",15270,22215879,0.056852102309696
"15271","20074.16",15271,22215959,-0.113419308540256
"15272","20074.16",15272,22216106,-0.311511050987652
"15273","20074.16",15273,22216177,-0.608447694710358
"15274","20074.16",15274,22216326,-0.256983016056989
"15275","20074.16",15275,22216509,-0.0349705462299497
"15276","20074.16",15276,22216530,0.0804854581120154
"15277","20074.16",15277,22220248,-0.198838212965218
"15278","20074.16",15278,22223509,-0.467978722502878
"15279","20074.16",15279,22224861,-0.0101459961944936
"15280","20074.16",15280,22231393,-0.270279667441216
"15281","20074.16",15281,22232426,-0.102666183015857
"15282","20074.16",15282,22232947,-1.75698422439656
"15283","20074.16",15283,22233450,0.70466679161202
"15284","20074.16",15284,22234951,-0.501742988356559
"15285","20074.16",15285,22235124,0.55961034716209
"15286","20074.16",15286,22236439,-0.0471941120418755
"15287","20074.16",15287,22242268,-0.541095907977799
"15288","20074.16",15288,22244756,-2.35843114348044
"15289","20074.16",15289,22246041,0.662269883083211
"15290","20074.16",15290,22246050,-0.020922573769691
"15291","20074.16",15291,22246819,0.249840482865875
"15292","20074.16",15292,22247354,-0.424220271249124
"15293","20074.16",15293,22251512,1.06290978707493
"15294","20074.16",15294,22251809,0.396607509622485
"15295","20074.16",15295,22252508,0.121850506626032
"15296","20074.16",15296,22257277,0.443113757682748
"15297","20074.16",15297,22261574,0.476680922569153
"15298","20074.16",15298,22261697,0.0450007635444782
"15299","20074.16",15299,22262018,-1.06457921896348
"15300","20074.16",15300,22262514,-1.20993506813824
"15301","20074.16",15301,22264427,-0.0484943807013325
"15302","20074.16",15302,22269537,0.373940345952069
"15303","20074.16",15303,22270038,-0.147741944226587
"15304","20074.16",15304,22271375,-0.373500645448752
"15305","20074.16",15305,22271399,-0.651014380622147
"15306","20074.16",15306,22273317,-0.420447042931413
"15307","20074.16",15307,22273410,0.994329282973685
"15308","20074.16",15308,22274545,-0.151735991601331
"15309","20074.16",15309,22276114,0.551013899313763
"15310","20074.16",15310,22276604,-0.0612844021624293
"15311","20074.16",15311,22278536,0.0636466225200749
"15312","20074.16",15312,22285814,0.466237238086687
"15313","20074.16",15313,22289598,0.107333790328973
"15314","20074.16",15314,22296463,0.18670165922319
"15315","20074.16",15315,22306288,-0.732417907977823
"15316","20074.16",15316,22306418,-0.363943347073102
"15317","20074.16",15317,22312423,-0.066666501867588
"15318","20074.16",15318,22312863,0.164382675866158
"15319","20074.16",15319,22316325,-0.825725845315767
"15320","20074.16",15320,22317457,0.0422300567234597
"15321","20074.16",15321,22321304,-0.349296142115446
"15322","20074.16",15322,22321580,0.236020259292243
"15323","20074.16",15323,22323859,-0.243697016412844
"15324","20074.16",15324,22325781,-0.123928378860676
"15325","20074.16",15325,22327951,-0.898166967033961
"15326","20074.16",15326,22331570,-0.43929076000242
"15327","20074.16",15327,22333662,-0.386970145785864
"15328","20074.16",15328,22334563,0.938144619034907
"15329","20074.16",15329,22339867,-0.73423401050156
"15330","20074.16",15330,22341482,-0.261107956934235
"15331","20074.16",15331,22342103,0.180406998680148
"15332","20074.16",15332,22344468,-1.3645728213934
"15333","20074.16",15333,22345191,0.276569669651159
"15334","20074.16",15334,22347447,-0.238114369225544
"15335","20074.16",15335,22347634,-0.0612792271446905
"15336","20074.16",15336,22347726,0.355947783912851
"15337","20074.16",15337,22351557,0.0972488801404143
"15338","20074.16",15338,22351820,-0.691235606237895
"15339","20074.16",15339,22353603,-0.0317012539479116
"15340","20074.16",15340,22354425,-0.548764566195708
"15341","20074.16",15341,22360030,-0.181404633690451
"15342","20074.16",15342,22360617,0.636662363968967
"15343","20074.16",15343,22360753,0.00626831717290077
"15344","20074.16",15344,22361162,-0.320667534755914
"15345","20074.16",15345,22364322,-1.39997768879403
"15346","20074.16",15346,22365518,-0.458968694730286
"15347","20074.16",15347,22365838,-0.18306119762795
"15348","20074.16",15348,22366951,0.0841777599326727
"15349","20074.16",15349,22375767,-1.80712998851635
"15350","20074.16",15350,22376869,-0.0432493381563575
"15351","20074.16",15351,22377003,0.139999433142992
"15352","20074.16",15352,22378428,-0.120738685231204
"15353","20074.16",15353,22389389,-0.199450343197997
"15354","20074.16",15354,22389740,-0.891524667278207
"15355","20074.16",15355,22390261,0.595753067349917
"15356","20074.16",15356,22392108,0.0172609620334727
"15357","20074.16",15357,22395380,0.118873498667232
"15358","20074.16",15358,22402467,-0.192379800594645
"15359","20074.16",15359,22403666,-0.0889907276195627
"15360","20074.16",15360,22409145,0.518879825266661
"15361","20074.16",15361,22411271,-0.482729748053236
"15362","20074.16",15362,22411541,-1.11342988781665
"15363","20074.16",15363,22412356,-0.135065349764338
"15364","20074.16",15364,22418318,1.03925197807537
"15365","20074.16",15365,22418702,-0.65519487251518
"15366","20074.16",15366,22420193,0.193206897382702
"15367","20074.16",15367,22421321,0.200347411029597
"15368","20074.16",15368,22423672,-0.454841651586506
"15369","20074.16",15369,22424169,-0.706846090876895
"15370","20074.16",15370,22428363,0.38001990014381
"15371","20074.16",15371,22428646,-0.1670739775651
"15372","20074.16",15372,22431371,-0.270958529928857
"15373","20074.16",15373,22441975,-0.150859253942861
"15374","20074.16",15374,22442021,-1.60167658958316
"15375","20074.16",15375,22557933,0.159764455673121
"15376","20074.16",15376,22558312,-0.320387270526801
"15377","20074.16",15377,22558998,-1.3170452066339
"15378","20074.16",15378,22559058,0.200594265742806
"15379","20074.16",15379,22559773,0.51114335505899
"15380","20074.16",15380,22577591,-0.35144191467683
"15381","20074.16",15381,22577604,-1.10992715317317
"15382","20074.16",15382,22587466,0.771173019343988
"15383","20074.16",15383,22588018,-0.261531021628911
"15384","20074.16",15384,22588051,0.00981893356705132
"15385","20074.16",15385,22590879,-0.0257727456035211
"15386","20074.16",15386,22591246,0.224038582398316
"15387","20074.16",15387,22602869,-0.287021348407387
"15388","20074.16",15388,22603165,0.807351619767037
"15389","20074.16",15389,22615805,0.145978220888549
"15390","20074.16",15390,22625585,-0.00437008942734352
"15391","20074.16",15391,22625603,0.191652770717904
"15392","20074.16",15392,22625620,0.546183999773567
"15393","20074.16",15393,22625636,0.912864209480696
"15394","20074.16",15394,22625772,0.333282799350509
"15395","20074.16",15395,22626347,-0.241603675308797
"15396","20074.16",15396,22626442,0.706184940177715
"15397","20074.16",15397,22627889,0.00109994074414654
"15398","20074.16",15398,22627955,-0.319253249738231
"15399","20074.16",15399,22627985,-0.213622763333624
"15400","20074.16",15400,22631366,0.890579144898962
"15401","20074.16",15401,22631381,0.144539037996335
"15402","20074.16",15402,22631399,1.03756197630225
"15403","20074.16",15403,22631475,0.874454579050407
"15404","20074.16",15404,22634283,0.690981745812539
"15405","20074.16",15405,22635051,-0.669736435236106
"15406","20074.16",15406,22637251,0.616744660758209
"15407","20074.16",15407,22639488,-0.0714015704159099
"15408","20074.16",15408,22643246,-0.577217866911881
"15409","20074.16",15409,22644803,-0.423564128544754
"15410","20074.16",15410,22647297,1.13334549808893
"15411","20074.16",15411,22648269,0.604700037785505
"15412","20074.16",15412,22648435,0.530922643033885
"15413","20074.16",15413,22649773,-0.0617271469009433
"15414","20074.16",15414,22650390,-0.278090867312975
"15415","20074.16",15415,22650649,-0.690083619619507
"15416","20074.16",15416,22652190,0.583558366966195
"15417","20074.16",15417,22655309,0.141446493815941
"15418","20074.16",15418,22655502,-0.0723289917084111
"15419","20074.16",15419,22655965,0.496105391164421
"15420","20074.16",15420,22657036,0.666803981297522
"15421","20074.16",15421,22668113,-0.011192406760709
"15422","20074.16",15422,22672387,-0.167622533206349
"15423","20074.16",15423,22673830,0.572535502714911
"15424","20074.16",15424,22673874,0.628603672454585
"15425","20074.16",15425,22674285,0.625461406395703
"15426","20074.16",15426,22675994,0.206047027294775
"15427","20074.16",15427,22676088,0.184658814026986
"15428","20074.16",15428,22676788,-0.143706108941452
"15429","20074.16",15429,22676866,-0.520921300630411
"15430","20074.16",15430,22680070,0.57198332593551
"15431","20074.16",15431,22680187,0.284165194189881
"15432","20074.16",15432,22680734,0.611002927344374
"15433","20074.16",15433,22680863,0.95775308685428
"15434","20074.16",15434,22687564,-0.00506667477181111
"15435","20074.16",15435,22689069,0.162850620159236
"15436","20074.16",15436,22689342,0.593047456737819
"15437","20074.16",15437,22690686,0.766456748906424
"15438","20074.16",15438,22691321,0.881142606978586
"15439","20074.16",15439,22691510,-0.343141242419904
"15440","20074.16",15440,22691847,0.861546445528272
"15441","20074.16",15441,22694019,-0.382885146616555
"15442","20074.16",15442,22697499,-0.0865926504689174
"15443","20074.16",15443,22698482,0.437494472736835
"15444","20074.16",15444,22698858,0.625582879506987
"15445","20074.16",15445,22701183,-0.602049310727227
"15446","20074.16",15446,22702080,0.525246620492168
"15447","20074.16",15447,22702122,-0.5153291613528
"15448","20074.16",15448,22702838,0.37860393716177
"15449","20074.16",15449,22703752,1.09323212518806
"15450","20074.16",15450,22703862,-0.0806452447702775
"15451","20074.16",15451,22704520,0.909808139826365
"15452","20074.16",15452,22710743,-0.316509178660296
"15453","20074.16",15453,22712979,0.0720614778965016
"15454","20074.16",15454,22717589,0.267527662463233
"15455","20074.16",15455,22718305,-0.673856878818274
"15456","20074.16",15456,22718386,0.149651092128768
"15457","20074.16",15457,22718938,0.251066330635575
"15458","20074.16",15458,22720189,0.687481770283456
"15459","20074.16",15459,22720366,-0.0977038433810424
"15460","20074.16",15460,22721639,0.311273410077885
"15461","20074.16",15461,22721867,-0.258031737448875
"15462","20074.16",15462,22721953,0.438901169659355
"15463","20074.16",15463,22721970,0.127491966390945
"15464","20074.16",15464,22723664,0.00597771611213105
"15465","20074.16",15465,22725630,0.986635217848007
"15466","20074.16",15466,22726214,-0.253859725037342
"15467","20074.16",15467,22726236,0.831051766840695
"15468","20074.16",15468,22730355,0.684490434354356
"15469","20074.16",15469,22730440,-0.207555394071465
"15470","20074.16",15470,22730461,0.116737695765479
"15471","20074.16",15471,22730983,0.667720089748239
"15472","20074.16",15472,22731194,-0.485988267205155
"15473","20074.16",15473,22731324,0.749482313082138
"15474","20074.16",15474,22732150,-0.0639149590582582
"15475","20074.16",15475,22732587,-0.183117549070015
"15476","20074.16",15476,22735561,-0.0987224869625072
"15477","20074.16",15477,22735703,-0.206395239420016
"15478","20074.16",15478,22736349,-0.6637393248652
"15479","20074.16",15479,22738086,0.360546131135215
"15480","20074.16",15480,22738683,0.039558773154079
"15481","20074.16",15481,22739671,0.0750318947033461
"15482","20074.16",15482,22740033,-0.496831397768641
"15483","20074.16",15483,22740160,0.92635341002442
"15484","20074.16",15484,22740317,0.305313503558529
"15485","20074.16",15485,22742915,-0.09386549781743
"15486","20074.16",15486,22744403,-0.635706776889196
"15487","20074.16",15487,22745099,-0.0233994174715066
"15488","20074.16",15488,22745291,0.0110421723636795
"15489","20074.16",15489,22745399,-0.864669192365873
"15490","20074.16",15490,22745429,-1.11782722997486
"15491","20074.16",15491,22747017,-0.111896685577045
"15492","20074.16",15492,22750715,0.249925485167572
"15493","20074.16",15493,22750749,-0.740111387599192
"15494","20074.16",15494,22753056,-0.0336329764784926
"15495","20074.16",15495,22755934,-0.0592047056821148
"15496","20074.16",15496,22755968,-0.313919997207837
"15497","20074.16",15497,22757277,-0.0549286413587184
"15498","20074.16",15498,22764548,-0.452747602411502
"15499","20074.16",15499,22764564,0.0378540998711054
"15500","20074.16",15500,22764583,0.00651586404722959
"15501","20074.16",15501,22765031,-0.204799260655304
"15502","20074.16",15502,22765378,-0.478971463453778
"15503","20074.16",15503,22766347,-0.0986219235860295
"15504","20074.16",15504,22768659,-0.0964358283944104
"15505","20074.16",15505,22768821,0.187081165445705
"15506","20074.16",15506,22770074,-0.0836903562615063
"15507","20074.16",15507,22770089,-0.0685675245301285
"15508","20074.16",15508,22773027,0.185898997685137
"15509","20074.16",15509,22773214,0.97460836764193
"15510","20074.16",15510,22773621,0.67815144152397
"15511","20074.16",15511,22774007,-0.326392279033207
"15512","20074.16",15512,22774186,0.47261715106725
"15513","20074.16",15513,22774436,-0.18382587902934
"15514","20074.16",15514,22775770,-0.540662002683709
"15515","20074.16",15515,22776583,0.181184941298055
"15516","20074.16",15516,22777777,0.356144717365068
"15517","20074.16",15517,22779577,-1.2710917007998
"15518","20074.16",15518,22780476,0.0501622535486188
"15519","20074.16",15519,22780592,0.551615354214056
"15520","20074.16",15520,22781971,-0.760294387031947
"15521","20074.16",15521,22783592,0.319369439648669
"15522","20074.16",15522,22784560,0.333192173000289
"15523","20074.16",15523,22785205,-0.966288522564917
"15524","20074.16",15524,22785943,0.591374434493306
"15525","20074.16",15525,22786165,0.211536843581645
"15526","20074.16",15526,22787140,-0.479754054407507
"15527","20074.16",15527,22790385,0.684111840214723
"15528","20074.16",15528,22794729,-0.118717250469142
"15529","20074.16",15529,22794740,-0.907138004535675
"15530","20074.16",15530,22795449,-0.802634117754453
"15531","20074.16",15531,22797852,0.00261847764942491
"15532","20074.16",15532,22798995,-0.079040901360524
"15533","20074.16",15533,22799028,0.260773466918807
"15534","20074.16",15534,22802009,-0.295340453969807
"15535","20074.16",15535,22802718,-0.0214812800366815
"15536","20074.16",15536,22803252,-0.386972974993129
"15537","20074.16",15537,22803604,0.882030847902871
"15538","20074.16",15538,22806309,-0.42431235355145
"15539","20074.16",15539,22806588,-0.241668698020828
"15540","20074.16",15540,22806825,0.161588876137391
"15541","20074.16",15541,22806934,0.0141159669834137
"15542","20074.16",15542,22807375,0.435763166453097
"15543","20074.16",15543,22808608,0.696538573134135
"15544","20074.16",15544,22810264,0.491614573575924
"15545","20074.16",15545,22812348,0.169763375363232
"15546","20074.16",15546,22812364,-0.0337653678344232
"15547","20074.16",15547,22813960,0.549984131058728
"15548","20074.16",15548,22814721,-0.348460826407189
"15549","20074.16",15549,22815993,-0.00106747057483592
"15550","20074.16",15550,22821922,-0.090806310290274
"15551","20074.16",15551,22822411,-0.112547753016235
"15552","20074.16",15552,22822608,0.125773158162315
"15553","20074.16",15553,22823195,0.245271803074622
"15554","20074.16",15554,22824454,0.48595239150817
"15555","20074.16",15555,22826933,-0.744642957923086
"15556","20074.16",15556,22827517,0.108561767909332
"15557","20074.16",15557,22827756,0.086504825105501
"15558","20074.16",15558,22828328,-0.00740273228962796
"15559","20074.16",15559,22831629,-0.272708178211298
"15560","20074.16",15560,22832185,0.257177322572718
"15561","20074.16",15561,22832285,-0.251119141197967
"15562","20074.16",15562,22836624,0.0434416577320897
"15563","20074.16",15563,22839421,-0.0109122266561705
"15564","20074.16",15564,22839993,-0.156357521010221
"15565","20074.16",15565,22840704,-0.137952410605521
"15566","20074.16",15566,22840855,-0.147973703906796
"15567","20074.16",15567,22840995,-0.420997972450302
"15568","20074.16",15568,22841346,-0.524571918351563
"15569","20074.16",15569,22841492,-0.306662340636245
"15570","20074.16",15570,22841574,-0.427972091204168
"15571","20074.16",15571,22841596,0.783937225797856
"15572","20074.16",15572,22843942,-0.296161416785155
"15573","20074.16",15573,22847768,-0.499586422446039
"15574","20074.16",15574,22847788,0.469174935824666
"15575","20074.16",15575,22847984,0.596229572608173
"15576","20074.16",15576,22849666,-0.427422806259408
"15577","20074.16",15577,22851631,-1.29617721286451
"15578","20074.16",15578,22853929,-0.506752667315832
"15579","20074.16",15579,22854367,0.309905222021992
"15580","20074.16",15580,22854557,-0.0934524552410005
"15581","20074.16",15581,22860503,-0.0288239421544194
"15582","20074.16",15582,22861290,-0.614834139734323
"15583","20074.16",15583,22864218,-0.0327117566781618
"15584","20074.16",15584,22864408,0.823721986857872
"15585","20074.16",15585,22864972,0.12906482131786
"15586","20074.16",15586,22866364,-0.0681530052494015
"15587","20074.16",15587,22867638,-0.0540957643116524
"15588","20074.16",15588,22868035,-0.547097750333513
"15589","20074.16",15589,22868187,0.155839365058394
"15590","20074.16",15590,22872720,-0.522220278106711
"15591","20074.16",15591,22874010,-0.0785425308020047
"15592","20074.16",15592,22874525,-0.134241090035179
"15593","20074.16",15593,22875133,-0.486594515160381
"15594","20074.16",15594,22875238,-0.174294953560206
"15595","20074.16",15595,22875742,0.797569413955878
"15596","20074.16",15596,22875800,0.872711803844447
"15597","20074.16",15597,22877553,-0.177991457210735
"15598","20074.16",15598,22878428,0.794784109292631
"15599","20074.16",15599,22878542,-0.590156061820149
"15600","20074.16",15600,22884590,-0.155072737976862
"15601","20074.16",15601,22887506,0.252575453058633
"15602","20074.16",15602,22887542,-0.842451299037319
"15603","20074.16",15603,22888521,-0.646990473630773
"15604","20074.16",15604,22889186,0.712304460034683
"15605","20074.16",15605,22889687,0.465612365850526
"15606","20074.16",15606,22890563,-0.267700725057228
"15607","20074.16",15607,22891849,-0.273212656440871
"15608","20074.16",15608,22892907,0.551797456187509
"15609","20074.16",15609,22892965,0.48950812833601
"15610","20074.16",15610,22893011,-0.411877959728068
"15611","20074.16",15611,22893745,0.104375653673586
"15612","20074.16",15612,22893958,-1.30384578212645
"15613","20074.16",15613,22895462,-0.0471082215472798
"15614","20074.16",15614,22897795,0.347395054411858
"15615","20074.16",15615,22901282,0.0648944294858529
"15616","20074.16",15616,22901971,-0.391358676382297
"15617","20074.16",15617,22902182,-0.657531708240527
"15618","20074.16",15618,22904749,0.269181869740239
"15619","20074.16",15619,22908725,-1.24763651442678
"15620","20074.16",15620,22909377,-0.829125171791187
"15621","20074.16",15621,22912870,0.180235264472442
"15622","20074.16",15622,22914948,0.447381556913263
"15623","20074.16",15623,22915146,0.0775235947476114
"15624","20074.16",15624,22915327,1.27163990508194
"15625","20074.16",15625,22915789,0.646161985748894
"15626","20074.16",15626,22915924,0.891536061786495
"15627","20074.16",15627,22916158,0.0510473918862813
"15628","20074.16",15628,22916715,-0.271881077377762
"15629","20074.16",15629,22918793,0.167774555719353
"15630","20074.16",15630,22920525,-1.34234226540242
"15631","20074.16",15631,22920852,-0.0332486197822748
"15632","20074.16",15632,22921130,-1.02313670007363
"15633","20074.16",15633,22924333,-0.282714421634746
"15634","20074.16",15634,22927214,0.85203423680178
"15635","20074.16",15635,22927276,0.195147789955616
"15636","20074.16",15636,22927407,-0.520119983127356
"15637","20074.16",15637,22929129,0.213319345246065
"15638","20074.16",15638,22929394,0.154503912966405
"15639","20074.16",15639,22929538,0.167530297091183
"15640","20074.16",15640,22930600,-0.800848381916758
"15641","20074.16",15641,22930703,0.27758980642746
"15642","20074.16",15642,22930769,0.312350593492103
"15643","20074.16",15643,22933268,0.600818346474859
"15644","20074.16",15644,22933407,0.859759647776685
"15645","20074.16",15645,22933586,-0.259707077909628
"15646","20074.16",15646,22933874,-0.592335320143327
"15647","20074.16",15647,22934575,-0.247398294732616
"15648","20074.16",15648,22937598,-0.196869412759974
"15649","20074.16",15649,22937913,-0.56572452475125
"15650","20074.16",15650,22938178,-0.000691367760876638
"15651","20074.16",15651,22938499,-0.458405025737585
"15652","20074.16",15652,22938612,0.241675103995935
"15653","20074.16",15653,22939240,0.414893318227658
"15654","20074.16",15654,22940498,-0.07086913351755
"15655","20074.16",15655,22940677,0.0281364060361984
"15656","20074.16",15656,22943837,-0.0428522658771664
"15657","20074.16",15657,22944400,0.0388487259484993
"15658","20074.16",15658,22945991,-0.220166126247344
"15659","20074.16",15659,22946178,-0.277846128636534
"15660","20074.16",15660,22946599,-1.02099019636375
"15661","20074.16",15661,22948052,0.0386537904589606
"15662","20074.16",15662,22948579,-0.00916716471945644
"15663","20074.16",15663,22950252,-0.0240707260179844
"15664","20074.16",15664,22950403,-0.562019543534046
"15665","20074.16",15665,22950873,-0.706951886127861
"15666","20074.16",15666,22951854,0.340906805944427
"15667","20074.16",15667,22952886,0.0245212035931255
"15668","20074.16",15668,22954944,0.964567185789222
"15669","20074.16",15669,22955171,0.6235558341438
"15670","20074.16",15670,22955415,0.11227499439696
"15671","20074.16",15671,22955926,-0.954973510920082
"15672","20074.16",15672,22955976,-0.0668422312648529
"15673","20074.16",15673,22958059,0.633376962267733
"15674","20074.16",15674,22962123,-0.0645642077032669
"15675","20074.16",15675,22965085,-0.247577062859921
"15676","20074.16",15676,22968163,0.199986365824633
"15677","20074.16",15677,22971177,0.348637161074568
"15678","20074.16",15678,22976742,0.382694616995713
"15679","20074.16",15679,22977138,1.10872797925384
"15680","20074.16",15680,22977368,0.386476165962484
"15681","20074.16",15681,22978521,0.240135324774998
"15682","20074.16",15682,22980634,0.429521266233601
"15683","20074.16",15683,22980758,0.38086881995556
"15684","20074.16",15684,22981000,0.0645279163293182
"15685","20074.16",15685,22982150,-0.530119203114137
"15686","20074.16",15686,22982543,0.147104210216914
"15687","20074.16",15687,22982610,0.0841541706738704
"15688","20074.16",15688,22983650,0.0858963154744368
"15689","20074.16",15689,22983855,0.463158780576861
"15690","20074.16",15690,22987933,-0.261750054256025
"15691","20074.16",15691,22989407,0.0649100347298388
"15692","20074.16",15692,22989520,-0.00209817255645106
"15693","20074.16",15693,22990021,-0.176438507953598
"15694","20074.16",15694,22993429,-0.18424149786574
"15695","20074.16",15695,22993910,-0.192146107806657
"15696","20074.16",15696,22995546,1.01384686482955
"15697","20074.16",15697,22995867,0.267857684202515
"15698","20074.16",15698,22996006,0.350082838990093
"15699","20074.16",15699,22996226,0.285052921086565
"15700","20074.16",15700,22996533,0.548204085328789
"15701","20074.16",15701,22999119,0.548493911559194
"15702","20074.16",15702,22999631,0.659295757777431
"15703","20074.16",15703,22999706,-0.0459369265904632
"15704","20074.16",15704,23001716,0.155727707003762
"15705","20074.16",15705,23004996,-0.706958293073683
"15706","20074.16",15706,23005091,0.021866377380837
"15707","20074.16",15707,23006790,0.319446437270094
"15708","20074.16",15708,23007026,-0.142174304948254
"15709","20074.16",15709,23008512,-0.577225395473362
"15710","20074.16",15710,23008602,0.102659808731612
"15711","20074.16",15711,23009831,-0.105314764994512
"15712","20074.16",15712,23010921,-0.0789788455857625
"15713","20074.16",15713,23011213,-0.169418193340844
"15714","20074.16",15714,23011479,0.363487838497591
"15715","20074.16",15715,23012476,-0.95155241698687
"15716","20074.16",15716,23012576,-0.260800224682365
"15717","20074.16",15717,23014035,0.874259256630791
"15718","20074.16",15718,23014125,1.18754196128906
"15719","20074.16",15719,23014145,1.05841747676332
"15720","20074.16",15720,23014175,1.16439466925737
"15721","20074.16",15721,23014250,0.869726738653894
"15722","20074.16",15722,23014909,-1.39176437457308
"15723","20074.16",15723,23016018,-0.0423998456081867
"15724","20074.16",15724,23016538,-0.715284164244526
"15725","20074.16",15725,23018727,0.231255488162163
"15726","20074.16",15726,23018779,-0.210123523723505
"15727","20074.16",15727,23019701,0.311597937580202
"15728","20074.16",15728,23022256,0.068461847488269
"15729","20074.16",15729,23022587,-0.00816669067061504
"15730","20074.16",15730,23024066,0.042014286144834
"15731","20074.16",15731,23024096,0.222590495349946
"15732","20074.16",15732,23024114,0.395614938880384
"15733","20074.16",15733,23024688,0.309493548094001
"15734","20074.16",15734,23024803,-0.241133799872579
"15735","20074.16",15735,23025046,0.521445624610135
"15736","20074.16",15736,23027202,0.696173453048494
"15737","20074.16",15737,23027742,-0.582684275031202
"15738","20074.16",15738,23028085,-0.220995300007489
"15739","20074.16",15739,23032603,-0.183682572156566
"15740","20074.16",15740,23033483,-0.856623291886662
"15741","20074.16",15741,23034306,0.488799510643285
"15742","20074.16",15742,23035413,-0.510593196607459
"15743","20074.16",15743,23036048,0.249311184320113
"15744","20074.16",15744,23036095,-0.347786885214374
"15745","20074.16",15745,23038317,-0.0029227032348329
"15746","20074.16",15746,23040038,-0.388453622360461
"15747","20074.16",15747,23040605,0.61603848134111
"15748","20074.16",15748,23045516,0.554227167826428
"15749","20074.16",15749,23045579,0.654196507024495
"15750","20074.16",15750,23045854,-0.126641273108929
"15751","20074.16",15751,23045944,-0.383624964547109
"15752","20074.16",15752,23049679,-0.325983518053379
"15753","20074.16",15753,23050015,1.1735123256281
"15754","20074.16",15754,23050120,0.126937723241776
"15755","20074.16",15755,23050419,0.090881435681184
"15756","20074.16",15756,23050867,-0.19959921188228
"15757","20074.16",15757,23051026,-0.13034492098716
"15758","20074.16",15758,23051160,-0.169054495498738
"15759","20074.16",15759,23052335,1.39096160523269
"15760","20074.16",15760,23052497,0.771746433176529
"15761","20074.16",15761,23054763,-0.135742050352314
"15762","20074.16",15762,23055981,-0.693140605315085
"15763","20074.16",15763,23057220,-0.45823176728172
"15764","20074.16",15764,23060735,-0.280855309605162
"15765","20074.16",15765,23062681,-0.557197894549157
"15766","20074.16",15766,23067770,-1.29379143275264
"15767","20074.16",15767,23071576,0.532793537922809
"15768","20074.16",15768,23071932,0.211345765252513
"15769","20074.16",15769,23073394,0.0835320926565206
"15770","20074.16",15770,23073531,0.211172833639726
"15771","20074.16",15771,23074431,0.0783565867759144
"15772","20074.16",15772,23076410,0.745031398628012
"15773","20074.16",15773,23078330,0.513045887561037
"15774","20074.16",15774,23079010,0.35355951678619
"15775","20074.16",15775,23080634,-1.15178364701704
"15776","20074.16",15776,23083598,-0.25864343767028
"15777","20074.16",15777,23087031,-0.00200605807969723
"15778","20074.16",15778,23092379,0.175770929945952
"15779","20074.16",15779,23092441,0.34316262847046
"15780","20074.16",15780,23096259,-0.103435550846709
"15781","20074.16",15781,23096967,0.00777005029880495
"15782","20074.16",15782,23097782,-0.0311239484522234
"15783","20074.16",15783,23100718,-0.137619917795586
"15784","20074.16",15784,23101801,0.382370226494161
"15785","20074.16",15785,23102048,0.592012550671877
"15786","20074.16",15786,23106489,-0.596308019564614
"15787","20074.16",15787,23112223,0.325018364528066
"15788","20074.16",15788,23112854,-0.333603084676552
"15789","20074.16",15789,23115336,0.0358691659881059
"15790","20074.16",15790,23115964,-0.600603149136118
"15791","20074.16",15791,23118469,0.194553299611488
"15792","20074.16",15792,23119419,0.153113006184137
"15793","20074.16",15793,23120298,0.0920768906638072
"15794","20074.16",15794,23121663,-0.265872299156274
"15795","20074.16",15795,23123946,-0.262466613300713
"15796","20074.16",15796,23124399,0.0953073695920352
"15797","20074.16",15797,23124618,0.886134347509382
"15798","20074.16",15798,23126223,-0.722330394706772
"15799","20074.16",15799,23127567,-0.112874114940356
"15800","20074.16",15800,23129861,-0.460966281194152
"15801","20074.16",15801,23132393,0.708951810979284
"15802","20074.16",15802,23132545,0.495187819502513
"15803","20074.16",15803,23144973,0.165148783633684
"15804","20074.16",15804,23145694,-1.19136410119039
"15805","20074.16",15805,23149045,-0.4498630900164
"15806","20074.16",15806,23149400,-0.257743292947935
"15807","20074.16",15807,23150027,-0.95347789698014
"15808","20074.16",15808,23153584,0.800374981924578
"15809","20074.16",15809,23157588,-1.47085749059269
"15810","20074.16",15810,23163454,-0.363788591681996
"15811","20074.16",15811,23165664,-0.529286345776291
"15812","20074.16",15812,23166311,0.0194130049564611
"15813","20074.16",15813,23168614,-0.859513598428062
"15814","20074.16",15814,23169570,0.524193725281354
"15815","20074.16",15815,23171370,-0.603157158175692
"15816","20074.16",15816,23171457,0.743969191629753
"15817","20074.16",15817,23172344,0.640274022081674
"15818","20074.16",15818,23173050,0.781296144740414
"15819","20074.16",15819,23174982,0.284640682366155
"15820","20074.16",15820,23176566,-0.440588675760317
"15821","20074.16",15821,23177766,0.49006975969951
"15822","20074.16",15822,23178332,-1.05564631782705
"15823","20074.16",15823,23183073,-0.162961433820573
"15824","20074.16",15824,23183927,-0.192497288589655
"15825","20074.16",15825,23185567,0.0905049812882588
"15826","20074.16",15826,23187719,-0.901107306877075
"15827","20074.16",15827,23189534,0.0812851666556096
"15828","20074.16",15828,23190293,-0.300828236001411
"15829","20074.16",15829,23191250,-0.33178967219601
"15830","20074.16",15830,23195646,-0.13731609105581
"15831","20074.16",15831,23195993,0.278278273967392
"15832","20074.16",15832,23196738,-0.862085444033849
"15833","20074.16",15833,23198811,0.0997772144808033
"15834","20074.16",15834,23199244,-0.33731769498826
"15835","20074.16",15835,23201965,-0.0426277232814973
"15836","20074.16",15836,23208117,0.101287787882093
"15837","20074.16",15837,23208653,-1.42898642525036
"15838","20074.16",15838,23210407,-0.517000808316809
"15839","20074.16",15839,23212390,0.327994177938971
"15840","20074.16",15840,23212684,-0.641475504215901
"15841","20074.16",15841,23215393,-1.14195151149527
"15842","20074.16",15842,23218567,-1.14250812029569
"15843","20074.16",15843,23221379,-0.41963719710682
"15844","20074.16",15844,23225041,0.511099458927474
"15845","20074.16",15845,23235117,1.27064585123763
"15846","20074.16",15846,23237481,0.819105260581444
"15847","20074.16",15847,23239908,-0.44377613629246
"15848","20074.16",15848,23245201,-0.297527067391129
"15849","20074.16",15849,23249425,-1.2214489159548
"15850","20074.16",15850,23254298,0.724365391847324
"15851","20074.16",15851,23255078,-0.94530055721525
"15852","20074.16",15852,23257313,-0.112067125884369
"15853","20074.16",15853,23258539,-0.598626592794906
"15854","20074.16",15854,23259917,0.129308377533976
"15855","20074.16",15855,23259996,-0.0335364981557618
"15856","20074.16",15856,23260218,-0.158620878722522
"15857","20074.16",15857,23260633,-0.623504405776712
"15858","20074.16",15858,23261724,-1.01079037966719
"15859","20074.16",15859,23269744,-0.0717799590280022
"15860","20074.16",15860,23270292,-0.0209690080679463
"15861","20074.16",15861,23271996,0.144694365766877
"15862","20074.16",15862,23272765,-1.23133804170395
"15863","20074.16",15863,23278082,-0.849941520520554
"15864","20074.16",15864,23280055,-0.282309876714648
"15865","20074.16",15865,23280126,0.323859411493324
"15866","20074.16",15866,23281196,0.322154858003706
"15867","20074.16",15867,23281239,-0.145308446281867
"15868","20074.16",15868,23283451,0.156937414439698
"15869","20074.16",15869,23286037,-0.562491517079926
"15870","20074.16",15870,23287311,-0.761336112851128
"15871","20074.16",15871,23287961,-0.0816542484183262
"15872","20074.16",15872,23289619,-0.96332475069014
"15873","20074.16",15873,23289839,-0.708370554053678
"15874","20074.16",15874,23292864,-0.3460486738824
"15875","20074.16",15875,23297891,0.457077639073716
"15876","20074.16",15876,23298234,-1.18853737252362
"15877","20074.16",15877,23301300,0.77333463215055
"15878","20074.16",15878,23304944,-0.988009886810342
"15879","20074.16",15879,23311769,-0.345291322671376
"15880","20074.16",15880,23313384,0.568956022792588
"15881","20074.16",15881,23319016,-0.288175139724794
"15882","20074.16",15882,23319081,0.354309925228161
"15883","20074.16",15883,23320334,0.1482469351947
"15884","20074.16",15884,23320780,0.347393817596106
"15885","20074.16",15885,23322385,-0.0610533682524315
"15886","20074.16",15886,23322445,1.19549739998518
"15887","20074.16",15887,23322683,-0.120545470832591
"15888","20074.16",15888,23324026,0.486767135213317
"15889","20074.16",15889,23324849,0.716253448556764
"15890","20074.16",15890,23325236,0.83473953277725
"15891","20074.16",15891,23326725,0.0982671809300601
"15892","20074.16",15892,23331371,0.132494578377683
"15893","20074.16",15893,23332300,-0.0375915252063272
"15894","20074.16",15894,23334247,-0.33351928511623
"15895","20074.16",15895,23335382,0.256704214960048
"15896","20074.16",15896,23338934,0.331249320295449
"15897","20074.16",15897,23339262,-0.00442905602171262
"15898","20074.16",15898,23339472,0.769730569907721
"15899","20074.16",15899,23345604,-0.533537949489765
"15900","20074.16",15900,23345706,0.897434484403322
"15901","20074.16",15901,23345878,0.205061312602721
"15902","20074.16",15902,23345938,0.618886563210578
"15903","20074.16",15903,23345955,0.090201499720445
"15904","20074.16",15904,23347304,0.82286501606859
"15905","20074.16",15905,23348251,0.493954907299394
"15906","20074.16",15906,23348425,-0.550395963107396
"15907","20074.16",15907,23350516,-0.328341173980387
"15908","20074.16",15908,23350669,-0.0267876660366637
"15909","20074.16",15909,23351983,-0.335865523612894
"15910","20074.16",15910,23356835,0.454974977120588
"15911","20074.16",15911,23359376,0.465742833246673
"15912","20074.16",15912,23361002,-0.322062375708208
"15913","20074.16",15913,23361830,0.406149498575242
"15914","20074.16",15914,23361853,0.221691532737734
"15915","20074.16",15915,23362339,-1.67496976353433
"15916","20074.16",15916,23362678,1.23257494071164
"15917","20074.16",15917,23363399,-0.545409398393186
"15918","20074.16",15918,23364081,-0.230243630688923
"15919","20074.16",15919,23364623,0.397937484680502
"15920","20074.16",15920,23364987,-0.18597013385453
"15921","20074.16",15921,23367023,-0.267701506292406
"15922","20074.16",15922,23370746,0.100664119378554
"15923","20074.16",15923,23373856,-0.480735554681154
"15924","20074.16",15924,23375749,0.469892894986992
"15925","20074.16",15925,23378288,0.399615887212293
"15926","20074.16",15926,23378565,0.45387785043702
"15927","20074.16",15927,23379279,0.439179525182534
"15928","20074.16",15928,23379479,-0.069914812621537
"15929","20074.16",15929,23381734,-0.975018150047456
"15930","20074.16",15930,23381914,0.99613068796166
"15931","20074.16",15931,23385257,-0.549476079524602
"15932","20074.16",15932,23385538,-0.840422006676034
"15933","20074.16",15933,23387535,0.691426567846359
"15934","20074.16",15934,23387650,0.736330107083409
"15935","20074.16",15935,23388540,0.789456274617337
"15936","20074.16",15936,23394399,0.943019989096176
"15937","20074.16",15937,23395658,0.237738546899962
"15938","20074.16",15938,23396142,0.755982223593624
"15939","20074.16",15939,23399361,-0.153420792804845
"15940","20074.16",15940,23400194,-0.555161044398468
"15941","20074.16",15941,23401076,-0.248801134737849
"15942","20074.16",15942,23403031,0.587561054680399
"15943","20074.16",15943,23403510,-0.431571181402815
"15944","20074.16",15944,23405935,0.372347487265373
"15945","20074.16",15945,23409440,-0.0897523505822511
"15946","20074.16",15946,23415624,-0.0606441743523414
"15947","20074.16",15947,23418157,-0.209520937482303
"15948","20074.16",15948,23419242,-0.34581236990242
"15949","20074.16",15949,23420943,-0.523977469013603
"15950","20074.16",15950,23422973,-0.901534132320732
"15951","20074.16",15951,23423135,-0.661252297324579
"15952","20074.16",15952,23426105,0.513345265537422
"15953","20074.16",15953,23427110,0.103215422638009
"15954","20074.16",15954,23429278,0.42716230424872
"15955","20074.16",15955,23430894,-0.97413831182842
"15956","20074.16",15956,23433536,-2.20444714113535
"15957","20074.16",15957,23435188,0.0225413273651407
"15958","20074.16",15958,23437152,0.458478158268593
"15959","20074.16",15959,23440645,0.181205494352247
"15960","20074.16",15960,23447356,-0.92416840604138
"15961","20074.16",15961,23451056,-0.100797460144636
"15962","20074.16",15962,23451326,-1.3701067906286
"15963","20074.16",15963,23457565,0.65471669511344
"15964","20074.16",15964,23458485,-0.819881212297469
"15965","20074.16",15965,23461160,-0.206329793708588
"15966","20074.16",15966,23462607,-0.432940800239308
"15967","20074.16",15967,23462639,0.627909489851635
"15968","20074.16",15968,23463203,0.31762774777238
"15969","20074.16",15969,23463305,0.563549176224345
"15970","20074.16",15970,23472554,0.439243343637187
"15971","20074.16",15971,23473143,-0.175135311813681
"15972","20074.16",15972,23474990,-0.509157396472173
"15973","20074.16",15973,23475140,-0.146897777523622
"15974","20074.16",15974,23476257,-0.731394592761169
"15975","20074.16",15975,23478535,0.803357192213258
"15976","20074.16",15976,23481655,-0.406563716814737
"15977","20074.16",15977,23482523,0.174113935093429
"15978","20074.16",15978,23483353,0.514026365296506
"15979","20074.16",15979,23483888,0.548477529956267
"15980","20074.16",15980,23485453,-2.43837565732221
"15981","20074.16",15981,23488772,-0.498312421140502
"15982","20074.16",15982,23490353,0.858350402605503
"15983","20074.16",15983,23490376,0.0115239162088461
"15984","20074.16",15984,23492355,-0.78095887105746
"15985","20074.16",15985,23495773,0.301332505391176
"15986","20074.16",15986,23497248,0.101732404790391
"15987","20074.16",15987,23497689,0.0716202805657193
"15988","20074.16",15988,23497727,0.631656482194937
"15989","20074.16",15989,23499700,0.213572467975329
"15990","20074.16",15990,23500558,0.491909157651688
"15991","20074.16",15991,23504248,-0.0162942951017016
"15992","20074.16",15992,23506940,0.554326508771697
"15993","20074.16",15993,23507685,0.160135950599157
"15994","20074.16",15994,23508743,0.26282573379843
"15995","20074.16",15995,23510195,-0.163574915074873
"15996","20074.16",15996,23512592,0.742950398375576
"15997","20074.16",15997,23513319,-0.0487061238403053
"15998","20074.16",15998,23514510,0.109888812306428
"15999","20074.16",15999,23515086,0.17840771551778
"16000","20074.16",16000,23516674,0.0820939904171727
"16001","20074.16",16001,23518167,0.201604983080705
"16002","20074.16",16002,23521184,-0.419934298351371
"16003","20074.16",16003,23522786,-0.45372034559488
"16004","20074.16",16004,23523875,-0.369813130916805
"16005","20074.16",16005,23529001,-0.819176675515775
"16006","20074.16",16006,23530149,-0.161714569057446
"16007","20074.16",16007,23531064,-0.460078656228823
"16008","20074.16",16008,23534330,-0.112503077105439
"16009","20074.16",16009,23536366,0.481407648350678
"16010","20074.16",16010,23540212,0.62901764274527
"16011","20074.16",16011,23540237,0.459753598793225
"16012","20074.16",16012,23545478,-0.212952660338349
"16013","20074.16",16013,23552794,0.341125605130622
"16014","20074.16",16014,23554266,-0.999241555028735
"16015","20074.16",16015,23555131,0.378810491513598
"16016","20074.16",16016,23555500,-0.551967589868652
"16017","20074.16",16017,23558179,-0.166145682218529
"16018","20074.16",16018,23558635,-0.94122145136059
"16019","20074.16",16019,23562309,0.13097505661331
"16020","20074.16",16020,23563547,-0.501127701027653
"16021","20074.16",16021,23564685,0.0803080084562904
"16022","20074.16",16022,23567649,-0.8090546841766
"16023","20074.16",16023,23568008,-0.782048118506623
"16024","20074.16",16024,23573092,-0.756342403529484
"16025","20074.16",16025,23573611,0.671367666707249
"16026","20074.16",16026,23575689,0.713008887232701
"16027","20074.16",16027,23581278,0.112650133757502
"16028","20074.16",16028,23581940,-0.27498868436717
"16029","20074.16",16029,23582153,0.67612546669458
"16030","20074.16",16030,23583111,1.02520662709717
"16031","20074.16",16031,23584361,0.484792701906728
"16032","20074.16",16032,23585815,0.962095347213208
"16033","20074.16",16033,23586805,0.559010338599733
"16034","20074.16",16034,23587567,-0.148397465017246
"16035","20074.16",16035,23588966,0.333871884554953
"16036","20074.16",16036,23591837,0.694908291319799
"16037","20074.16",16037,23592052,0.0751930158917018
"16038","20074.16",16038,23595650,-0.187377031227438
"16039","20074.16",16039,23596671,-0.818552493427236
"16040","20074.16",16040,23598375,0.164748114078987
"16041","20074.16",16041,23600706,0.430148323251038
"16042","20074.16",16042,23601488,0.647720594476081
"16043","20074.16",16043,23601535,0.96692243727007
"16044","20074.16",16044,23602345,-0.911056261541769
"16045","20074.16",16045,23605032,0.118461282009863
"16046","20074.16",16046,23606273,0.224677161478921
"16047","20074.16",16047,23606693,-0.675522021047526
"16048","20074.16",16048,23606895,0.0709497075923453
"16049","20074.16",16049,23608070,0.416848886167581
"16050","20074.16",16050,23610481,-0.171586840656643
"16051","20074.16",16051,23610658,0.145698093920673
"16052","20074.16",16052,23614830,-0.268054184691456
"16053","20074.16",16053,23615361,-0.0169136887582289
"16054","20074.16",16054,23618487,0.197175651382387
"16055","20074.16",16055,23621567,-0.518184081518844
"16056","20074.16",16056,23623384,-0.216117821411212
"16057","20074.16",16057,23624564,-0.0563930423968575
"16058","20074.16",16058,23625771,-0.959688388529165
"16059","20074.16",16059,23628833,-0.38336395197348
"16060","20074.16",16060,23630071,-0.0839775739482524
"16061","20074.16",16061,23634026,0.628806774492813
"16062","20074.16",16062,23634102,0.718242908811583
"16063","20074.16",16063,23636133,-0.484822355076473
"16064","20074.16",16064,23636347,-0.604030853992448
"16065","20074.16",16065,23641243,-0.563375980825956
"16066","20074.16",16066,23641495,-1.39499540349059
"16067","20074.16",16067,23645010,-0.409124934039957
"16068","20074.16",16068,23646239,0.435834741650356
"16069","20074.16",16069,23650405,-0.206687146905211
"16070","20074.16",16070,23651586,-0.592580627786554
"16071","20074.16",16071,23658329,-0.301818723381882
"16072","20074.16",16072,23662796,0.193017916275939
"16073","20074.16",16073,23662998,-0.612839211505388
"16074","20074.16",16074,23666422,0.390345310418893
"16075","20074.16",16075,23667340,-0.55096914437233
"16076","20074.16",16076,23673270,-0.168336540210537
"16077","20074.16",16077,23674142,-0.250039042483087
"16078","20074.16",16078,23675374,0.365026752568208
"16079","20074.16",16079,23677111,-0.110272490002615
"16080","20074.16",16080,23680080,-0.843092368566323
"16081","20074.16",16081,23680286,0.264407628453076
"16082","20074.16",16082,23681485,0.0183194944123146
"16083","20074.16",16083,23685071,-0.00811456253292597
"16084","20074.16",16084,23685117,0.210079073746213
"16085","20074.16",16085,23689174,0.562080120766923
"16086","20074.16",16086,23693770,0.517823610406377
"16087","20074.16",16087,23694201,-0.508857074817471
"16088","20074.16",16088,23694619,-0.738699104203603
"16089","20074.16",16089,23694732,-0.839093694510732
"16090","20074.16",16090,23696579,0.0878191324156257
"16091","20074.16",16091,23697171,-0.501215374670327
"16092","20074.16",16092,23699418,0.0164331783306562
"16093","20074.16",16093,23700059,0.0237199666846122
"16094","20074.16",16094,23700848,0.630514955152997
"16095","20074.16",16095,23701190,0.377108017872941
"16096","20074.16",16096,23701458,-0.287945801028779
"16097","20074.16",16097,23709475,0.217613089571675
"16098","20074.16",16098,23709692,-0.487050536895594
"16099","20074.16",16099,23710413,-0.964810636811418
"16100","20074.16",16100,23710663,0.30931707347056
"16101","20074.16",16101,23712903,0.344491235252579
"16102","20074.16",16102,23713395,-0.153694699409185
"16103","20074.16",16103,23716577,0.711282035739981
"16104","20074.16",16104,23720774,-0.216602066377164
"16105","20074.16",16105,23721601,-0.700594562149334
"16106","20074.16",16106,23721655,-0.739667033541383
"16107","20074.16",16107,23724753,-0.277639492027073
"16108","20074.16",16108,23725721,0.180824677763095
"16109","20074.16",16109,23727045,0.192279002020125
"16110","20074.16",16110,23727868,0.317935152055754
"16111","20074.16",16111,23729485,-0.135465682960303
"16112","20074.16",16112,23731186,0.0354547279055533
"16113","20074.16",16113,23732006,0.515454138952291
"16114","20074.16",16114,23733244,-1.02215856834345
"16115","20074.16",16115,23734152,-0.363851621356277
"16116","20074.16",16116,23735792,-0.64813139619653
"16117","20074.16",16117,23737482,-1.23186167994379
"16118","20074.16",16118,23737679,0.451198227591196
"16119","20074.16",16119,23739988,0.0525472160460678
"16120","20074.16",16120,23740003,0.246811005065436
"16121","20074.16",16121,23740601,-0.0574997279088452
"16122","20074.16",16122,23743340,-0.484032602345146
"16123","20074.16",16123,23751646,0.353972237690013
"16124","20074.16",16124,23751707,0.216960805596992
"16125","20074.16",16125,23752032,0.409775555592318
"16126","20074.16",16126,23752095,-0.63268761205496
"16127","20074.16",16127,23753594,0.404486850641434
"16128","20074.16",16128,23754071,0.167209510963787
"16129","20074.16",16129,23754198,0.888883718844894
"16130","20074.16",16130,23754561,1.63252075782523
"16131","20074.16",16131,23755598,-0.28846161645576
"16132","20074.16",16132,23755963,0.98374589748666
"16133","20074.16",16133,23757397,0.937426540923261
"16134","20074.16",16134,23757600,0.150253257358128
"16135","20074.16",16135,23757632,-0.226169341936078
"16136","20074.16",16136,23761481,-0.883312096628221
"16137","20074.16",16137,23764312,-0.0580161330332567
"16138","20074.16",16138,23764442,-0.236886581305606
"16139","20074.16",16139,23765355,-0.31028478854449
"16140","20074.16",16140,23768710,-0.372552965814792
"16141","20074.16",16141,23770376,-1.06807572146901
"16142","20074.16",16142,23771302,0.0214115325274831
"16143","20074.16",16143,23774064,0.0975989883903408
"16144","20074.16",16144,23774859,-0.16134327603994
"16145","20074.16",16145,23775540,0.137442890429432
"16146","20074.16",16146,23776700,0.653072636823983
"16147","20074.16",16147,23780477,0.0807292424448782
"16148","20074.16",16148,23782186,0.485418924212605
"16149","20074.16",16149,23782739,0.759630833434085
"16150","20074.16",16150,23783001,-0.560496738533919
"16151","20074.16",16151,23784653,-1.06153457421795
"16152","20074.16",16152,23785491,0.0877773262770196
"16153","20074.16",16153,23786875,-0.925062949392336
"16154","20074.16",16154,23788008,0.2456428490658
"16155","20074.16",16155,23790338,1.12479382775766
"16156","20074.16",16156,23791262,-0.217738086166649
"16157","20074.16",16157,23795548,0.807164320896365
"16158","20074.16",16158,23798597,0.00387581462046249
"16159","20074.16",16159,23798607,-0.032023867136024
"16160","20074.16",16160,23798932,-1.06791546818401
"16161","20074.16",16161,23800772,0.0988701839232649
"16162","20074.16",16162,23802635,0.36269574631121
"16163","20074.16",16163,23803261,0.447572145965975
"16164","20074.16",16164,23803884,0.945812577301358
"16165","20074.16",16165,23804463,-0.366011096278386
"16166","20074.16",16166,23806431,0.758547316080882
"16167","20074.16",16167,23807554,-0.0585676184154806
"16168","20074.16",16168,23809694,-0.203575984768927
"16169","20074.16",16169,23810368,0.111678457420041
"16170","20074.16",16170,23810509,-1.47957562883373
"16171","20074.16",16171,23811279,0.640570805514515
"16172","20074.16",16172,23819326,-0.379920785434429
"16173","20074.16",16173,23820057,0.261688833401789
"16174","20074.16",16174,23820423,0.884477502963738
"16175","20074.16",16175,23822348,-0.238858586563541
"16176","20074.16",16176,23822426,0.244476369587381
"16177","20074.16",16177,23822988,0.240917842462318
"16178","20074.16",16178,23824847,0.72992905771883
"16179","20074.16",16179,23824885,0.932267250709796
"16180","20074.16",16180,23826267,0.808517686724548
"16181","20074.16",16181,23826417,-0.0453303929010724
"16182","20074.16",16182,23826611,-0.388562808800067
"16183","20074.16",16183,23829498,-0.210130740948736
"16184","20074.16",16184,23831604,-0.442548915706922
"16185","20074.16",16185,23832466,0.76952442051248
"16186","20074.16",16186,23838813,0.29228612045108
"16187","20074.16",16187,23839021,0.41298666467472
"16188","20074.16",16188,23839678,-0.85445689196238
"16189","20074.16",16189,23844455,0.314179520772677
"16190","20074.16",16190,23854227,-0.425611545589055
"16191","20074.16",16191,23854428,0.582046103578777
"16192","20074.16",16192,23854735,-0.0603537836691475
"16193","20074.16",16193,23859735,0.256227843215435
"16194","20074.16",16194,23860282,0.36730981508746
"16195","20074.16",16195,23860623,0.307827455252005
"16196","20074.16",16196,23864590,0.556897010511388
"16197","20074.16",16197,23864634,-0.44065905888368
"16198","20074.16",16198,23864724,-0.0755691161099392
"16199","20074.16",16199,23864798,0.117101252730105
"16200","20074.16",16200,23865532,-0.0308874917362765
"16201","20074.16",16201,23865986,1.06658945020425
"16202","20074.16",16202,23866223,0.842720995825341
"16203","20074.16",16203,23866325,0.583688396293957
"16204","20074.16",16204,23866400,0.624654553779334
"16205","20074.16",16205,23866657,0.261216606428341
"16206","20074.16",16206,23866913,0.318515833241894
"16207","20074.16",16207,23867023,0.0021607131655772
"16208","20074.16",16208,23867610,1.34543774889473
"16209","20074.16",16209,23867712,0.242260133162596
"16210","20074.16",16210,23867776,0.341047405174568
"16211","20074.16",16211,23869517,0.325436186576527
"16212","20074.16",16212,23869707,0.146504238638025
"16213","20074.16",16213,23872483,-0.492444269139895
"16214","20074.16",16214,23873524,0.416976868532529
"16215","20074.16",16215,23876169,-0.753768808286305
"16216","20074.16",16216,23877229,-0.229698959380769
"16217","20074.16",16217,23877342,-1.02618585648376
"16218","20074.16",16218,23877424,-0.311499390743836
"16219","20074.16",16219,23877489,-0.15801612885169
"16220","20074.16",16220,23879926,-0.376389022540693
"16221","20074.16",16221,23880697,0.314724735969565
"16222","20074.16",16222,23881407,-0.991714415578383
"16223","20074.16",16223,23882044,0.518902035473462
"16224","20074.16",16224,23882548,0.0748968149028677
"16225","20074.16",16225,23882601,-0.344554008461145
"16226","20074.16",16226,23883316,0.0204889653992302
"16227","20074.16",16227,23888183,-0.510538559235612
"16228","20074.16",16228,23888976,-0.526905744016779
"16229","20074.16",16229,23889709,-0.167482286727729
"16230","20074.16",16230,23890735,0.423861441636784
"16231","20074.16",16231,23891124,0.171000099756454
"16232","20074.16",16232,23892145,0.0560997386084443
"16233","20074.16",16233,23898225,-0.412845989636598
"16234","20074.16",16234,23900929,0.175425405660461
"16235","20074.16",16235,23903156,-0.344851617591662
"16236","20074.16",16236,23905736,-0.139674663791208
"16237","20074.16",16237,23907862,-0.257437975030591
"16238","20074.16",16238,23909985,0.531408318845446
"16239","20074.16",16239,23910400,-0.439695088348781
"16240","20074.16",16240,23911765,0.501631269050141
"16241","20074.16",16241,23912006,-0.635585602943284
"16242","20074.16",16242,23912136,0.169795765889067
"16243","20074.16",16243,23916141,-0.681472848745408
"16244","20074.16",16244,23916754,-0.344918106582649
"16245","20074.16",16245,23916890,-0.320818877152074
"16246","20074.16",16246,23917290,0.33814641115099
"16247","20074.16",16247,23921405,0.281682851456933
"16248","20074.16",16248,23922334,0.0396097851753412
"16249","20074.16",16249,23923506,-0.626235452861137
"16250","20074.16",16250,23924567,-0.675036015669086
"16251","20074.16",16251,23925153,-1.41443387248356
"16252","20074.16",16252,23926176,0.173310723798671
"16253","20074.16",16253,23926474,0.10384654653644
"16254","20074.16",16254,23926599,-1.06843731740081
"16255","20074.16",16255,23927846,-0.570771753890353
"16256","20074.16",16256,23930527,-0.582632664091276
"16257","20074.16",16257,23931150,-0.284318126281415
"16258","20074.16",16258,23931713,0.567827437223758
"16259","20074.16",16259,23932753,-1.35662733606398
"16260","20074.16",16260,23933848,-1.03977025279098
"16261","20074.16",16261,23934891,-0.214037363340319
"16262","20074.16",16262,23936004,0.172281767360403
"16263","20074.16",16263,23938865,0.410069786530019
"16264","20074.16",16264,23939438,0.30972086367746
"16265","20074.16",16265,23939785,-0.437842893924963
"16266","20074.16",16266,23942258,-0.190022298536498
"16267","20074.16",16267,23943937,0.357795936302732
"16268","20074.16",16268,23944594,0.0645735476945015
"16269","20074.16",16269,23944619,0.348796860946398
"16270","20074.16",16270,23944712,0.503303719001216
"16271","20074.16",16271,23946284,-0.0455535770426536
"16272","20074.16",16272,23947290,1.08398164340325
"16273","20074.16",16273,23949912,-0.482606321798364
"16274","20074.16",16274,23950170,0.0142825772507713
"16275","20074.16",16275,23950185,0.558325349517474
"16276","20074.16",16276,23952123,0.299968099706299
"16277","20074.16",16277,23954128,0.472439821664618
"16278","20074.16",16278,23954510,0.537404168594791
"16279","20074.16",16279,23954721,0.510726725160001
"16280","20074.16",16280,23955356,-0.0709010332380311
"16281","20074.16",16281,23956965,-0.463129259674528
"16282","20074.16",16282,23958753,-0.46323205232708
"16283","20074.16",16283,23958971,0.000722932540755394
"16284","20074.16",16284,23959420,0.279530017535971
"16285","20074.16",16285,23964004,0.247779494623798
"16286","20074.16",16286,23964092,0.592766886467763
"16287","20074.16",16287,23964215,0.222292742805198
"16288","20074.16",16288,23965798,-0.942882425844345
"16289","20074.16",16289,23966086,0.263286242132469
"16290","20074.16",16290,23966257,-0.505063805469027
"16291","20074.16",16291,23971738,-0.434109814156368
"16292","20074.16",16292,23972448,-0.219814403586104
"16293","20074.16",16293,23975351,-1.06252915215881
"16294","20074.16",16294,23976293,0.181593963795026
"16295","20074.16",16295,23976707,-0.509451981146863
"16296","20074.16",16296,23976849,-1.12337595722256
"16297","20074.16",16297,23976991,-0.41317831903707
"16298","20074.16",16298,23977887,0.567616016843943
"16299","20074.16",16299,23978569,0.111011374425675
"16300","20074.16",16300,23981269,0.291687960813522
"16301","20074.16",16301,23984079,0.0791620225199186
"16302","20074.16",16302,23984256,0.471391493288658
"16303","20074.16",16303,23985525,-0.383975051392402
"16304","20074.16",16304,23986395,-0.927496717924027
"16305","20074.16",16305,23987220,0.676235945301785
"16306","20074.16",16306,23988591,0.012086508234832
"16307","20074.16",16307,23988689,0.573143796871427
"16308","20074.16",16308,23989667,-0.685730949506251
"16309","20074.16",16309,23990582,-0.392204076180633
"16310","20074.16",16310,23991502,-0.106061439860856
"16311","20074.16",16311,23991714,-0.254782379573708
"16312","20074.16",16312,23997500,-0.573967103811873
"16313","20074.16",16313,23997988,0.70026468648316
"16314","20074.16",16314,23998890,-0.145423445199775
"16315","20074.16",16315,24006787,1.20373066430746
"16316","20074.16",16316,24006906,0.530468382454695
"16317","20074.16",16317,24008014,-0.333795385319468
"16318","20074.16",16318,24010251,-0.542256210955092
"16319","20074.16",16319,24011630,0.486951203962609
"16320","20074.16",16320,24012649,-0.795736057209641
"16321","20074.16",16321,24013524,-0.286664761608725
"16322","20074.16",16322,24014243,-0.402287668500311
"16323","20074.16",16323,24014611,1.32633710891883
"16324","20074.16",16324,24016101,0.221453424636832
"16325","20074.16",16325,24016521,-0.31159069408865
"16326","20074.16",16326,24017172,0.317886902081233
"16327","20074.16",16327,24017634,0.411807985692882
"16328","20074.16",16328,24018560,-0.057743421975581
"16329","20074.16",16329,24018863,0.689025806125188
"16330","20074.16",16330,24019212,0.0481407545584922
"16331","20074.16",16331,24021535,-0.551825232670476
"16332","20074.16",16332,24022010,0.503614594117681
"16333","20074.16",16333,24023397,0.250763016566617
"16334","20074.16",16334,24023684,-0.217501098858585
"16335","20074.16",16335,24024027,0.562584568295661
"16336","20074.16",16336,24024222,0.159362168630217
"16337","20074.16",16337,24024308,0.460929130107533
"16338","20074.16",16338,24027117,0.119058866827313
"16339","20074.16",16339,24028231,-1.0205878913342
"16340","20074.16",16340,24028237,-0.449218881387662
"16341","20074.16",16341,24029124,0.239738108241254
"16342","20074.16",16342,24030162,0.193834126201621
"16343","20074.16",16343,24030329,-0.248529737400985
"16344","20074.16",16344,24033483,0.0814579170335348
"16345","20074.16",16345,24033645,-0.265620787089024
"16346","20074.16",16346,24035248,0.154766186606006
"16347","20074.16",16347,24035435,0.417787380753315
"16348","20074.16",16348,24037020,-1.30942473902636
"16349","20074.16",16349,24038116,0.366475612658651
"16350","20074.16",16350,24038908,1.01910381980068
"16351","20074.16",16351,24039013,0.485056260384893
"16352","20074.16",16352,24039953,-0.376595828112091
"16353","20074.16",16353,24041177,0.370472261990906
"16354","20074.16",16354,24044433,-0.670089769385464
"16355","20074.16",16355,24045313,0.351502726638476
"16356","20074.16",16356,24045594,0.352867919687037
"16357","20074.16",16357,24049656,0.364408024924219
"16358","20074.16",16358,24049688,0.346444910255411
"16359","20074.16",16359,24052333,0.710225364498926
"16360","20074.16",16360,24055378,0.142021205730093
"16361","20074.16",16361,24058139,0.703657860979301
"16362","20074.16",16362,24058307,-0.620280343151209
"16363","20074.16",16363,24060295,0.124282671857872
"16364","20074.16",16364,24060537,0.375232523999375
"16365","20074.16",16365,24063827,-0.229318682163766
"16366","20074.16",16366,24064165,-0.67496205351034
"16367","20074.16",16367,24065716,-1.07110623268641
"16368","20074.16",16368,24066494,-0.284567064811255
"16369","20074.16",16369,24069064,0.62357920133152
"16370","20074.16",16370,24069536,0.111108118350771
"16371","20074.16",16371,24069980,0.285843653353251
"16372","20074.16",16372,24070401,0.578827123302973
"16373","20074.16",16373,24071144,1.32441017913725
"16374","20074.16",16374,24071469,0.180435731065077
"16375","20074.16",16375,24071481,0.476075302379546
"16376","20074.16",16376,24071970,-1.1214070661055
"16377","20074.16",16377,24074519,0.0431427697566749
"16378","20074.16",16378,24075093,0.583261610974417
"16379","20074.16",16379,24076884,-1.03222194388125
"16380","20074.16",16380,24078611,-0.890143292842501
"16381","20074.16",16381,24083021,-1.22659770633658
"16382","20074.16",16382,24084368,0.39277377942721
"16383","20074.16",16383,24084425,-0.173270414991694
"16384","20074.16",16384,24084517,0.60235707079278
"16385","20074.16",16385,24086622,0.691315038687917
"16386","20074.16",16386,24086861,-0.123139900849708
"16387","20074.16",16387,24088187,0.346390225805284
"16388","20074.16",16388,24088384,0.144625535338259
"16389","20074.16",16389,24088668,0.768471870376906
"16390","20074.16",16390,24092365,0.0923021763816374
"16391","20074.16",16391,24098527,-0.90969855853451
"16392","20074.16",16392,24099513,-0.299035585937883
"16393","20074.16",16393,24099744,0.675331846453033
"16394","20074.16",16394,24100315,0.0381590522043718
"16395","20074.16",16395,24100885,-0.446805837274596
"16396","20074.16",16396,24102562,0.679200148871476
"16397","20074.16",16397,24102764,0.668236947269153
"16398","20074.16",16398,24103938,0.513170132378082
"16399","20074.16",16399,24103977,0.507725272575654
"16400","20074.16",16400,24104949,-0.945897181382267
"16401","20074.16",16401,24110319,-1.02713919664938
"16402","20074.16",16402,24113005,0.773768048925004
"16403","20074.16",16403,24115433,-0.425125799991222
"16404","20074.16",16404,24115486,0.453585490441138
"16405","20074.16",16405,24115822,1.22490118758367
"16406","20074.16",16406,24117477,0.396232416108602
"16407","20074.16",16407,24119374,0.140605322151666
"16408","20074.16",16408,24123483,0.213228896708186
"16409","20074.16",16409,24124040,0.683946469914244
"16410","20074.16",16410,24127928,-0.733169639245097
"16411","20074.16",16411,24128365,1.60307777222288
"16412","20074.16",16412,24128387,0.741428976304314
"16413","20074.16",16413,24129454,0.70752900358918
"16414","20074.16",16414,24130185,0.0437844307190156
"16415","20074.16",16415,24130311,-0.139102801327218
"16416","20074.16",16416,24132385,0.417346962809513
"16417","20074.16",16417,24132427,0.0918113964282954
"16418","20074.16",16418,24132569,-0.176773820339553
"16419","20074.16",16419,24133230,0.181350707275983
"16420","20074.16",16420,24134321,-0.729394484670386
"16421","20074.16",16421,24135112,0.669809017119754
"16422","20074.16",16422,24135861,0.145514645920137
"16423","20074.16",16423,24136201,-0.671358211637536
"16424","20074.16",16424,24139962,-1.04592706157968
"16425","20074.16",16425,24140252,0.686991457157426
"16426","20074.16",16426,24144321,-0.329352242189635
"16427","20074.16",16427,24145028,0.240153223682071
"16428","20074.16",16428,24145293,-0.561273306104058
"16429","20074.16",16429,24147909,0.292352960737833
"16430","20074.16",16430,24148048,0.470383385509618
"16431","20074.16",16431,24148807,-0.205465021581152
"16432","20074.16",16432,24149041,-0.00862416598111704
"16433","20074.16",16433,24149137,0.996362861625953
"16434","20074.16",16434,24152450,-0.968371021776496
"16435","20074.16",16435,24152467,-0.199357363639309
"16436","20074.16",16436,24152887,-1.5381409743178
"16437","20074.16",16437,24156946,0.295698091065248
"16438","20074.16",16438,24157170,0.311537655602479
"16439","20074.16",16439,24157570,0.112378217540664
"16440","20074.16",16440,24159334,-0.121536216031884
"16441","20074.16",16441,24159453,-0.139186270604869
"16442","20074.16",16442,24160081,-0.682725482843991
"16443","20074.16",16443,24160834,-0.245652379401885
"16444","20074.16",16444,24162158,-0.922460868519003
"16445","20074.16",16445,24164288,0.12595962340289
"16446","20074.16",16446,24164519,-0.0812842393788067
"16447","20074.16",16447,24164724,0.887198899506848
"16448","20074.16",16448,24164858,0.393804969626619
"16449","20074.16",16449,24164923,0.750546363199235
"16450","20074.16",16450,24165768,0.503817490845852
"16451","20074.16",16451,24170035,0.6018135905106
"16452","20074.16",16452,24173615,-0.899035498199214
"16453","20074.16",16453,24178207,-0.399752796249813
"16454","20074.16",16454,24179242,-0.41186313476639
"16455","20074.16",16455,24179529,0.714434750169151
"16456","20074.16",16456,24179672,0.365269140563226
"16457","20074.16",16457,24179799,0.607635965585057
"16458","20074.16",16458,24185112,0.572546437169023
"16459","20074.16",16459,24185871,0.509433439751715
"16460","20074.16",16460,24186561,-0.332257716989864
"16461","20074.16",16461,24187775,0.130887632602193
"16462","20074.16",16462,24190256,-0.41724651595445
"16463","20074.16",16463,24192280,-0.640818949792885
"16464","20074.16",16464,24192682,0.591867677063688
"16465","20074.16",16465,24196253,0.215618962166113
"16466","20074.16",16466,24196656,-0.231965249851086
"16467","20074.16",16467,24197182,0.437584502857566
"16468","20074.16",16468,24197860,-0.430897914327832
"16469","20074.16",16469,24198850,-0.772021838401239
"16470","20074.16",16470,24199519,-0.415711326386209
"16471","20074.16",16471,24201041,-0.377256162567559
"16472","20074.16",16472,24202458,0.82301542613317
"16473","20074.16",16473,24202615,0.566529338063106
"16474","20074.16",16474,24207121,-0.295259685383236
"16475","20074.16",16475,24207403,0.683905230798165
"16476","20074.16",16476,24207509,-0.335937153112653
"16477","20074.16",16477,24208488,0.10656666531979
"16478","20074.16",16478,24208760,-1.07183761265169
"16479","20074.16",16479,24211376,0.230523181415144
"16480","20074.16",16480,24211933,0.130460103778746
"16481","20074.16",16481,24213587,0.049584524634283
"16482","20074.16",16482,24214061,-0.0703102743564257
"16483","20074.16",16483,24216985,0.0188772298733371
"16484","20074.16",16484,24218034,-0.552888878650484
"16485","20074.16",16485,24218132,0.881534424932041
"16486","20074.16",16486,24218233,0.194207595548718
"16487","20074.16",16487,24221758,0.0258202647867352
"16488","20074.16",16488,24222162,-0.0963985429540717
"16489","20074.16",16489,24222825,-0.274430724385606
"16490","20074.16",16490,24223603,-0.260329719351412
"16491","20074.16",16491,24225392,-0.973788447337973
"16492","20074.16",16492,24226265,-0.234331133045985
"16493","20074.16",16493,24226560,-0.0290268573882111
"16494","20074.16",16494,24226708,-0.601606764525251
"16495","20074.16",16495,24226740,0.957176972711006
"16496","20074.16",16496,24229885,0.723616636655051
"16497","20074.16",16497,24230680,0.101390762484321
"16498","20074.16",16498,24231248,0.875643411414734
"16499","20074.16",16499,24231488,0.810760022831597
"16500","20074.16",16500,24233525,0.183270293283365
"16501","20074.16",16501,24242392,-0.103234762364201
"16502","20074.16",16502,24244552,0.0609502278356304
"16503","20074.16",16503,24246382,-0.78091468070031
"16504","20074.16",16504,24247031,-0.0792371209046667
"16505","20074.16",16505,24247766,-0.426787130940002
"16506","20074.16",16506,24248549,-0.179264261578379
"16507","20074.16",16507,24249043,-0.471293691449073
"16508","20074.16",16508,24250605,-1.25673123420704
"16509","20074.16",16509,24258528,-0.732738664009017
"16510","20074.16",16510,24259124,-1.8620470237719
"16511","20074.16",16511,24260489,-0.016639541942947
"16512","20074.16",16512,24263343,0.0698973783649626
"16513","20074.16",16513,24265411,-0.128170076786445
"16514","20074.16",16514,24265522,0.709226546004902
"16515","20074.16",16515,24266604,-0.605160684663844
"16516","20074.16",16516,24266784,-1.17828158879617
"16517","20074.16",16517,24269177,0.277900097478036
"16518","20074.16",16518,24270959,-1.08880857578384
"16519","20074.16",16519,24271059,-0.0272215810738548
"16520","20074.16",16520,24272057,0.837144248295531
"16521","20074.16",16521,24274391,0.331961846941911
"16522","20074.16",16522,24274990,0.123797232419391
"16523","20074.16",16523,24275388,0.942328384252513
"16524","20074.16",16524,24275655,1.12150728555786
"16525","20074.16",16525,24276289,-1.04526671940224
"16526","20074.16",16526,24276947,-0.135313938307153
"16527","20074.16",16527,24277639,0.300772699669612
"16528","20074.16",16528,24285592,-0.185065239331466
"16529","20074.16",16529,24286232,0.227670700364141
"16530","20074.16",16530,24287378,-0.37408321494784
"16531","20074.16",16531,24287692,0.502063696269221
"16532","20074.16",16532,24288512,-0.00802051492234046
"16533","20074.16",16533,24289372,-0.0522990922097977
"16534","20074.16",16534,24291053,0.43812644191473
"16535","20074.16",16535,24291324,0.87443187324276
"16536","20074.16",16536,24292396,-0.440609305927001
"16537","20074.16",16537,24292838,0.29225918545318
"16538","20074.16",16538,24292991,-0.391539547757161
"16539","20074.16",16539,24293285,0.379073585524339
"16540","20074.16",16540,24296183,0.323361643722614
"16541","20074.16",16541,24296583,0.181193917727234
"16542","20074.16",16542,24296588,0.116439640769694
"16543","20074.16",16543,24296686,0.826111968431047
"16544","20074.16",16544,24297089,-0.22507680731051
"16545","20074.16",16545,24297682,0.341307663478305
"16546","20074.16",16546,24298532,0.6627417437345
"16547","20074.16",16547,24300322,0.780167450842584
"16548","20074.16",16548,24301701,0.896858917395975
"16549","20074.16",16549,24301994,-0.922225471079087
"16550","20074.16",16550,24302276,-0.113753322476521
"16551","20074.16",16551,24306105,0.485269869241082
"16552","20074.16",16552,24306158,1.09267092787781
"16553","20074.16",16553,24306195,-0.421814715419801
"16554","20074.16",16554,24307396,0.205746253542915
"16555","20074.16",16555,24309989,0.325628892768047
"16556","20074.16",16556,24310100,0.0253690467838963
"16557","20074.16",16557,24310171,0.213755466944104
"16558","20074.16",16558,24310282,0.205135287959293
"16559","20074.16",16559,24310814,-0.488278953072375
"16560","20074.16",16560,24310882,0.537023819399507
"16561","20074.16",16561,24312768,0.234061321680322
"16562","20074.16",16562,24313653,-0.370144319275947
"16563","20074.16",16563,24313668,-0.730774792757204
"16564","20074.16",16564,24315564,0.560407726785052
"16565","20074.16",16565,24315651,-0.304647148582962
"16566","20074.16",16566,24319694,-0.119990458082087
"16567","20074.16",16567,24320283,-0.774457540271793
"16568","20074.16",16568,24320440,0.119198154642309
"16569","20074.16",16569,24320750,1.47050240162325
"16570","20074.16",16570,24320766,0.558060913810624
"16571","20074.16",16571,24320791,0.49894139291886
"16572","20074.16",16572,24320941,0.788283205439112
"16573","20074.16",16573,24320966,0.982230142670978
"16574","20074.16",16574,24321227,-0.661894765802326
"16575","20074.16",16575,24325834,-0.0974584519940844
"16576","20074.16",16576,24326539,-0.254400980025525
"16577","20074.16",16577,24327482,-0.556931678490598
"16578","20074.16",16578,24330228,-0.90911063357988
"16579","20074.16",16579,24330301,0.38363821100837
"16580","20074.16",16580,24330389,0.0551431028624529
"16581","20074.16",16581,24331846,0.22680297692867
"16582","20074.16",16582,24332293,0.167741413701145
"16583","20074.16",16583,24332452,-0.199621888154129
"16584","20074.16",16584,24337894,0.268967759551821
"16585","20074.16",16585,24338048,0.342928518047713
"16586","20074.16",16586,24338109,-0.622898464926343
"16587","20074.16",16587,24340172,0.120443415951661
"16588","20074.16",16588,24340691,0.719574324950622
"16589","20074.16",16589,24341412,-0.255859289497212
"16590","20074.16",16590,24342531,0.6116050193141
"16591","20074.16",16591,24342688,0.386728985418514
"16592","20074.16",16592,24342823,0.198192489670812
"16593","20074.16",16593,24343464,-0.74994858449699
"16594","20074.16",16594,24344377,0.411734783031734
"16595","20074.16",16595,24345332,0.0703880460269222
"16596","20074.16",16596,24345761,1.03919327261118
"16597","20074.16",16597,24346879,-0.310449418615648
"16598","20074.16",16598,24348591,-0.36131201898743
"16599","20074.16",16599,24351975,0.277776626498443
"16600","20074.16",16600,24352061,0.296580594426831
"16601","20074.16",16601,24354221,0.359119834802748
"16602","20074.16",16602,24354597,0.063558117848511
"16603","20074.16",16603,24356533,0.233204809223436
"16604","20074.16",16604,24356655,-0.383388571708981
"16605","20074.16",16605,24357493,-0.396454840365949
"16606","20074.16",16606,24358244,0.405079199295177
"16607","20074.16",16607,24359001,-0.540248878675321
"16608","20074.16",16608,24359433,0.188642690523233
"16609","20074.16",16609,24361217,0.0707358694049072
"16610","20074.16",16610,24362209,-1.15832648519123
"16611","20074.16",16611,24365566,0.796571283114573
"16612","20074.16",16612,24365678,-0.797786460824395
"16613","20074.16",16613,24366363,-0.494828801162449
"16614","20074.16",16614,24366516,0.543899745816709
"16615","20074.16",16615,24368796,-0.561455490287831
"16616","20074.16",16616,24371801,0.288008914383586
"16617","20074.16",16617,24373157,-0.102826160883324
"16618","20074.16",16618,24373903,0.798997139167514
"16619","20074.16",16619,24375248,0.776471074926413
"16620","20074.16",16620,24375802,-0.731801112686044
"16621","20074.16",16621,24375858,-1.46005606520957
"16622","20074.16",16622,24376891,-0.083951755340502
"16623","20074.16",16623,24379827,0.536180167601679
"16624","20074.16",16624,24379983,0.0373536186959864
"16625","20074.16",16625,24385363,-0.850767643809597
"16626","20074.16",16626,24385538,0.0103462717031428
"16627","20074.16",16627,24385670,0.201438736245378
"16628","20074.16",16628,24387811,-0.0220066902148339
"16629","20074.16",16629,24395461,0.2214355300279
"16630","20074.16",16630,24396579,-0.0466324887007765
"16631","20074.16",16631,24397338,0.458145744586646
"16632","20074.16",16632,24398149,0.237311752214451
"16633","20074.16",16633,24399918,-0.124389937284023
"16634","20074.16",16634,24400083,-0.11823023774561
"16635","20074.16",16635,24405158,-0.0599575695447392
"16636","20074.16",16636,24406480,0.537487609493968
"16637","20074.16",16637,24407869,0.261542406077854
"16638","20074.16",16638,24412971,0.475990608296551
"16639","20074.16",16639,24417536,0.053336421071636
"16640","20074.16",16640,24417707,-0.506958003556773
"16641","20074.16",16641,24420045,-0.914489877440745
"16642","20074.16",16642,24420227,0.332174464591744
"16643","20074.16",16643,24420346,0.194332757455125
"16644","20074.16",16644,24420539,0.790275669355704
"16645","20074.16",16645,24423491,-0.651993205564939
"16646","20074.16",16646,24427661,-0.736068303195895
"16647","20074.16",16647,24430067,-0.821972744917551
"16648","20074.16",16648,24430250,-0.689999512874377
"16649","20074.16",16649,24430286,0.657063162457596
"16650","20074.16",16650,24431465,0.951277864355654
"16651","20074.16",16651,24431938,-0.367374137008697
"16652","20074.16",16652,24435287,0.386648325667534
"16653","20074.16",16653,24436475,0.179036510831314
"16654","20074.16",16654,24437072,-0.478389658055229
"16655","20074.16",16655,24437358,-0.08863996831447
"16656","20074.16",16656,24443107,0.377047722200103
"16657","20074.16",16657,24443424,-0.401701901635106
"16658","20074.16",16658,24443589,0.0678778021353272
"16659","20074.16",16659,24444319,-0.23470111947504
"16660","20074.16",16660,24446801,0.766438437134176
"16661","20074.16",16661,24448186,0.0107233448892341
"16662","20074.16",16662,24453050,0.322338299430338
"16663","20074.16",16663,24453143,0.236368090255163
"16664","20074.16",16664,24453703,0.533768998586035
"16665","20074.16",16665,24455035,0.585465594115331
"16666","20074.16",16666,24455138,0.379605816946305
"16667","20074.16",16667,24459743,-1.24607264935212
"16668","20074.16",16668,24461748,-1.12745169962661
"16669","20074.16",16669,24464160,0.138571389171079
"16670","20074.16",16670,24464215,0.0368157262512181
"16671","20074.16",16671,24465681,0.944453290097903
"16672","20074.16",16672,24465699,0.0194651387955531
"16673","20074.16",16673,24466051,0.448948177879607
"16674","20074.16",16674,24467945,0.415881453652191
"16675","20074.16",16675,24469940,0.680737994066848
"16676","20074.16",16676,24472818,-0.170665287162111
"16677","20074.16",16677,24477626,0.850253152058385
"16678","20074.16",16678,24478067,0.596626291020791
"16679","20074.16",16679,24478188,-0.425447208463389
"16680","20074.16",16680,24479908,0.27054293997378
"16681","20074.16",16681,24481403,-0.848469043012172
"16682","20074.16",16682,24481620,0.637030584408525
"16683","20074.16",16683,24481660,0.0183023903031652
"16684","20074.16",16684,24483464,0.786609693051516
"16685","20074.16",16685,24486593,-0.611841742036544
"16686","20074.16",16686,24486638,0.871561075614376
"16687","20074.16",16687,24490248,-0.769278149426093
"16688","20074.16",16688,24491284,-0.325753208784985
"16689","20074.16",16689,24495197,0.0274388034928013
"16690","20074.16",16690,24495315,0.195376159614661
"16691","20074.16",16691,24495461,0.0814786970230355
"16692","20074.16",16692,24495473,-0.350562671268013
"16693","20074.16",16693,24496062,-0.122152390703518
"16694","20074.16",16694,24497459,0.305775804705044
"16695","20074.16",16695,24498182,0.805609895770645
"16696","20074.16",16696,24499548,0.368836869369546
"16697","20074.16",16697,24499577,0.373609723365401
"16698","20074.16",16698,24500348,-0.217063788453821
"16699","20074.16",16699,24501447,-0.203902460723041
"16700","20074.16",16700,24502745,0.364803071666548
"16701","20074.16",16701,24506581,-0.479166967603486
"16702","20074.16",16702,24507123,0.000440488521221027
"16703","20074.16",16703,24507139,0.415298487016361
"16704","20074.16",16704,24507156,-0.208305862992047
"16705","20074.16",16705,24508299,0.344257829093487
"16706","20074.16",16706,24511650,0.521529774100638
"16707","20074.16",16707,24511791,0.523443124576557
"16708","20074.16",16708,24511861,0.158784808557531
"16709","20074.16",16709,24514433,-1.43513659080018
"16710","20074.16",16710,24522048,-0.0132017705910643
"16711","20074.16",16711,24522093,0.847300721050995
"16712","20074.16",16712,24523037,-0.231995402706142
"16713","20074.16",16713,24523408,-0.466190286655789
"16714","20074.16",16714,24525557,-0.85925646473124
"16715","20074.16",16715,24527550,1.22252646146268
"16716","20074.16",16716,24530157,0.460386210035998
"16717","20074.16",16717,24533699,0.593546219130746
"16718","20074.16",16718,24534928,-0.71559850982677
"16719","20074.16",16719,24535498,-0.342503348914574
"16720","20074.16",16720,24537663,-0.70872818111352
"16721","20074.16",16721,24537786,0.312924471508274
"16722","20074.16",16722,24537978,0.45203840371854
"16723","20074.16",16723,24539514,-1.45168786150402
"16724","20074.16",16724,24539793,0.409759967410982
"16725","20074.16",16725,24540737,-0.0278160414450142
"16726","20074.16",16726,24547425,-0.367511751849023
"16727","20074.16",16727,24547518,-0.487339235828676
"16728","20074.16",16728,24554437,0.202307535784525
"16729","20074.16",16729,24555628,0.198612118818293
"16730","20074.16",16730,24556952,-0.0231154034783136
"16731","20074.16",16731,24557171,0.953594926236927
"16732","20074.16",16732,24572946,0.772828268593783
"16733","20074.16",16733,24576086,-0.74266600022217
"16734","20074.16",16734,24576112,0.484655702932929
"16735","20074.16",16735,24578330,-0.420518038055534
"16736","20074.16",16736,24583406,-0.311118000829759
"16737","20074.16",16737,24583552,-0.304877048937517
"16738","20074.16",16738,24589399,0.0531333177024758
"16739","20074.16",16739,24589679,-0.342569802231039
"16740","20074.16",16740,24592625,0.373295099990275
"16741","20074.16",16741,24600668,0.103229786540943
"16742","20074.16",16742,24601788,-0.243740491577825
"16743","20074.16",16743,24602771,0.51420596978513
"16744","20074.16",16744,24605184,-0.746096799569736
"16745","20074.16",16745,24614505,0.685990155803336
"16746","20074.16",16746,24614570,0.443512477192177
"16747","20074.16",16747,24614742,0.33926287012845
"16748","20074.16",16748,24615084,-0.224760772745536
"16749","20074.16",16749,24621348,0.130004648801776
"16750","20074.16",16750,24621814,0.192383905245586
"16751","20074.16",16751,24622717,-0.716752306166255
"16752","20074.16",16752,24623847,-0.562400775980219
"16753","20074.16",16753,24624646,0.573926710102312
"16754","20074.16",16754,24625204,0.0333498114913473
"16755","20074.16",16755,24627456,-0.263519881762467
"16756","20074.16",16756,24629829,-0.8851490429314
"16757","20074.16",16757,24630708,0.0644306825540868
"16758","20074.16",16758,24638636,-0.132107075099088
"16759","20074.16",16759,24640304,0.258842925168081
"16760","20074.16",16760,24640535,-0.250529193597963
"16761","20074.16",16761,24645797,-0.946913074558743
"16762","20074.16",16762,24647472,-0.924221447115895
"16763","20074.16",16763,24650250,-1.44438465655413
"16764","20074.16",16764,24650459,0.743048882034999
"16765","20074.16",16765,24651012,0.0568112402361098
"16766","20074.16",16766,24658852,-0.369597651597305
"16767","20074.16",16767,24660229,-0.7243160572644
"16768","20074.16",16768,24661489,0.357725657305532
"16769","20074.16",16769,24662050,0.864083313941783
"16770","20074.16",16770,24666727,0.11357478987421
"16771","20074.16",16771,24667099,0.320856163940188
"16772","20074.16",16772,24668251,0.321165612408453
"16773","20074.16",16773,24673898,1.06635808988701
"16774","20074.16",16774,24677335,-0.497935250764001
"16775","20074.16",16775,24679319,-0.630450158332982
"16776","20074.16",16776,24683968,0.000706250120720675
"16777","20074.16",16777,24686648,0.0614692344927379
"16778","20074.16",16778,24688288,0.484891113961393
"16779","20074.16",16779,24691375,-0.813674540961678
"16780","20074.16",16780,24692928,0.853096691431616
"16781","20074.16",16781,24693330,-0.247378391051122
"16782","20074.16",16782,24695128,-1.40315429137961
"16783","20074.16",16783,24695340,0.486990532292977
"16784","20074.16",16784,24698361,0.133622284080928
"16785","20074.16",16785,24698903,1.00254480264164
"16786","20074.16",16786,24699053,-0.541406731273591
"16787","20074.16",16787,24700486,0.355061866489451
"16788","20074.16",16788,24700993,0.458598952143361
"16789","20074.16",16789,24704418,-0.36434924065338
"16790","20074.16",16790,24704490,0.0111881427525553
"16791","20074.16",16791,24704593,-0.311849082251211
"16792","20074.16",16792,24705263,-0.375755930855586
"16793","20074.16",16793,24706376,-0.239089898839886
"16794","20074.16",16794,24708641,-0.291640464673648
"16795","20074.16",16795,24709885,-0.532527620122042
"16796","20074.16",16796,24711319,-0.11368835728239
"16797","20074.16",16797,24711964,0.365338446978634
"16798","20074.16",16798,24712168,0.517244164868203
"16799","20074.16",16799,24712489,0.810271144091579
"16800","20074.16",16800,24712999,-0.120890546829693
"16801","20074.16",16801,24713285,-0.381279675671776
"16802","20074.16",16802,24715653,-0.0596695082683292
"16803","20074.16",16803,24715791,-0.739014014314923
"16804","20074.16",16804,24716348,0.12753977436167
"16805","20074.16",16805,24716595,-1.05171639874637
"16806","20074.16",16806,24720250,0.26763923911611
"16807","20074.16",16807,24720764,0.115204524794523
"16808","20074.16",16808,24721194,0.416585300080029
"16809","20074.16",16809,24721815,-0.756033902355242
"16810","20074.16",16810,24729410,0.711583754805184
"16811","20074.16",16811,24729771,0.2928789529189
"16812","20074.16",16812,24729789,-0.660268338045356
"16813","20074.16",16813,24732863,-0.555824943973258
"16814","20074.16",16814,24737879,-0.0454043352821198
"16815","20074.16",16815,24739212,0.0772270162476785
"16816","20074.16",16816,24739953,0.309292285566566
"16817","20074.16",16817,24743631,0.0493315235364458
"16818","20074.16",16818,24743657,0.677262196188452
"16819","20074.16",16819,24744114,-0.537596595526353
"16820","20074.16",16820,24746266,-0.125017453062883
"16821","20074.16",16821,24746655,-0.614860276111016
"16822","20074.16",16822,24747143,-0.356342990780695
"16823","20074.16",16823,24750653,-1.3942512644123
"16824","20074.16",16824,24753488,-1.12696942282795
"16825","20074.16",16825,24756379,0.00144743193398256
"16826","20074.16",16826,24756449,0.14776330674801
"16827","20074.16",16827,24756538,1.01984251605224
"16828","20074.16",16828,24756602,-0.421070567948867
"16829","20074.16",16829,24759337,-0.208741253229384
"16830","20074.16",16830,24767781,-0.21956905305846
"16831","20074.16",16831,24769404,-0.817347160853498
"16832","20074.16",16832,24772562,0.336970911489261
"16833","20074.16",16833,24772680,0.634303297801222
"16834","20074.16",16834,24773056,0.301697125277882
"16835","20074.16",16835,24773561,0.392626025475125
"16836","20074.16",16836,24773629,-0.24924509959995
"16837","20074.16",16837,24774160,0.0809601702289893
"16838","20074.16",16838,24777560,0.303669892452482
"16839","20074.16",16839,24778409,-0.204517228281954
"16840","20074.16",16840,24778455,-0.524216086211853
"16841","20074.16",16841,24781950,0.712128542746478
"16842","20074.16",16842,24782353,0.838213713841736
"16843","20074.16",16843,24784810,-0.321730416756493
"16844","20074.16",16844,24787195,-0.540093158507152
"16845","20074.16",16845,24788645,0.373189096204436
"16846","20074.16",16846,24789742,-0.160772228638499
"16847","20074.16",16847,24791313,0.319368446892839
"16848","20074.16",16848,24801979,-0.185134086359562
"16849","20074.16",16849,24802325,-0.89828301416684
"16850","20074.16",16850,24802593,-0.473341641738276
"16851","20074.16",16851,24806174,-0.552712329622476
"16852","20074.16",16852,24807347,-0.178823492095288
"16853","20074.16",16853,24809993,-0.26802085938243
"16854","20074.16",16854,24810681,0.506705848487898
"16855","20074.16",16855,24810703,0.414273406956261
"16856","20074.16",16856,24812404,-0.480697162755939
"16857","20074.16",16857,24812512,0.486741706659855
"16858","20074.16",16858,24813172,-0.41816248346145
"16859","20074.16",16859,24816492,0.219422447880533
"16860","20074.16",16860,24816830,0.189874980052872
"16861","20074.16",16861,24817505,0.487045101396851
"16862","20074.16",16862,24817808,-0.157618313864107
"16863","20074.16",16863,24819094,0.172552426784642
"16864","20074.16",16864,24820984,0.371427954820388
"16865","20074.16",16865,24822431,-0.397737382405848
"16866","20074.16",16866,24829155,-0.411000571595137
"16867","20074.16",16867,24829178,0.256998930459679
"16868","20074.16",16868,24829665,-0.21250286517612
"16869","20074.16",16869,24829725,-0.344352880153562
"16870","20074.16",16870,24834379,0.191968032104715
"16871","20074.16",16871,24835149,-0.094495776229234
"16872","20074.16",16872,24838497,-0.871436861788923
"16873","20074.16",16873,24838943,0.21161327851275
"16874","20074.16",16874,24839645,-0.799509365062807
"16875","20074.16",16875,24840618,-1.12522402098169
"16876","20074.16",16876,24841640,-0.37923672926123
"16877","20074.16",16877,24844403,0.62574087754474
"16878","20074.16",16878,24850966,-0.757608236103917
"16879","20074.16",16879,24855807,-0.373613360343431
"16880","20074.16",16880,24855946,-0.570536874247336
"16881","20074.16",16881,24856334,-0.341192505659222
"16882","20074.16",16882,24856775,0.613220305436603
"16883","20074.16",16883,24858122,0.536698047245243
"16884","20074.16",16884,24859068,-0.208682018918581
"16885","20074.16",16885,24860028,-0.2935203848669
"16886","20074.16",16886,24861727,-0.266156690916779
"16887","20074.16",16887,24861927,-0.0404434386412156
"16888","20074.16",16888,24865704,-0.546777629229239
"16889","20074.16",16889,24866174,-0.303024698564118
"16890","20074.16",16890,24867616,0.468088046233222
"16891","20074.16",16891,24875308,-0.701527147089571
"16892","20074.16",16892,24875858,0.614759820132089
"16893","20074.16",16893,24879114,-0.915312563145436
"16894","20074.16",16894,24880532,-0.065955501099535
"16895","20074.16",16895,24883222,-0.190466793243022
"16896","20074.16",16896,24883233,-0.168374636255115
"16897","20074.16",16897,24885814,0.439638382517528
"16898","20074.16",16898,24887950,-0.134854347268615
"16899","20074.16",16899,24888115,-0.0489086305894109
"16900","20074.16",16900,24888142,-0.146464913309282
"16901","20074.16",16901,24888454,1.32538690481041
"16902","20074.16",16902,24888593,0.7110446043191
"16903","20074.16",16903,24888677,0.729306421049562
"16904","20074.16",16904,24889686,-0.424872077858437
"16905","20074.16",16905,24889789,0.493595899932527
"16906","20074.16",16906,24890506,-1.31515078286619
"16907","20074.16",16907,24893918,-0.758835639502717
"16908","20074.16",16908,24894324,-0.18971539387357
"16909","20074.16",16909,24897145,0.608340270477149
"16910","20074.16",16910,24900420,-1.54639419020964
"16911","20074.16",16911,24901955,0.738852210403961
"16912","20074.16",16912,24902312,0.439473017839412
"16913","20074.16",16913,24904177,-0.339925005034279
"16914","20074.16",16914,24908702,-0.628696201826148
"16915","20074.16",16915,24909365,-0.612052747034445
"16916","20074.16",16916,24910477,0.48664292542185
"16917","20074.16",16917,24911406,-0.518622540320619
"16918","20074.16",16918,24912722,-1.43029749151537
"16919","20074.16",16919,24915646,-0.171636871735991
"16920","20074.16",16920,24915995,0.155959084010169
"16921","20074.16",16921,24916012,0.444500094886522
"16922","20074.16",16922,24916657,-1.06893345087052
"16923","20074.16",16923,24922790,-1.11875094974785
"16924","20074.16",16924,24923655,-0.313387204985743
"16925","20074.16",16925,24923800,-1.1803845908088
"16926","20074.16",16926,24924906,0.16456954049324
"16927","20074.16",16927,24925902,-0.566843404955886
"16928","20074.16",16928,24926460,-0.950592225405289
"16929","20074.16",16929,24931798,-0.121834320768865
"16930","20074.16",16930,24934464,-0.380058139856128
"16931","20074.16",16931,24940728,0.0844078928213037
"16932","20074.16",16932,24943109,1.04066883457966
"16933","20074.16",16933,24943728,-1.58385767260978
"16934","20074.16",16934,24944176,-0.263994670632913
"16935","20074.16",16935,24944461,0.137051400925251
"16936","20074.16",16936,24947660,-0.281988588824718
"16937","20074.16",16937,24949051,0.080052376749923
"16938","20074.16",16938,24951102,-0.230336731674802
"16939","20074.16",16939,24951614,0.452783020952364
"16940","20074.16",16940,24952711,0.35218064751396
"16941","20074.16",16941,24955057,0.356752588843874
"16942","20074.16",16942,24955183,0.964469131911248
"16943","20074.16",16943,24955638,0.269713635534761
"16944","20074.16",16944,24957689,-0.682285547766817
"16945","20074.16",16945,24957883,-0.634210505726034
"16946","20074.16",16946,24960051,0.326595409117268
"16947","20074.16",16947,24964039,-0.872197493257909
"16948","20074.16",16948,24964518,-0.205325028741007
"16949","20074.16",16949,24964716,-0.385609659057897
"16950","20074.16",16950,24965403,-0.156025091257153
"16951","20074.16",16951,24967008,-0.571123912284861
"16952","20074.16",16952,24970883,-0.0562920395322832
"16953","20074.16",16953,24971115,0.381702853480461
"16954","20074.16",16954,24977141,1.50417026217307
"16955","20074.16",16955,24977527,0.137058139205692
"16956","20074.16",16956,24978159,-0.214066187101085
"16957","20074.16",16957,24978552,0.160062790474841
"16958","20074.16",16958,24982496,-0.401490285355175
"16959","20074.16",16959,24983021,-0.155433928865484
"16960","20074.16",16960,24983364,0.341723711428469
"16961","20074.16",16961,24984778,-0.333300581081568
"16962","20074.16",16962,24984809,-0.165858566860906
"16963","20074.16",16963,24984822,0.609522557967916
"16964","20074.16",16964,24986804,0.099720138572322
"16965","20074.16",16965,24987073,0.738400900518543
"16966","20074.16",16966,24996891,-0.22042136356302
"16967","20074.16",16967,24997388,0.223140955361478
"16968","20074.16",16968,24999379,-0.678565296535427
"16969","20074.16",16969,25002600,0.545262632771736
"16970","20074.16",16970,25002740,1.43058342830236
"16971","20074.16",16971,25002776,-0.70984342139692
"16972","20074.16",16972,25004413,0.307732797374098
"16973","20074.16",16973,25005031,0.546652014871673
"16974","20074.16",16974,25005208,-0.024417268520744
"16975","20074.16",16975,25005378,-0.00857149722214334
"16976","20074.16",16976,25007519,-0.00466401346045497
"16977","20074.16",16977,25007549,0.412044669678122
"16978","20074.16",16978,25007790,0.0656863882186798
"16979","20074.16",16979,25010324,-0.44450394885185
"16980","20074.16",16980,25011333,-0.155969846750668
"16981","20074.16",16981,25011424,0.0235756474808069
"16982","20074.16",16982,25015935,-0.130129416820995
"16983","20074.16",16983,25017450,-0.424582253792151
"16984","20074.16",16984,25018401,-0.210932440518781
"16985","20074.16",16985,25019212,-0.319713933876121
"16986","20074.16",16986,25019987,0.256680367079402
"16987","20074.16",16987,25020026,0.337090638877943
"16988","20074.16",16988,25022311,-0.229644594513095
"16989","20074.16",16989,25033161,-0.293087119516472
"16990","20074.16",16990,25033620,0.371775667991474
"16991","20074.16",16991,25033716,0.0756041374990302
"16992","20074.16",16992,25037197,0.219645067082396
"16993","20074.16",16993,25037231,0.502263858978966
"16994","20074.16",16994,25040158,-0.44917860285289
"16995","20074.16",16995,25041868,0.278963683624712
"16996","20074.16",16996,25046218,0.898962336829572
"16997","20074.16",16997,25046423,-0.97782679023922
"16998","20074.16",16998,25046890,-1.03451657258888
"16999","20074.16",16999,25050991,-0.0134964414512568
"17000","20074.16",17000,25051031,0.152145043458451
"17001","20074.16",17001,25051141,0.860940418795647
"17002","20074.16",17002,25052051,-0.0774131083343041
"17003","20074.16",17003,25052083,0.151491655020921
"17004","20074.16",17004,25053892,0.703328868588151
"17005","20074.16",17005,25053925,0.20607214849545
"17006","20074.16",17006,25055665,-0.336709034023849
"17007","20074.16",17007,25057664,0.1108370053995
"17008","20074.16",17008,25061063,0.132673625042179
"17009","20074.16",17009,25063293,0.368142819907336
"17010","20074.16",17010,25063568,0.498539850353207
"17011","20074.16",17011,25063626,-0.877232018392625
"17012","20074.16",17012,25063642,-0.0830343273623129
"17013","20074.16",17013,25064963,-0.345287945617049
"17014","20074.16",17014,25065581,0.266862681925567
"17015","20074.16",17015,25066593,0.487644719369821
"17016","20074.16",17016,25068566,-0.215961280480048
"17017","20074.16",17017,25068586,0.283907661522698
"17018","20074.16",17018,25068754,0.50405988607717
"17019","20074.16",17019,25068797,0.259639070752129
"17020","20074.16",17020,25069080,0.966268520516334
"17021","20074.16",17021,25069167,1.17206470906929
"17022","20074.16",17022,25069389,-0.118849330823137
"17023","20074.16",17023,25069545,0.710149221584936
"17024","20074.16",17024,25082284,-0.0449144516242672
"17025","20074.16",17025,25082420,-0.484450306956316
"17026","20074.16",17026,25087400,-0.0286703217932676
"17027","20074.16",17027,25091410,0.562120740013055
"17028","20074.16",17028,25092119,-0.507268958775275
"17029","20074.16",17029,25092187,0.47217331591863
"17030","20074.16",17030,25093689,-0.0589270056516655
"17031","20074.16",17031,25094400,-0.768668684049105
"17032","20074.16",17032,25095250,-0.700202679887218
"17033","20074.16",17033,25095438,0.130409661982048
"17034","20074.16",17034,25096268,-0.403582704176278
"17035","20074.16",17035,25097129,0.862567796992258
"17036","20074.16",17036,25097250,0.663605224948536
"17037","20074.16",17037,25097592,-0.146113222426718
"17038","20074.16",17038,25098676,0.0115475098271327
"17039","20074.16",17039,25101203,-0.568926537980706
"17040","20074.16",17040,25101569,0.598446777511119
"17041","20074.16",17041,25101932,-0.790010739007864
"17042","20074.16",17042,25102604,0.53368880233628
"17043","20074.16",17043,25104091,-1.11063758296511
"17044","20074.16",17044,25104470,-0.0345345381832187
"17045","20074.16",17045,25105094,-0.557130886688976
"17046","20074.16",17046,25110764,-0.19837129098801
"17047","20074.16",17047,25111171,-0.440039578894789
"17048","20074.16",17048,25112850,-0.929574534264875
"17049","20074.16",17049,25112883,-0.639223501860878
"17050","20074.16",17050,25117049,-0.300861461413685
"17051","20074.16",17051,25121235,-1.14946113449795
"17052","20074.16",17052,25121277,-0.925813773448892
"17053","20074.16",17053,25121358,-0.443861518496498
"17054","20074.16",17054,25127645,0.10202338565438
"17055","20074.16",17055,25127735,0.380471052397364
"17056","20074.16",17056,25127796,0.550852920231798
"17057","20074.16",17057,25128477,-0.201232070499333
"17058","20074.16",17058,25130995,0.132032940362548
"17059","20074.16",17059,25131714,-1.99466226706566
"17060","20074.16",17060,25134907,0.483689261407705
"17061","20074.16",17061,25135309,-0.41458067419367
"17062","20074.16",17062,25136046,0.459796788208041
"17063","20074.16",17063,25136077,-0.0384779395615302
"17064","20074.16",17064,25136352,0.749348114665925
"17065","20074.16",17065,25136487,0.33074831702118
"17066","20074.16",17066,25137252,0.62262026335458
"17067","20074.16",17067,25137955,0.738115228143182
"17068","20074.16",17068,25138027,-0.148988148246525
"17069","20074.16",17069,25140830,0.113992758810027
"17070","20074.16",17070,25141148,-0.432458259364026
"17071","20074.16",17071,25142014,0.0593740875125368
"17072","20074.16",17072,25142475,-0.26170506795063
"17073","20074.16",17073,25143730,-0.469011717237611
"17074","20074.16",17074,25149895,-0.621602379613284
"17075","20074.16",17075,25150571,-0.0125891245502743
"17076","20074.16",17076,25151609,-0.157282716499028
"17077","20074.16",17077,25153221,-0.672162645024744
"17078","20074.16",17078,25153402,0.108758286753493
"17079","20074.16",17079,25158743,-0.167853796056543
"17080","20074.16",17080,25158918,0.673060556641983
"17081","20074.16",17081,25160722,-0.886021455548025
"17082","20074.16",17082,25161431,0.611785388659036
"17083","20074.16",17083,25161518,0.987835310228996
"17084","20074.16",17084,25168969,0.44525622549222
"17085","20074.16",17085,25170424,-0.809104163194198
"17086","20074.16",17086,25171203,-0.204961558321055
"17087","20074.16",17087,25171672,0.246322887306222
"17088","20074.16",17088,25171810,0.562648348234945
"17089","20074.16",17089,25171869,-0.220041298689854
"17090","20074.16",17090,25172447,0.428558345070964
"17091","20074.16",17091,25175122,-0.102293852138692
"17092","20074.16",17092,25176208,-0.230958128556872
"17093","20074.16",17093,25178171,-0.821840068800252
"17094","20074.16",17094,25178317,-0.175870842330264
"17095","20074.16",17095,25178555,0.253080187131331
"17096","20074.16",17096,25182032,0.188103468472788
"17097","20074.16",17097,25184615,-0.927630037907567
"17098","20074.16",17098,25185168,-1.20664008134545
"17099","20074.16",17099,25185539,-0.212692508712063
"17100","20074.16",17100,25187348,-0.233106684805522
"17101","20074.16",17101,25187610,0.0533296205898379
"17102","20074.16",17102,25188859,-0.00156934644204387
"17103","20074.16",17103,25189640,-0.708607888290985
"17104","20074.16",17104,25193559,0.303705345641222
"17105","20074.16",17105,25194274,0.0136467581660007
"17106","20074.16",17106,25194776,-0.641702751857847
"17107","20074.16",17107,25197602,0.13812013504636
"17108","20074.16",17108,25200983,0.338201274256899
"17109","20074.16",17109,25201141,0.573624266764141
"17110","20074.16",17110,25201470,0.478128019499706
"17111","20074.16",17111,25201790,-0.940885430091035
"17112","20074.16",17112,25203616,0.450780717413607
"17113","20074.16",17113,25203736,-0.232455723526154
"17114","20074.16",17114,25203748,0.214744605592649
"17115","20074.16",17115,25210280,-0.270591450428908
"17116","20074.16",17116,25211258,-0.0208074347322009
"17117","20074.16",17117,25211679,0.13884151624097
"17118","20074.16",17118,25211994,-0.8590235889155
"17119","20074.16",17119,25213429,0.0347555744586971
"17120","20074.16",17120,25215963,-0.560109652603824
"17121","20074.16",17121,25217538,-0.161067517489609
"17122","20074.16",17122,25221502,-0.212072379521053
"17123","20074.16",17123,25228514,0.288951029929994
"17124","20074.16",17124,25234444,0.816016138167812
"17125","20074.16",17125,25234671,-0.140060491225555
"17126","20074.16",17126,25234689,0.412505178900775
"17127","20074.16",17127,25235940,-1.23110155070278
"17128","20074.16",17128,25239805,-0.396139252195797
"17129","20074.16",17129,25244398,-0.187154080481123
"17130","20074.16",17130,25245238,0.0540829784149421
"17131","20074.16",17131,25245305,1.19934438115775
"17132","20074.16",17132,25246531,0.0230864919105134
"17133","20074.16",17133,25247764,-1.38856840048084
"17134","20074.16",17134,25247979,-0.848966979270758
"17135","20074.16",17135,25248276,0.721799737509675
"17136","20074.16",17136,25248417,0.477399130448858
"17137","20074.16",17137,25248694,0.124421271709275
"17138","20074.16",17138,25248947,0.658699838855529
"17139","20074.16",17139,25249257,0.135674685772419
"17140","20074.16",17140,25249448,0.390539948419987
"17141","20074.16",17141,25253923,0.195061268418031
"17142","20074.16",17142,25254310,0.377275503045698
"17143","20074.16",17143,25255506,0.0413068822614715
"17144","20074.16",17144,25257536,-0.275518104085274
"17145","20074.16",17145,25258035,0.240145735060118
"17146","20074.16",17146,25258863,-0.276820129933234
"17147","20074.16",17147,25261270,-0.178021607214658
"17148","20074.16",17148,25261981,0.284317471397157
"17149","20074.16",17149,25262596,-0.567343111864626
"17150","20074.16",17150,25266524,-0.492430296276035
"17151","20074.16",17151,25267443,-0.252399050811892
"17152","20074.16",17152,25269993,-0.731856943324129
"17153","20074.16",17153,25270274,-0.97452665319882
"17154","20074.16",17154,25271478,0.0932495650594278
"17155","20074.16",17155,25271605,0.193678613513067
"17156","20074.16",17156,25271670,0.094291294202269
"17157","20074.16",17157,25276163,-0.661041485523449
"17158","20074.16",17158,25277296,0.0732924469488143
"17159","20074.16",17159,25278777,-0.0507838432749796
"17160","20074.16",17160,25279387,-0.148989932268733
"17161","20074.16",17161,25281220,-0.719814162902285
"17162","20074.16",17162,25281398,-0.501172875955942
"17163","20074.16",17163,25281593,0.255187950930362
"17164","20074.16",17164,25281848,0.777030427366172
"17165","20074.16",17165,25282962,-0.042096133997461
"17166","20074.16",17166,25284521,-0.549327198786858
"17167","20074.16",17167,25285100,0.0907683270826753
"17168","20074.16",17168,25285624,0.257852764843762
"17169","20074.16",17169,25285858,-0.167568512255294
"17170","20074.16",17170,25286743,-0.272630058173061
"17171","20074.16",17171,25289661,0.18429980005471
"17172","20074.16",17172,25293319,-1.07111782189097
"17173","20074.16",17173,25293367,-0.722843550253892
"17174","20074.16",17174,25296541,0.65165610145358
"17175","20074.16",17175,25307076,-0.504864799740041
"17176","20074.16",17176,25309048,-1.6581816025045
"17177","20074.16",17177,25309644,-0.475935649676208
"17178","20074.16",17178,25309699,-0.122920729285952
"17179","20074.16",17179,25314309,-0.147349629512317
"17180","20074.16",17180,25314410,1.02861546551085
"17181","20074.16",17181,25315239,-0.18138165014526
"17182","20074.16",17182,25315452,-0.0450578585684243
"17183","20074.16",17183,25316043,0.847357462974588
"17184","20074.16",17184,25316241,-0.457305013583156
"17185","20074.16",17185,25316604,0.743589567084538
"17186","20074.16",17186,25317849,-0.450640172799009
"17187","20074.16",17187,25322064,0.474179494890731
"17188","20074.16",17188,25328220,1.0337930164297
"17189","20074.16",17189,25328800,-0.0332600521076429
"17190","20074.16",17190,25329139,0.239913056121812
"17191","20074.16",17191,25332403,-0.626944437145058
"17192","20074.16",17192,25333292,0.266483139238876
"17193","20074.16",17193,25338675,0.58219717764158
"17194","20074.16",17194,25340437,-1.32615235673518
"17195","20074.16",17195,25343535,0.173448005552669
"17196","20074.16",17196,25344587,0.45059332375549
"17197","20074.16",17197,25344706,0.146127828425461
"17198","20074.16",17198,25345564,0.139796856393526
"17199","20074.16",17199,25346679,0.317924682040132
"17200","20074.16",17200,25347013,-0.130805314851217
"17201","20074.16",17201,25350518,-0.00874549124855761
"17202","20074.16",17202,25351386,-0.793197259971947
"17203","20074.16",17203,25352782,0.704724171075884
"17204","20074.16",17204,25353289,-0.101374900514598
"17205","20074.16",17205,25355496,0.466321181986499
"17206","20074.16",17206,25355701,-0.196986961512494
"17207","20074.16",17207,25356579,-0.156678375586613
"17208","20074.16",17208,25356980,-0.383473649150805
"17209","20074.16",17209,25357324,0.168930192845458
"17210","20074.16",17210,25361803,-1.14956841816983
"17211","20074.16",17211,25362119,1.44451958530308
"17212","20074.16",17212,25362210,-0.678856606041041
"17213","20074.16",17213,25362894,-0.342642394746457
"17214","20074.16",17214,25364064,-0.413366924760464
"17215","20074.16",17215,25365911,-0.397623440537874
"17216","20074.16",17216,25368576,-0.915663140340189
"17217","20074.16",17217,25370945,-0.871208887157819
"17218","20074.16",17218,25375512,-0.318557718600356
"17219","20074.16",17219,25377997,0.0693469566289027
"17220","20074.16",17220,25378386,0.177128873147646
"17221","20074.16",17221,25379401,-0.0884441808237408
"17222","20074.16",17222,25381964,-0.367921070618987
"17223","20074.16",17223,25382001,-0.314503361782244
"17224","20074.16",17224,25382129,0.56153543472269
"17225","20074.16",17225,25382676,-0.479457123194561
"17226","20074.16",17226,25385641,0.262937311087968
"17227","20074.16",17227,25389779,-0.0360339773964053
"17228","20074.16",17228,25389953,-0.886309804720982
"17229","20074.16",17229,25390290,0.107953160984246
"17230","20074.16",17230,25392564,-0.359669326828537
"17231","20074.16",17231,25393361,0.344922140082244
"17232","20074.16",17232,25394121,-0.103874433674148
"17233","20074.16",17233,25396450,0.250533160838869
"17234","20074.16",17234,25397322,-0.00980927870638126
"17235","20074.16",17235,25403305,0.417007595369097
"17236","20074.16",17236,25404226,0.410063213115735
"17237","20074.16",17237,25406822,0.66841228843258
"17238","20074.16",17238,25408265,-0.297530056976735
"17239","20074.16",17239,25409810,0.320423252407907
"17240","20074.16",17240,25410410,-0.510230924037031
"17241","20074.16",17241,25410568,-0.0406356521794429
"17242","20074.16",17242,25411472,-0.263138857520482
"17243","20074.16",17243,25412366,-0.797343972664966
"17244","20074.16",17244,25413201,0.177063634410506
"17245","20074.16",17245,25413795,1.6141982944727
"17246","20074.16",17246,25414052,-0.474632931753836
"17247","20074.16",17247,25414309,-0.418155024222543
"17248","20074.16",17248,25415007,-0.533172946097877
"17249","20074.16",17249,25422293,0.785660715701538
"17250","20074.16",17250,25422944,-0.000348677994027824
"17251","20074.16",17251,25425261,-0.292195760547041
"17252","20074.16",17252,25425920,-0.117205267628086
"17253","20074.16",17253,25427895,0.359072011053173
"17254","20074.16",17254,25432155,0.160386313445629
"17255","20074.16",17255,25432974,0.470642501530699
"17256","20074.16",17256,25432999,0.201350348552043
"17257","20074.16",17257,25433163,0.146897796317094
"17258","20074.16",17258,25435172,0.103743555096877
"17259","20074.16",17259,25435461,-0.619750462296123
"17260","20074.16",17260,25437499,-0.0234955346416887
"17261","20074.16",17261,25438088,0.0734542850201985
"17262","20074.16",17262,25439071,1.01157712554378
"17263","20074.16",17263,25439153,0.0460746323562837
"17264","20074.16",17264,25439347,-0.440143738230422
"17265","20074.16",17265,25439384,0.00772187892053733
"17266","20074.16",17266,25439429,0.0940550303227079
"17267","20074.16",17267,25440015,-0.61510224769412
"17268","20074.16",17268,25440038,0.59523035379637
"17269","20074.16",17269,25440185,0.77955467292034
"17270","20074.16",17270,25441259,0.0888483261181712
"17271","20074.16",17271,25441362,-0.23555524513107
"17272","20074.16",17272,25441385,0.489732876295231
"17273","20074.16",17273,25444667,0.217621779238149
"17274","20074.16",17274,25444709,0.384736750215372
"17275","20074.16",17275,25445588,-0.0886006864540532
"17276","20074.16",17276,25445678,-0.383062926059114
"17277","20074.16",17277,25448319,-0.296329078214651
"17278","20074.16",17278,25448382,0.372586872032664
"17279","20074.16",17279,25453433,0.345138822965697
"17280","20074.16",17280,25454785,-0.0578018667237554
"17281","20074.16",17281,25454946,-1.39422113853001
"17282","20074.16",17282,25454960,0.566183347574284
"17283","20074.16",17283,25455148,0.0116482934706905
"17284","20074.16",17284,25455530,1.13415076402505
"17285","20074.16",17285,25455552,0.381372746748153
"17286","20074.16",17286,25456547,-0.0132047558075579
"17287","20074.16",17287,25457394,-0.844895297201851
"17288","20074.16",17288,25457407,0.73770107359748
"17289","20074.16",17289,25458255,-0.79828008317217
"17290","20074.16",17290,25459186,-0.507042645262598
"17291","20074.16",17291,25459479,-0.207853369574513
"17292","20074.16",17292,25460052,-0.535787095220677
"17293","20074.16",17293,25462123,-0.975033092256763
"17294","20074.16",17294,25464866,0.160642358558096
"17295","20074.16",17295,25469105,-0.0774714222842627
"17296","20074.16",17296,25470134,-0.0219149057112533
"17297","20074.16",17297,25470286,0.0823301870531097
"17298","20074.16",17298,25470611,-0.37606583450564
"17299","20074.16",17299,25472529,-0.316862326567888
"17300","20074.16",17300,25472855,0.74091374290778
"17301","20074.16",17301,25473241,-0.554262557779298
"17302","20074.16",17302,25473400,0.0627946251998814
"17303","20074.16",17303,25473847,-0.0930751971807906
"17304","20074.16",17304,25474112,-0.175083630276522
"17305","20074.16",17305,25475557,0.227144570455399
"17306","20074.16",17306,25476481,-1.3409177367487
"17307","20074.16",17307,25477136,0.667516263805164
"17308","20074.16",17308,25479857,-0.334489489265826
"17309","20074.16",17309,25480402,0.680800804798703
"17310","20074.16",17310,25481197,-1.03684321095351
"17311","20074.16",17311,25483334,-1.34556874928011
"17312","20074.16",17312,25485269,0.19984005822185
"17313","20074.16",17313,25485756,-0.515324372064165
"17314","20074.16",17314,25487909,-1.01770480497398
"17315","20074.16",17315,25488449,-0.160447551683198
"17316","20074.16",17316,25488878,0.53927349527915
"17317","20074.16",17317,25488890,-0.0530879245599269
"17318","20074.16",17318,25489777,0.253187321643554
"17319","20074.16",17319,25490185,0.836659983673388
"17320","20074.16",17320,25491564,0.029091554862652
"17321","20074.16",17321,25493282,-0.407943144635174
"17322","20074.16",17322,25494345,-0.535437461331501
"17323","20074.16",17323,25498341,0.46170144005633
"17324","20074.16",17324,25500329,0.249138804923283
"17325","20074.16",17325,25506160,-0.334921079647255
"17326","20074.16",17326,25506181,0.125990866953029
"17327","20074.16",17327,25506521,-0.355137757639645
"17328","20074.16",17328,25506582,0.820777133625557
"17329","20074.16",17329,25506954,-0.0586583925922772
"17330","20074.16",17330,25507013,-1.14726986540161
"17331","20074.16",17331,25507034,0.0763796331430804
"17332","20074.16",17332,25507315,0.443191195377206
"17333","20074.16",17333,25507438,-0.338637602906074
"17334","20074.16",17334,25508518,-0.0200454361045432
"17335","20074.16",17335,25509282,0.416902326706194
"17336","20074.16",17336,25509518,0.812450423071517
"17337","20074.16",17337,25509605,1.07627573609764
"17338","20074.16",17338,25509829,-0.0484837588671123
"17339","20074.16",17339,25510356,0.13976993958993
"17340","20074.16",17340,25510461,-0.183035612352597
"17341","20074.16",17341,25511811,0.240403002574992
"17342","20074.16",17342,25512257,-0.421733668559926
"17343","20074.16",17343,25513312,-0.971141295362946
"17344","20074.16",17344,25516699,-0.911055624437586
"17345","20074.16",17345,25517231,-0.366638169838733
"17346","20074.16",17346,25517355,-0.371143617450541
"17347","20074.16",17347,25520007,0.712970880467366
"17348","20074.16",17348,25521231,0.146744322083939
"17349","20074.16",17349,25521676,-0.372545281407929
"17350","20074.16",17350,25523599,0.289630476105853
"17351","20074.16",17351,25523871,0.130468235687601
"17352","20074.16",17352,25527371,-1.78469455409941
"17353","20074.16",17353,25528019,-0.194606033477647
"17354","20074.16",17354,25531972,-0.0708821041144665
"17355","20074.16",17355,25532293,0.989859656514828
"17356","20074.16",17356,25532322,0.688209881361936
"17357","20074.16",17357,25535850,-0.164100624632659
"17358","20074.16",17358,25538848,0.325118525722275
"17359","20074.16",17359,25540482,-0.0192344406430118
"17360","20074.16",17360,25540658,-0.126186909223865
"17361","20074.16",17361,25544372,0.536496670377043
"17362","20074.16",17362,25544451,0.211474329839789
"17363","20074.16",17363,25544514,-0.132747206233525
"17364","20074.16",17364,25548708,-0.132783385168495
"17365","20074.16",17365,25548877,0.639743719892574
"17366","20074.16",17366,25548933,0.77296552233006
"17367","20074.16",17367,25548973,0.417802759957755
"17368","20074.16",17368,25550064,-0.176000152942986
"17369","20074.16",17369,25550826,0.441308487454367
"17370","20074.16",17370,25550836,0.445779041937421
"17371","20074.16",17371,25550990,0.81254220012428
"17372","20074.16",17372,25551634,0.995090289934022
"17373","20074.16",17373,25551885,0.540813681935117
"17374","20074.16",17374,25553731,0.560644342890666
"17375","20074.16",17375,25554548,0.431419619709589
"17376","20074.16",17376,25554630,0.0202383266949058
"17377","20074.16",17377,25555872,-1.20664507592454
"17378","20074.16",17378,25557168,-0.498160074399588
"17379","20074.16",17379,25557517,-0.490368017886513
"17380","20074.16",17380,25564890,-0.0553846458554688
"17381","20074.16",17381,25565474,0.178609655867344
"17382","20074.16",17382,25573202,0.872076593090733
"17383","20074.16",17383,25573542,0.328098716144313
"17384","20074.16",17384,25574869,-0.200755366276657
"17385","20074.16",17385,25576340,-1.01564996220189
"17386","20074.16",17386,25580551,-0.588950942554938
"17387","20074.16",17387,25581272,-0.975777542153567
"17388","20074.16",17388,25583113,0.54117840225221
"17389","20074.16",17389,25586102,0.742621974946155
"17390","20074.16",17390,25586342,-0.623041835112269
"17391","20074.16",17391,25587382,-0.357811366063993
"17392","20074.16",17392,25589840,-0.689378040309943
"17393","20074.16",17393,25592707,-0.57787587943208
"17394","20074.16",17394,25596637,-0.412205905405359
"17395","20074.16",17395,25598007,-0.56215219803507
"17396","20074.16",17396,25598095,-1.19723119645152
"17397","20074.16",17397,25598605,-0.382240984416516
"17398","20074.16",17398,25598800,-0.678452448481424
"17399","20074.16",17399,25599870,-0.244765920135104
"17400","20074.16",17400,25600697,-0.524483904293497
"17401","20074.16",17401,25601182,0.580694964668777
"17402","20074.16",17402,25602033,-0.0038340174611653
"17403","20074.16",17403,25602388,-0.410605231885333
"17404","20074.16",17404,25603151,-0.235319562562303
"17405","20074.16",17405,25605799,0.158379065968162
"17406","20074.16",17406,25606022,0.0867254579067174
"17407","20074.16",17407,25606221,-0.795798696669986
"17408","20074.16",17408,25607731,0.385849120692156
"17409","20074.16",17409,25612772,0.0713923934505409
"17410","20074.16",17410,25613117,-0.741014752472942
"17411","20074.16",17411,25618569,0.10381598889763
"17412","20074.16",17412,25620010,-0.63624340806807
"17413","20074.16",17413,25625166,0.806324301503772
"17414","20074.16",17414,25625634,0.620946376983604
"17415","20074.16",17415,25625940,-0.199258504163335
"17416","20074.16",17416,25626001,-0.402006038899716
"17417","20074.16",17417,25626276,0.382161143021157
"17418","20074.16",17418,25627387,0.270552484686893
"17419","20074.16",17419,25629329,0.133698973158363
"17420","20074.16",17420,25629359,0.495030323904946
"17421","20074.16",17421,25632039,-0.76787544326189
"17422","20074.16",17422,25632107,-0.0708396180158823
"17423","20074.16",17423,25632118,-0.0965453418428206
"17424","20074.16",17424,25633557,0.896441179301267
"17425","20074.16",17425,25634816,0.114220550528017
"17426","20074.16",17426,25637347,-0.902447071208504
"17427","20074.16",17427,25638227,-0.263589735285437
"17428","20074.16",17428,25638458,-0.50761597302893
"17429","20074.16",17429,25641364,0.391073332803258
"17430","20074.16",17430,25641550,-0.111043774452597
"17431","20074.16",17431,25642223,-0.782472123545771
"17432","20074.16",17432,25644238,0.759966977991032
"17433","20074.16",17433,25644834,-0.106627915942082
"17434","20074.16",17434,25647408,0.776015700004906
"17435","20074.16",17435,25647487,-0.346448635159215
"17436","20074.16",17436,25647567,-0.0215540905320877
"17437","20074.16",17437,25648435,0.0759268028122886
"17438","20074.16",17438,25650071,0.531797733320546
"17439","20074.16",17439,25650241,0.151821153786797
"17440","20074.16",17440,25652200,-0.162408195885067
"17441","20074.16",17441,25652592,0.542081738139207
"17442","20074.16",17442,25653184,-0.123438242577614
"17443","20074.16",17443,25656494,-0.703650847621637
"17444","20074.16",17444,25656531,-0.538531363076402
"17445","20074.16",17445,25656572,-1.67907336275801
"17446","20074.16",17446,25657676,-0.513305836087611
"17447","20074.16",17447,25658104,0.174943851041795
"17448","20074.16",17448,25663013,1.06643243319553
"17449","20074.16",17449,25663127,-0.472778857519712
"17450","20074.16",17450,25664061,-0.0418640587791144
"17451","20074.16",17451,25667453,0.832540338799647
"17452","20074.16",17452,25667914,-0.420468041880004
"17453","20074.16",17453,25668649,-0.698669227406912
"17454","20074.16",17454,25670374,0.746332603857844
"17455","20074.16",17455,25674306,-0.321650727665237
"17456","20074.16",17456,25679797,0.195266055562357
"17457","20074.16",17457,25681070,0.235850969481814
"17458","20074.16",17458,25681490,-1.25135058296462
"17459","20074.16",17459,25682135,0.449998508072906
"17460","20074.16",17460,25682218,-0.179589690549762
"17461","20074.16",17461,25682287,-0.14505459682281
"17462","20074.16",17462,25682858,1.68402684358372
"17463","20074.16",17463,25683133,0.525022238973249
"17464","20074.16",17464,25683206,0.266907572631664
"17465","20074.16",17465,25683262,0.221821578768465
"17466","20074.16",17466,25683312,0.825443435192455
"17467","20074.16",17467,25685188,-0.772039394777304
"17468","20074.16",17468,25688023,-0.380011499671129
"17469","20074.16",17469,25688339,0.506739803167869
"17470","20074.16",17470,25691321,-1.17956702584508
"17471","20074.16",17471,25692139,-0.384498467371949
"17472","20074.16",17472,25695734,-0.353114774060821
"17473","20074.16",17473,25696419,0.0390887491610661
"17474","20074.16",17474,25698787,1.0349728217618
"17475","20074.16",17475,25699179,0.296522256969443
"17476","20074.16",17476,25700946,0.165107880483434
"17477","20074.16",17477,25701041,-0.0736996073493312
"17478","20074.16",17478,25704969,-0.228728679402253
"17479","20074.16",17479,25706957,-1.18441868834816
"17480","20074.16",17480,25707092,0.149574734387825
"17481","20074.16",17481,25708063,0.397033128777866
"17482","20074.16",17482,25709715,-1.15196116396875
"17483","20074.16",17483,25710843,-0.192386839134272
"17484","20074.16",17484,25718183,-0.249454279405493
"17485","20074.16",17485,25718832,-0.682136299386702
"17486","20074.16",17486,25719070,0.385851530032
"17487","20074.16",17487,25719387,-1.17345167028031
"17488","20074.16",17488,25720836,0.075202599962437
"17489","20074.16",17489,25724293,0.0806908805845339
"17490","20074.16",17490,25724922,-0.0150556606297263
"17491","20074.16",17491,25724979,0.0556541871037082
"17492","20074.16",17492,25725300,-0.785523966002883
"17493","20074.16",17493,25727843,-0.0762036302004319
"17494","20074.16",17494,25728017,-0.0756375920062089
"17495","20074.16",17495,25729368,-0.08080405249535
"17496","20074.16",17496,25729652,0.750638982158605
"17497","20074.16",17497,25736841,-0.686140179977683
"17498","20074.16",17498,25737244,-0.244344654192565
"17499","20074.16",17499,25737272,-0.629483691356439
"17500","20074.16",17500,25737343,-0.288288945868285
"17501","20074.16",17501,25737440,-0.131021451478245
"17502","20074.16",17502,25737489,1.05499645036838
"17503","20074.16",17503,25738441,0.108940982845525
"17504","20074.16",17504,25739073,-0.56636749281616
"17505","20074.16",17505,25739277,-0.234913164937798
"17506","20074.16",17506,25742523,-0.141527374842163
"17507","20074.16",17507,25742551,0.28139809396477
"17508","20074.16",17508,25742601,1.38398924232256
"17509","20074.16",17509,25744181,0.323207873507484
"17510","20074.16",17510,25744279,0.191668421587333
"17511","20074.16",17511,25744860,0.716634124569539
"17512","20074.16",17512,25745900,0.526505354639473
"17513","20074.16",17513,25745999,-2.22575342756666
"17514","20074.16",17514,25747595,-0.831172818142612
"17515","20074.16",17515,25747813,-0.302153724650438
"17516","20074.16",17516,25749186,0.23484397987445
"17517","20074.16",17517,25753078,-1.05927914050946
"17518","20074.16",17518,25753981,-0.096371414320788
"17519","20074.16",17519,25754096,0.310191151388552
"17520","20074.16",17520,25754322,0.226494186771284
"17521","20074.16",17521,25754511,0.0193097342439223
"17522","20074.16",17522,25754982,-0.010642481783119
"17523","20074.16",17523,25758614,-0.0984588005724927
"17524","20074.16",17524,25758886,-0.460756230600837
"17525","20074.16",17525,25758957,0.422056182339021
"17526","20074.16",17526,25759028,-0.0185202644197249
"17527","20074.16",17527,25760029,-0.269897121905649
"17528","20074.16",17528,25761064,-0.338866884572175
"17529","20074.16",17529,25761510,0.755891100720683
"17530","20074.16",17530,25762502,0.0339877978046621
"17531","20074.16",17531,25762525,0.724423183236133
"17532","20074.16",17532,25767524,0.609587846350357
"17533","20074.16",17533,25767561,0.409675701998352
"17534","20074.16",17534,25768332,0.765965587650848
"17535","20074.16",17535,25769164,0.0744623363508232
"17536","20074.16",17536,25772507,0.146667078362575
"17537","20074.16",17537,25772545,0.575071067631403
"17538","20074.16",17538,25772787,-0.564618684679552
"17539","20074.16",17539,25772788,-0.483202700170426
"17540","20074.16",17540,25772803,-0.0232869209770694
"17541","20074.16",17541,25773204,-0.452117101343656
"17542","20074.16",17542,25774426,-1.03221571108512
"17543","20074.16",17543,25774781,-1.00928910284296
"17544","20074.16",17544,25775102,0.55767108386515
"17545","20074.16",17545,25775286,0.10241067606556
"17546","20074.16",17546,25775383,-0.0483033393738248
"17547","20074.16",17547,25775680,0.788940960225472
"17548","20074.16",17548,25779674,-0.339301747469863
"17549","20074.16",17549,25782640,0.452883548098288
"17550","20074.16",17550,25784263,-0.533391932145324
"17551","20074.16",17551,25784263,-0.155325303557057
"17552","20074.16",17552,25784920,-0.0615439137092206
"17553","20074.16",17553,25785149,0.272232107544919
"17554","20074.16",17554,25786481,-0.139412619779668
"17555","20074.16",17555,25786611,-0.207238754468701
"17556","20074.16",17556,25786734,0.30855146733565
"17557","20074.16",17557,25786876,-0.0303967439638875
"17558","20074.16",17558,25787111,-0.470120317145907
"17559","20074.16",17559,25790848,0.614175427477604
"17560","20074.16",17560,25791999,0.354857443784982
"17561","20074.16",17561,25792311,-0.0577111702605775
"17562","20074.16",17562,25795693,-0.378900271202038
"17563","20074.16",17563,25797077,-0.208829164255906
"17564","20074.16",17564,25797927,0.284481226258905
"17565","20074.16",17565,25799312,-0.793293814007573
"17566","20074.16",17566,25800441,-0.0288955313275219
"17567","20074.16",17567,25803978,-0.609545220293485
"17568","20074.16",17568,25804484,-0.616881240183766
"17569","20074.16",17569,25807868,0.633346978453891
"17570","20074.16",17570,25808062,-1.14588209250833
"17571","20074.16",17571,25808172,-0.259232161955317
"17572","20074.16",17572,25808220,-0.908121715189065
"17573","20074.16",17573,25808426,-0.0589641878909957
"17574","20074.16",17574,25808621,-0.216152641056713
"17575","20074.16",17575,25809702,0.592203053621021
"17576","20074.16",17576,25810391,-0.181650677737569
"17577","20074.16",17577,25810406,-0.677853666469224
"17578","20074.16",17578,25810617,-0.6277131910904
"17579","20074.16",17579,25810900,0.0110350780905444
"17580","20074.16",17580,25815665,-0.486806451865663
"17581","20074.16",17581,25816902,-0.530448911807452
"17582","20074.16",17582,25817122,0.355083210504731
"17583","20074.16",17583,25822664,-0.36524918496185
"17584","20074.16",17584,25823382,-0.2403164330647
"17585","20074.16",17585,25823551,-0.435257762279226
"17586","20074.16",17586,25824330,-0.0228222968277514
"17587","20074.16",17587,25827071,-0.278830352068529
"17588","20074.16",17588,25827658,0.0962747182953914
"17589","20074.16",17589,25828576,-0.438295346153582
"17590","20074.16",17590,25828878,-0.0939320019414138
"17591","20074.16",17591,25828907,0.162827255553731
"17592","20074.16",17592,25830072,-0.845425364779982
"17593","20074.16",17593,25835289,0.232515145391982
"17594","20074.16",17594,25836520,-0.0933624046984907
"17595","20074.16",17595,25837576,-0.222280450505817
"17596","20074.16",17596,25840449,-0.0372547908469043
"17597","20074.16",17597,25843012,-0.266144154806165
"17598","20074.16",17598,25843431,1.03163004515527
"17599","20074.16",17599,25843481,-0.00306381005684919
"17600","20074.16",17600,25845823,0.210977951610411
"17601","20074.16",17601,25846617,0.14784322799064
"17602","20074.16",17602,25847633,0.350024742689125
"17603","20074.16",17603,25848961,-0.569598510719689
"17604","20074.16",17604,25849321,0.578113307015921
"17605","20074.16",17605,25849453,0.326595563118439
"17606","20074.16",17606,25849559,0.12449806645714
"17607","20074.16",17607,25849949,0.897992970050614
"17608","20074.16",17608,25851063,-0.0308020217015628
"17609","20074.16",17609,25851191,0.181048682032191
"17610","20074.16",17610,25851270,-0.139600677755192
"17611","20074.16",17611,25853705,-0.0445243512565474
"17612","20074.16",17612,25854504,0.875219401201037
"17613","20074.16",17613,25854518,0.191699581598044
"17614","20074.16",17614,25854739,-0.53155165681877
"17615","20074.16",17615,25855168,0.109769722795141
"17616","20074.16",17616,25856954,0.519707063819429
"17617","20074.16",17617,25858159,1.0485508258195
"17618","20074.16",17618,25858477,0.496098423726456
"17619","20074.16",17619,25858538,-0.0606361899759511
"17620","20074.16",17620,25858652,0.544807090769704
"17621","20074.16",17621,25861128,-0.762165536103842
"17622","20074.16",17622,25863117,-0.0014376860042562
"17623","20074.16",17623,25863556,0.456315870282251
"17624","20074.16",17624,25865790,-0.042992301887419
"17625","20074.16",17625,25866026,0.330792055179908
"17626","20074.16",17626,25866261,-0.481892491891652
"17627","20074.16",17627,25867450,-0.136222550073432
"17628","20074.16",17628,25867759,-0.310375456935685
"17629","20074.16",17629,25868820,0.548228911126832
"17630","20074.16",17630,25870726,0.527946485497373
"17631","20074.16",17631,25870789,-0.210933758592581
"17632","20074.16",17632,25870810,-0.41053867050664
"17633","20074.16",17633,25871324,0.475764899214119
"17634","20074.16",17634,25871386,0.252710564521816
"17635","20074.16",17635,25873818,-0.913192948509751
"17636","20074.16",17636,25873970,-0.518481194335855
"17637","20074.16",17637,25873986,0.2541770105306
"17638","20074.16",17638,25875560,0.934661075745985
"17639","20074.16",17639,25875832,-0.413906344967217
"17640","20074.16",17640,25878763,-0.394878845087499
"17641","20074.16",17641,25878840,0.549881697020935
"17642","20074.16",17642,25880076,-0.157049838647105
"17643","20074.16",17643,25880991,-0.156446337392694
"17644","20074.16",17644,25881959,1.42803764002713
"17645","20074.16",17645,25882678,-0.0333212768618587
"17646","20074.16",17646,25883197,-0.692941660558398
"17647","20074.16",17647,25886447,-0.31970611593171
"17648","20074.16",17648,25888879,0.200027754581012
"17649","20074.16",17649,25891246,0.0516716357976792
"17650","20074.16",17650,25891829,-0.793571163757862
"17651","20074.16",17651,25893039,-0.506443785516147
"17652","20074.16",17652,25893326,0.563731766599555
"17653","20074.16",17653,25893841,0.208163922230998
"17654","20074.16",17654,25893970,0.484885592836188
"17655","20074.16",17655,25894989,0.55546378649282
"17656","20074.16",17656,25895486,1.14468916358858
"17657","20074.16",17657,25900525,-0.13331017584645
"17658","20074.16",17658,25900980,0.609488461487337
"17659","20074.16",17659,25901695,0.361869309869527
"17660","20074.16",17660,25901758,0.0999534452543172
"17661","20074.16",17661,25901974,-0.419719048688382
"17662","20074.16",17662,25903164,-0.166081356374026
"17663","20074.16",17663,25903710,-0.352050930053049
"17664","20074.16",17664,25904686,0.580111446212862
"17665","20074.16",17665,25904991,1.13630296092862
"17666","20074.16",17666,25906665,-0.305557040951204
"17667","20074.16",17667,25908441,0.270733295812739
"17668","20074.16",17668,25908884,0.274680150488403
"17669","20074.16",17669,25909436,-0.203123428915569
"17670","20074.16",17670,25909454,0.191018739840649
"17671","20074.16",17671,25909571,0.947912411670454
"17672","20074.16",17672,25911171,-0.776396424148444
"17673","20074.16",17673,25911212,-0.166248027317924
"17674","20074.16",17674,25911448,0.246346916723836
"17675","20074.16",17675,25916587,1.19927205822796
"17676","20074.16",17676,25916795,0.0492975061398164
"17677","20074.16",17677,25917173,-0.250223492735227
"17678","20074.16",17678,25917721,-0.259199516655789
"17679","20074.16",17679,25919604,0.638148620279181
"17680","20074.16",17680,25920163,-0.570893786159236
"17681","20074.16",17681,25921098,0.417920190801012
"17682","20074.16",17682,25922221,0.10486403666723
"17683","20074.16",17683,25925289,0.442672426543461
"17684","20074.16",17684,25925737,0.0119791874240978
"17685","20074.16",17685,25926580,-1.4324394494764
"17686","20074.16",17686,25928987,0.101635983761492
"17687","20074.16",17687,25929605,-0.32424562119048
"17688","20074.16",17688,25929864,-0.0440073244272705
"17689","20074.16",17689,25929985,-0.84784315840129
"17690","20074.16",17690,25932733,0.602449406425719
"17691","20074.16",17691,25932799,0.467451274168034
"17692","20074.16",17692,25933372,-0.69378911548569
"17693","20074.16",17693,25933464,0.405134240619964
"17694","20074.16",17694,25934651,0.426076936459727
"17695","20074.16",17695,25934664,-0.0601384718314293
"17696","20074.16",17696,25934821,0.229091319853945
"17697","20074.16",17697,25935105,0.304642398217724
"17698","20074.16",17698,25935178,0.707672635781598
"17699","20074.16",17699,25935189,-0.186796742126083
"17700","20074.16",17700,25935479,0.379309174360318
"17701","20074.16",17701,25938143,0.085144832866102
"17702","20074.16",17702,25938847,-0.303553327089015
"17703","20074.16",17703,25939876,0.101844935657923
"17704","20074.16",17704,25941007,0.0622098273283402
"17705","20074.16",17705,25942001,-0.355455896054465
"17706","20074.16",17706,25944700,0.538524539287697
"17707","20074.16",17707,25945785,0.562456290676736
"17708","20074.16",17708,25945867,-0.700988749674027
"17709","20074.16",17709,25946132,-0.755237532653465
"17710","20074.16",17710,25947714,-0.691603441295769
"17711","20074.16",17711,25950180,0.144607394055313
"17712","20074.16",17712,25950251,-0.0674522290415389
"17713","20074.16",17713,25952153,-0.148987751797578
"17714","20074.16",17714,25952812,-0.599760053002365
"17715","20074.16",17715,25956738,0.234035001778196
"17716","20074.16",17716,25956904,0.410521038775385
"17717","20074.16",17717,25958240,0.238421725985975
"17718","20074.16",17718,25962082,-0.319604370665269
"17719","20074.16",17719,25962606,-0.220890657169774
"17720","20074.16",17720,25963105,0.296336938378704
"17721","20074.16",17721,25963420,0.409384729082265
"17722","20074.16",17722,25963445,-0.429891192675714
"17723","20074.16",17723,25964450,-0.40885184720227
"17724","20074.16",17724,25965298,-0.0622353348729225
"17725","20074.16",17725,25968462,0.518138193851835
"17726","20074.16",17726,25968721,0.358873327187756
"17727","20074.16",17727,25969633,0.92836378345335
"17728","20074.16",17728,25970032,-0.210648198949491
"17729","20074.16",17729,25970525,-0.846320118206491
"17730","20074.16",17730,25972122,0.396854967303331
"17731","20074.16",17731,25972247,0.331959825004007
"17732","20074.16",17732,25972283,0.0345476304182384
"17733","20074.16",17733,25974427,0.785534984129986
"17734","20074.16",17734,25974476,0.559113452935949
"17735","20074.16",17735,25974521,0.349981627094901
"17736","20074.16",17736,25974633,0.0866051828478493
"17737","20074.16",17737,25975977,-0.644943440201069
"17738","20074.16",17738,25978505,0.310576624220324
"17739","20074.16",17739,25980871,-0.31859018788188
"17740","20074.16",17740,25980895,0.11603402321769
"17741","20074.16",17741,25981381,0.135683968320373
"17742","20074.16",17742,25981445,0.0941083888712386
"17743","20074.16",17743,25981572,0.161205347196329
"17744","20074.16",17744,25985225,-1.53824077285208
"17745","20074.16",17745,25985528,1.01854625536795
"17746","20074.16",17746,25985624,-0.176909668629529
"17747","20074.16",17747,25986465,-0.939941432847347
"17748","20074.16",17748,25987392,-0.0353398185986515
"17749","20074.16",17749,25987493,0.0377392716383715
"17750","20074.16",17750,25988118,-0.446711059673836
"17751","20074.16",17751,25989332,1.11619885288807
"17752","20074.16",17752,25989717,0.238671197810483
"17753","20074.16",17753,25989990,0.64503854209821
"17754","20074.16",17754,25991285,0.55601200920557
"17755","20074.16",17755,25991818,0.195936220663032
"17756","20074.16",17756,25992252,0.193592809121381
"17757","20074.16",17757,25992345,0.143315931346722
"17758","20074.16",17758,25992980,-1.05436771486271
"17759","20074.16",17759,25993530,-0.37067068812845
"17760","20074.16",17760,25993681,-0.18319980018672
"17761","20074.16",17761,25994374,-0.121344582870102
"17762","20074.16",17762,25995418,0.195273009861164
"17763","20074.16",17763,25995776,0.0727468688386104
"17764","20074.16",17764,25996216,-0.792815759809242
"17765","20074.16",17765,25997443,0.84600425834079
"17766","20074.16",17766,25997610,-0.619403445683445
"17767","20074.16",17767,25997672,-0.223788273981758
"17768","20074.16",17768,25998901,0.0296954582960947
"17769","20074.16",17769,25999007,-1.96605020421933
"17770","20074.16",17770,26000346,-0.104854812946055
"17771","20074.16",17771,26000673,0.345747376323465
"17772","20074.16",17772,26000699,-0.0460328651826849
"17773","20074.16",17773,26001419,-0.585019185335321
"17774","20074.16",17774,26001518,-0.573722151499422
"17775","20074.16",17775,26002200,-0.321138583815696
"17776","20074.16",17776,26002758,0.477936653818564
"17777","20074.16",17777,26004646,0.139651905492791
"17778","20074.16",17778,26009220,-0.232865812076488
"17779","20074.16",17779,26018163,-1.38274421970915
"17780","20074.16",17780,26018612,-0.209093680479667
"17781","20074.16",17781,26018822,-0.189366839647565
"17782","20074.16",17782,26019828,0.0658461438552633
"17783","20074.16",17783,26020834,0.460379689756256
"17784","20074.16",17784,26022916,-0.354685058496277
"17785","20074.16",17785,26023525,0.376362427119019
"17786","20074.16",17786,26025494,0.304035740430078
"17787","20074.16",17787,26025584,0.035131306525793
"17788","20074.16",17788,26026178,0.00977259432293387
"17789","20074.16",17789,26026449,-0.448721133833855
"17790","20074.16",17790,26027809,0.207264002465108
"17791","20074.16",17791,26028225,0.362340432917823
"17792","20074.16",17792,26029010,-0.53182900477681
"17793","20074.16",17793,26032187,0.762871233251766
"17794","20074.16",17794,26032319,-1.41567796920547
"17795","20074.16",17795,26033787,0.478559536598074
"17796","20074.16",17796,26035673,-1.06219117614027
"17797","20074.16",17797,26035729,-0.624705268903816
"17798","20074.16",17798,26036663,0.29861852226396
"17799","20074.16",17799,26036824,-0.110045681904221
"17800","20074.16",17800,26042104,0.785488988895438
"17801","20074.16",17801,26042761,-1.43873081402359
"17802","20074.16",17802,26046802,-1.40401668658223
"17803","20074.16",17803,26047333,-0.0447619563695776
"17804","20074.16",17804,26048209,0.0328381045525994
"17805","20074.16",17805,26051294,0.0740758424945538
"17806","20074.16",17806,26052232,0.843653691013089
"17807","20074.16",17807,26052272,-0.341535495491105
"17808","20074.16",17808,26055992,-0.569248020635517
"17809","20074.16",17809,26061734,0.3519168076327
"17810","20074.16",17810,26064443,0.284250766616203
"17811","20074.16",17811,26064783,1.13405049152277
"17812","20074.16",17812,26067029,-0.0508197356629561
"17813","20074.16",17813,26069163,-0.123917021446999
"17814","20074.16",17814,26071750,-0.226460868357356
"17815","20074.16",17815,26072545,0.00533850406693137
"17816","20074.16",17816,26075425,-0.207100298837049
"17817","20074.16",17817,26075657,0.387346175311175
"17818","20074.16",17818,26077381,0.802887387009107
"17819","20074.16",17819,26079605,-0.42099933844598
"17820","20074.16",17820,26082211,-0.745294986379662
"17821","20074.16",17821,26082632,-0.162523420178776
"17822","20074.16",17822,26082896,0.249721447546718
"17823","20074.16",17823,26084574,0.690345547807989
"17824","20074.16",17824,26085081,-0.46238139660556
"17825","20074.16",17825,26085161,-0.164160194313178
"17826","20074.16",17826,26085563,0.4429436203997
"17827","20074.16",17827,26085821,0.115319887144481
"17828","20074.16",17828,26086050,0.146359998612046
"17829","20074.16",17829,26087396,-0.136971617555217
"17830","20074.16",17830,26091034,-1.0384162510655
"17831","20074.16",17831,26091436,-0.133276075539981
"17832","20074.16",17832,26091660,-0.331421341406054
"17833","20074.16",17833,26092979,0.0228481467955914
"17834","20074.16",17834,26093085,-0.747121488997235
"17835","20074.16",17835,26094599,0.562070604575566
"17836","20074.16",17836,26094836,1.08862645729263
"17837","20074.16",17837,26095300,0.0441532321039988
"17838","20074.16",17838,26095606,0.582806704843839
"17839","20074.16",17839,26096034,0.276621606194557
"17840","20074.16",17840,26096436,0.439270476942402
"17841","20074.16",17841,26098443,-0.454987943110108
"17842","20074.16",17842,26098605,0.187355106693448
"17843","20074.16",17843,26099795,1.05323645870979
"17844","20074.16",17844,26100115,0.549900346808124
"17845","20074.16",17845,26100151,-0.500988453871125
"17846","20074.16",17846,26100492,-0.418054492083144
"17847","20074.16",17847,26102044,-0.455328520537519
"17848","20074.16",17848,26102255,-1.17376714962548
"17849","20074.16",17849,26102301,-0.0151393618282869
"17850","20074.16",17850,26103068,-0.417522423805313
"17851","20074.16",17851,26114285,-0.651131625281099
"17852","20074.16",17852,26115562,-0.096135139529757
"17853","20074.16",17853,26115922,0.145209427568227
"17854","20074.16",17854,26116721,0.418348301586611
"17855","20074.16",17855,26117410,-0.58822839833728
"17856","20074.16",17856,26118169,0.629632646878506
"17857","20074.16",17857,26118784,-0.0562675582630501
"17858","20074.16",17858,26119297,-0.0265063272339603
"17859","20074.16",17859,26119814,0.74512750900739
"17860","20074.16",17860,26120148,-0.0907268764705611
"17861","20074.16",17861,26120232,0.808101948977899
"17862","20074.16",17862,26125633,0.226880738078683
"17863","20074.16",17863,26126004,-0.525725690738423
"17864","20074.16",17864,26127026,-0.152732225751898
"17865","20074.16",17865,26129783,0.232824991430619
"17866","20074.16",17866,26129846,0.199824185094428
"17867","20074.16",17867,26130767,0.121485004723549
"17868","20074.16",17868,26131207,0.0514947163555979
"17869","20074.16",17869,26131327,-0.248759738735416
"17870","20074.16",17870,26131794,-0.0985476149735636
"17871","20074.16",17871,26132002,0.414267820423034
"17872","20074.16",17872,26132095,0.16263767005256
"17873","20074.16",17873,26132278,0.187006373561525
"17874","20074.16",17874,26132379,0.620964642340135
"17875","20074.16",17875,26132438,0.767793455337745
"17876","20074.16",17876,26132643,0.519213307643239
"17877","20074.16",17877,26133103,0.830947425368646
"17878","20074.16",17878,26133945,0.177854581628325
"17879","20074.16",17879,26135122,1.34898462653084
"17880","20074.16",17880,26135608,0.0468494854522659
"17881","20074.16",17881,26135923,-0.0311282650005706
"17882","20074.16",17882,26141496,-0.00211404636795098
"17883","20074.16",17883,26141645,0.0478628454174457
"17884","20074.16",17884,26142786,-0.0830704682897574
"17885","20074.16",17885,26143232,0.0978216785083994
"17886","20074.16",17886,26147454,0.427760667168063
"17887","20074.16",17887,26147911,0.915397104105055
"17888","20074.16",17888,26148503,0.514831269730412
"17889","20074.16",17889,26149497,-0.2795468933241
"17890","20074.16",17890,26149947,0.551952751535427
"17891","20074.16",17891,26152211,-0.0753032696154321
"17892","20074.16",17892,26154187,0.152515273669021
"17893","20074.16",17893,26154569,-1.4345395842057
"17894","20074.16",17894,26157997,-0.0875003485599901
"17895","20074.16",17895,26166531,-0.545823407466849
"17896","20074.16",17896,26168017,-1.05739230501562
"17897","20074.16",17897,26170153,-0.477741959732313
"17898","20074.16",17898,26170296,0.23856390934506
"17899","20074.16",17899,26170940,0.572572424081327
"17900","20074.16",17900,26171294,0.277132829942697
"17901","20074.16",17901,26171330,0.35368093178734
"17902","20074.16",17902,26171345,-0.538625158625293
"17903","20074.16",17903,26177709,0.379001951073247
"17904","20074.16",17904,26177848,0.693802933731043
"17905","20074.16",17905,26181062,1.02916424172942
"17906","20074.16",17906,26181382,0.787359713385269
"17907","20074.16",17907,26181959,-0.310715026904748
"17908","20074.16",17908,26185025,-0.0717021139396419
"17909","20074.16",17909,26185660,-0.232674459596743
"17910","20074.16",17910,26185882,-0.795060992327127
"17911","20074.16",17911,26193476,0.188433854724411
"17912","20074.16",17912,26194033,0.453255489388289
"17913","20074.16",17913,26198195,-0.318667402071467
"17914","20074.16",17914,26200068,-0.865162990995298
"17915","20074.16",17915,26201372,-0.458572370856961
"17916","20074.16",17916,26202692,-0.205496116283795
"17917","20074.16",17917,26203613,-0.0474460523032834
"17918","20074.16",17918,26204300,0.186156816928902
"17919","20074.16",17919,26208742,0.177754398122296
"17920","20074.16",17920,26209012,0.226324025522834
"17921","20074.16",17921,26209566,0.410736536890906
"17922","20074.16",17922,26210030,0.193713897069656
"17923","20074.16",17923,26211767,0.425599956373261
"17924","20074.16",17924,26211816,-0.00686129239851319
"17925","20074.16",17925,26214282,-0.303974429113841
"17926","20074.16",17926,26214568,-0.318739043381544
"17927","20074.16",17927,26216420,-0.283546736723699
"17928","20074.16",17928,26217481,-0.930375086881523
"17929","20074.16",17929,26219583,0.144089656105072
"17930","20074.16",17930,26224299,0.0180725044880674
"17931","20074.16",17931,26224650,0.244013169906796
"17932","20074.16",17932,26225010,-0.115777249343302
"17933","20074.16",17933,26225237,-1.25459226584502
"17934","20074.16",17934,26225690,0.101172570306539
"17935","20074.16",17935,26227948,-0.579545140600977
"17936","20074.16",17936,26228287,0.89659513428275
"17937","20074.16",17937,26228458,-0.141487976208927
"17938","20074.16",17938,26228476,0.510402240698396
"17939","20074.16",17939,26228849,0.552752843472187
"17940","20074.16",17940,26239084,-0.539501276763079
"17941","20074.16",17941,26239245,-0.999246541889805
"17942","20074.16",17942,26241252,0.421015225427477
"17943","20074.16",17943,26243264,1.00331333087358
"17944","20074.16",17944,26243311,0.916040669698924
"17945","20074.16",17945,26243381,0.906162790546557
"17946","20074.16",17946,26243794,-0.0939441495052353
"17947","20074.16",17947,26249373,0.640928480369932
"17948","20074.16",17948,26249533,0.0312517526325786
"17949","20074.16",17949,26252408,-1.081045987573
"17950","20074.16",17950,26252502,-0.336322630612809
"17951","20074.16",17951,26256065,-1.44989481836797
"17952","20074.16",17952,26257077,0.440604384303483
"17953","20074.16",17953,26257751,-0.271103092565547
"17954","20074.16",17954,26258034,-0.390160283028638
"17955","20074.16",17955,26260514,-0.752109828598728
"17956","20074.16",17956,26260788,0.81988547482236
"17957","20074.16",17957,26260994,0.770492878281488
"17958","20074.16",17958,26261952,-0.0867708924419937
"17959","20074.16",17959,26263278,-0.37063481303217
"17960","20074.16",17960,26264310,0.0257796543485984
"17961","20074.16",17961,26264962,-0.475269004281231
"17962","20074.16",17962,26266196,-1.14046116558487
"17963","20074.16",17963,26266514,-0.158000677257472
"17964","20074.16",17964,26267275,0.715992051383535
"17965","20074.16",17965,26269640,-0.493354113120429
"17966","20074.16",17966,26271632,-0.576619033566057
"17967","20074.16",17967,26272161,0.00198129002519121
"17968","20074.16",17968,26274351,0.0340624520105628
"17969","20074.16",17969,26276984,0.32720272852931
"17970","20074.16",17970,26277419,0.504371454462631
"17971","20074.16",17971,26277502,0.110719251850433
"17972","20074.16",17972,26279425,-0.106609248317871
"17973","20074.16",17973,26280224,0.941496870655095
"17974","20074.16",17974,26281716,0.092533016281763
"17975","20074.16",17975,26282883,0.304357271120508
"17976","20074.16",17976,26283062,-0.262139317454401
"17977","20074.16",17977,26283092,0.476124847612403
"17978","20074.16",17978,26285294,0.82579706169989
"17979","20074.16",17979,26285501,-0.0159033126675645
"17980","20074.16",17980,26287220,-0.192900993506623
"17981","20074.16",17981,26287636,0.346670984073039
"17982","20074.16",17982,26288066,0.574293401878493
"17983","20074.16",17983,26288572,0.081378256406655
"17984","20074.16",17984,26289250,-0.0341954294667266
"17985","20074.16",17985,26289353,0.455686552266964
"17986","20074.16",17986,26291442,-0.808540477480065
"17987","20074.16",17987,26291675,0.284957366969743
"17988","20074.16",17988,26292319,-1.47471717884251
"17989","20074.16",17989,26293284,0.493598063170434
"17990","20074.16",17990,26293552,0.0455540583117342
"17991","20074.16",17991,26294486,0.481051972108145
"17992","20074.16",17992,26294588,-0.350870927984754
"17993","20074.16",17993,26296253,0.128410441639439
"17994","20074.16",17994,26296292,-0.0176594843313511
"17995","20074.16",17995,26296468,-0.149536240531583
"17996","20074.16",17996,26296959,0.470002017450219
"17997","20074.16",17997,26297062,-0.362268789538867
"17998","20074.16",17998,26297134,0.597305003470361
"17999","20074.16",17999,26300376,0.112652537064958
"18000","20074.16",18000,26300522,1.22199937982249
"18001","20074.16",18001,26301093,0.295504199882262
"18002","20074.16",18002,26301442,-0.439888696387626
"18003","20074.16",18003,26301460,0.513733934700716
"18004","20074.16",18004,26301644,-0.999563316512068
"18005","20074.16",18005,26308680,0.67578835333903
"18006","20074.16",18006,26313184,0.150824804245405
"18007","20074.16",18007,26313215,-0.667356707695774
"18008","20074.16",18008,26313547,1.03463482096463
"18009","20074.16",18009,26315733,-0.123461091582334
"18010","20074.16",18010,26316545,-0.453203155670939
"18011","20074.16",18011,26319906,0.735923885075372
"18012","20074.16",18012,26319988,0.269210770940737
"18013","20074.16",18013,26320139,0.293840395089238
"18014","20074.16",18014,26320964,-0.75816224024647
"18015","20074.16",18015,26322760,-0.190744683423429
"18016","20074.16",18016,26323305,1.21396852183464
"18017","20074.16",18017,26323436,0.386407264768668
"18018","20074.16",18018,26323703,0.788884975646629
"18019","20074.16",18019,26323868,1.23817720363162
"18020","20074.16",18020,26325295,-0.811745443827812
"18021","20074.16",18021,26326601,0.73195148871102
"18022","20074.16",18022,26327144,-0.00617797702038647
"18023","20074.16",18023,26328993,-1.17303762526025
"18024","20074.16",18024,26329832,-1.12916599993598
"18025","20074.16",18025,26331173,0.101485394085364
"18026","20074.16",18026,26332454,-0.133684331110414
"18027","20074.16",18027,26332518,-0.53925298121263
"18028","20074.16",18028,26345617,-0.356614914411531
"18029","20074.16",18029,26346742,-0.781432595007423
"18030","20074.16",18030,26347574,0.784975131058343
"18031","20074.16",18031,26347671,1.05446603071362
"18032","20074.16",18032,26347780,0.651645242095133
"18033","20074.16",18033,26353082,-0.339500723138505
"18034","20074.16",18034,26353144,-0.285902073482815
"18035","20074.16",18035,26354051,-0.759538511156781
"18036","20074.16",18036,26354107,-0.821190734267637
"18037","20074.16",18037,26355249,-0.585227594927532
"18038","20074.16",18038,26356261,0.500835692629077
"18039","20074.16",18039,26356389,-1.70002823732639
"18040","20074.16",18040,26356437,0.384587455108437
"18041","20074.16",18041,26357235,-0.146502531193589
"18042","20074.16",18042,26357434,0.325155879238316
"18043","20074.16",18043,26357720,-0.768715007323404
"18044","20074.16",18044,26357720,0.258779344568766
"18045","20074.16",18045,26357925,-0.0151206357316935
"18046","20074.16",18046,26358132,-0.0938559774902066
"18047","20074.16",18047,26358560,-0.86767682640353
"18048","20074.16",18048,26359120,0.442194299121598
"18049","20074.16",18049,26360347,0.246100654580046
"18050","20074.16",18050,26361719,0.419087255122808
"18051","20074.16",18051,26362166,-0.94434799371464
"18052","20074.16",18052,26364931,0.260207499410899
"18053","20074.16",18053,26364972,-0.0647134214414278
"18054","20074.16",18054,26366438,0.545759998820528
"18055","20074.16",18055,26367617,-0.574612209602248
"18056","20074.16",18056,26375649,-0.162914648952339
"18057","20074.16",18057,26375916,0.0511721014670794
"18058","20074.16",18058,26375970,0.241981689493323
"18059","20074.16",18059,26379361,-0.172086655556057
"18060","20074.16",18060,26379499,0.667408147141484
"18061","20074.16",18061,26379906,-0.498141032688791
"18062","20074.16",18062,26383351,-0.250154621479155
"18063","20074.16",18063,26386963,-0.531440361426008
"18064","20074.16",18064,26388521,-0.314920969583472
"18065","20074.16",18065,26389543,-0.0754159257547382
"18066","20074.16",18066,26391820,0.602071103511068
"18067","20074.16",18067,26391894,0.476575999420095
"18068","20074.16",18068,26392436,-0.184363372936962
"18069","20074.16",18069,26392865,-0.284095399541298
"18070","20074.16",18070,26397615,-0.0841932503742626
"18071","20074.16",18071,26397743,-0.676785027815898
"18072","20074.16",18072,26398622,0.444919113097145
"18073","20074.16",18073,26399778,-0.605559118341406
"18074","20074.16",18074,26403559,-0.171359730016167
"18075","20074.16",18075,26403703,-0.194945367024324
"18076","20074.16",18076,26404470,0.337281569526463
"18077","20074.16",18077,26404819,-1.32861654126168
"18078","20074.16",18078,26405197,-0.544188778694024
"18079","20074.16",18079,26407559,-0.202852537583886
"18080","20074.16",18080,26408665,0.166284318073544
"18081","20074.16",18081,26408981,0.246795426615489
"18082","20074.16",18082,26410863,-0.279461913396393
"18083","20074.16",18083,26411244,-0.362574786323625
"18084","20074.16",18084,26411308,0.0262062312700175
"18085","20074.16",18085,26411567,-0.333764326202072
"18086","20074.16",18086,26413264,0.325045387754067
"18087","20074.16",18087,26420281,0.58215746118653
"18088","20074.16",18088,26423279,-0.260932850548621
"18089","20074.16",18089,26423355,0.0929787018145154
"18090","20074.16",18090,26425467,-0.543668958639943
"18091","20074.16",18091,26427647,-1.00424915488992
"18092","20074.16",18092,26428317,-0.520683611969308
"18093","20074.16",18093,26432484,0.394093889003366
"18094","20074.16",18094,26433769,-0.187367041146455
"18095","20074.16",18095,26436413,-1.07610227044202
"18096","20074.16",18096,26437339,-0.331379234705528
"18097","20074.16",18097,26438121,-0.564768357594196
"18098","20074.16",18098,26441393,-1.94337680220831
"18099","20074.16",18099,26443242,-0.969658027151111
"18100","20074.16",18100,26446574,-0.378327542427505
"18101","20074.16",18101,26449930,-0.180976837319601
"18102","20074.16",18102,26450794,0.487097621347098
"18103","20074.16",18103,26451035,0.130506008848831
"18104","20074.16",18104,26451443,0.227838048846495
"18105","20074.16",18105,26451599,-0.274269727449088
"18106","20074.16",18106,26452930,-0.0125328742161246
"18107","20074.16",18107,26453440,0.73617194470135
"18108","20074.16",18108,26454324,0.851050229195208
"18109","20074.16",18109,26454551,0.0132396907917824
"18110","20074.16",18110,26454601,-0.0951141962941646
"18111","20074.16",18111,26454742,0.670454895268416
"18112","20074.16",18112,26454785,-0.715466298005775
"18113","20074.16",18113,26457089,0.250608201233766
"18114","20074.16",18114,26457612,0.220414151372447
"18115","20074.16",18115,26457987,-0.11215247634274
"18116","20074.16",18116,26458879,0.353856402877759
"18117","20074.16",18117,26459773,-0.129051377622071
"18118","20074.16",18118,26459921,0.67316606026561
"18119","20074.16",18119,26462222,-0.770462399228372
"18120","20074.16",18120,26465079,0.194441417630797
"18121","20074.16",18121,26466019,-0.796221757684533
"18122","20074.16",18122,26467413,0.288806461778957
"18123","20074.16",18123,26467893,0.173080095418979
"18124","20074.16",18124,26471584,0.670515450894144
"18125","20074.16",18125,26472604,-0.0808496952889302
"18126","20074.16",18126,26473352,-0.100726342404655
"18127","20074.16",18127,26474103,0.886141300072912
"18128","20074.16",18128,26474210,0.79214702104289
"18129","20074.16",18129,26474537,-0.119339435504203
"18130","20074.16",18130,26474984,0.552157357395207
"18131","20074.16",18131,26496167,-0.225729455884037
"18132","20074.16",18132,26496456,-0.827634163315006
"18133","20074.16",18133,26498693,0.0255582651739079
"18134","20074.16",18134,26499361,-0.60488756695471
"18135","20074.16",18135,26499458,-0.109391096627408
"18136","20074.16",18136,26501670,0.362012076249328
"18137","20074.16",18137,26502335,-0.758149026576737
"18138","20074.16",18138,26502392,-0.42967083669032
"18139","20074.16",18139,26502518,0.7336004208062
"18140","20074.16",18140,26502690,-0.14135129810294
"18141","20074.16",18141,26502985,-0.87421131257652
"18142","20074.16",18142,26504781,-0.470267016160413
"18143","20074.16",18143,26506529,0.0347020047522175
"18144","20074.16",18144,26506586,0.419096914334857
"18145","20074.16",18145,26506961,-0.530947091299489
"18146","20074.16",18146,26507186,0.573146733429827
"18147","20074.16",18147,26507611,0.156384322945943
"18148","20074.16",18148,26507882,0.0512009033559666
"18149","20074.16",18149,26508110,0.648881219931162
"18150","20074.16",18150,26509961,1.02483628937198
"18151","20074.16",18151,26510514,-0.374177311681337
"18152","20074.16",18152,26510848,-1.2447368269334
"18153","20074.16",18153,26511457,-0.399121417347781
"18154","20074.16",18154,26511546,-0.155298622836881
"18155","20074.16",18155,26515072,0.131944710740372
"18156","20074.16",18156,26516376,0.583321059758872
"18157","20074.16",18157,26517711,0.114219217449849
"18158","20074.16",18158,26519239,-0.669785819422816
"18159","20074.16",18159,26519394,0.211412918119092
"18160","20074.16",18160,26520078,0.76075573795944
"18161","20074.16",18161,26520444,-0.656671684656925
"18162","20074.16",18162,26522275,-0.625272410415795
"18163","20074.16",18163,26523048,-0.529970274862278
"18164","20074.16",18164,26523494,0.320659375403303
"18165","20074.16",18165,26524668,0.106597215779979
"18166","20074.16",18166,26524948,-0.100644936273293
"18167","20074.16",18167,26526350,-0.159151248669861
"18168","20074.16",18168,26527271,0.186113538566349
"18169","20074.16",18169,26527531,-0.5779232882672
"18170","20074.16",18170,26528024,0.432102612463102
"18171","20074.16",18171,26528099,0.600843491922192
"18172","20074.16",18172,26528582,0.46799398279643
"18173","20074.16",18173,26529412,0.133239348376996
"18174","20074.16",18174,26529439,-0.241008881142266
"18175","20074.16",18175,26529865,-0.287004053658789
"18176","20074.16",18176,26530620,0.188200887350161
"18177","20074.16",18177,26532224,-0.136843535413262
"18178","20074.16",18178,26532478,-0.718698003021119
"18179","20074.16",18179,26532772,-0.619046558336857
"18180","20074.16",18180,26535739,-1.29971748729815
"18181","20074.16",18181,26536797,0.726644986308195
"18182","20074.16",18182,26537182,0.430044651103214
"18183","20074.16",18183,26539716,-0.150754450523026
"18184","20074.16",18184,26540822,-0.334765559143507
"18185","20074.16",18185,26541376,0.271357788920795
"18186","20074.16",18186,26541622,-0.311533497339777
"18187","20074.16",18187,26542095,-0.0901121907345175
"18188","20074.16",18188,26542295,-0.611708312229458
"18189","20074.16",18189,26544049,0.206415547272291
"18190","20074.16",18190,26544612,-0.645340300710868
"18191","20074.16",18191,26544737,0.0170900623823771
"18192","20074.16",18192,26549020,-0.44742845571665
"18193","20074.16",18193,26552192,-0.364069122667672
"18194","20074.16",18194,26552308,0.215819754796986
"18195","20074.16",18195,26552379,0.496092262183033
"18196","20074.16",18196,26552556,-0.12436953294546
"18197","20074.16",18197,26552582,-0.179235912891675
"18198","20074.16",18198,26554888,-0.407408663239968
"18199","20074.16",18199,26556103,0.440978887143669
"18200","20074.16",18200,26556447,1.45089068369049
"18201","20074.16",18201,26556886,0.118836003873706
"18202","20074.16",18202,26560301,1.00451602416252
"18203","20074.16",18203,26560448,0.0955342183614727
"18204","20074.16",18204,26561371,0.302215891203713
"18205","20074.16",18205,26561878,0.748267696294826
"18206","20074.16",18206,26563303,-0.195116971176674
"18207","20074.16",18207,26563363,0.424966159745167
"18208","20074.16",18208,26563388,0.127005412864125
"18209","20074.16",18209,26563607,0.4460333232104
"18210","20074.16",18210,26563979,-0.304805525153382
"18211","20074.16",18211,26564567,-0.916586833485546
"18212","20074.16",18212,26565163,0.530094758727476
"18213","20074.16",18213,26565887,0.198702708991632
"18214","20074.16",18214,26566043,0.129489533478583
"18215","20074.16",18215,26566076,0.268630531955602
"18216","20074.16",18216,26566789,0.800170355202256
"18217","20074.16",18217,26567233,0.404143232469253
"18218","20074.16",18218,26567259,-0.645624287744144
"18219","20074.16",18219,26567367,0.57729843009711
"18220","20074.16",18220,26567528,0.854087921134467
"18221","20074.16",18221,26569559,0.229724950932251
"18222","20074.16",18222,26569840,-0.488173205570318
"18223","20074.16",18223,26570650,-0.521192623683506
"18224","20074.16",18224,26574507,-1.20276169647633
"18225","20074.16",18225,26575661,-0.587053168394793
"18226","20074.16",18226,26576256,-0.300285652825725
"18227","20074.16",18227,26576911,-0.336865395283014
"18228","20074.16",18228,26577079,0.37195461555977
"18229","20074.16",18229,26577302,0.625665627183957
"18230","20074.16",18230,26578210,0.461072191487477
"18231","20074.16",18231,26580425,-1.23140927784484
"18232","20074.16",18232,26581131,0.323216495895696
"18233","20074.16",18233,26581267,-0.0350069367188244
"18234","20074.16",18234,26584095,0.498744920131069
"18235","20074.16",18235,26584164,-1.49869022418214
"18236","20074.16",18236,26584816,-0.0120902888716579
"18237","20074.16",18237,26585757,-0.169134839492425
"18238","20074.16",18238,26587493,0.684397899005577
"18239","20074.16",18239,26587673,-0.605480029064944
"18240","20074.16",18240,26587871,-0.0176539652781997
"18241","20074.16",18241,26588727,0.147625989348533
"18242","20074.16",18242,26589156,0.363334327410626
"18243","20074.16",18243,26589351,-0.752231212458212
"18244","20074.16",18244,26591073,0.659572622044865
"18245","20074.16",18245,26591334,0.740913844670303
"18246","20074.16",18246,26595380,-0.911058916146901
"18247","20074.16",18247,26595394,0.425823888116857
"18248","20074.16",18248,26595579,0.192576950553878
"18249","20074.16",18249,26595957,-0.441991368255348
"18250","20074.16",18250,26596173,0.158998107165572
"18251","20074.16",18251,26596550,-1.1308045343083
"18252","20074.16",18252,26597702,-0.162737027090525
"18253","20074.16",18253,26600350,0.476705760015425
"18254","20074.16",18254,26601002,-0.0360133509965426
"18255","20074.16",18255,26603412,0.193507947352603
"18256","20074.16",18256,26604008,-0.6827867528409
"18257","20074.16",18257,26604556,0.339924731972036
"18258","20074.16",18258,26604653,-1.04422158335539
"18259","20074.16",18259,26608879,-0.51249020926659
"18260","20074.16",18260,26610797,-0.0534947131569474
"18261","20074.16",18261,26613626,0.0648789840558566
"18262","20074.16",18262,26614468,0.364239823985899
"18263","20074.16",18263,26615439,-0.0377807525660465
"18264","20074.16",18264,26616685,-0.47924680715774
"18265","20074.16",18265,26617645,-0.585407142538566
"18266","20074.16",18266,26617705,-0.255006881246362
"18267","20074.16",18267,26618839,-0.372645183303359
"18268","20074.16",18268,26621916,-0.416293188134931
"18269","20074.16",18269,26622169,1.08194839177481
"18270","20074.16",18270,26622260,0.395579350549066
"18271","20074.16",18271,26622585,0.563474759990743
"18272","20074.16",18272,26623674,-0.40011672999929
"18273","20074.16",18273,26623977,0.174631745182246
"18274","20074.16",18274,26626758,-0.657491742479231
"18275","20074.16",18275,26627857,0.0776149413843763
"18276","20074.16",18276,26628322,-0.352784255600508
"18277","20074.16",18277,26630385,-0.167574419077
"18278","20074.16",18278,26635500,-0.597115705026838
"18279","20074.16",18279,26636012,-0.689647158680896
"18280","20074.16",18280,26636053,-0.510045108437038
"18281","20074.16",18281,26638257,1.1462855982706
"18282","20074.16",18282,26638347,-0.0750465144515191
"18283","20074.16",18283,26639346,-1.00208822264101
"18284","20074.16",18284,26639714,-0.885873791650668
"18285","20074.16",18285,26640406,0.219665050336567
"18286","20074.16",18286,26640761,0.306534927806607
"18287","20074.16",18287,26640931,-0.362387852139098
"18288","20074.16",18288,26641023,-1.08625841440399
"18289","20074.16",18289,26641270,-0.619905048012663
"18290","20074.16",18290,26642459,0.0633721483807479
"18291","20074.16",18291,26643223,-1.54400060361959
"18292","20074.16",18292,26643950,-0.261991772421201
"18293","20074.16",18293,26644493,-0.0255215196711278
"18294","20074.16",18294,26645979,0.813788257176992
"18295","20074.16",18295,26646032,0.611480724327795
"18296","20074.16",18296,26646128,-0.647733834693627
"18297","20074.16",18297,26646376,0.580543209510908
"18298","20074.16",18298,26646417,0.241658405881151
"18299","20074.16",18299,26647106,-0.876844580151462
"18300","20074.16",18300,26649471,0.166667277781241
"18301","20074.16",18301,26650184,-0.460507652151214
"18302","20074.16",18302,26653776,-1.22420289821537
"18303","20074.16",18303,26655135,0.120782130779269
"18304","20074.16",18304,26656446,-0.793454663717276
"18305","20074.16",18305,26661919,0.626088622802722
"18306","20074.16",18306,26662607,0.266214075723362
"18307","20074.16",18307,26669054,0.248135719582007
"18308","20074.16",18308,26670319,-0.752292181701603
"18309","20074.16",18309,26671163,-0.434616429118054
"18310","20074.16",18310,26671913,0.0947219435614102
"18311","20074.16",18311,26672115,0.157250384671857
"18312","20074.16",18312,26674387,0.634232991364645
"18313","20074.16",18313,26677301,-0.491322450617876
"18314","20074.16",18314,26679561,0.470364179179211
"18315","20074.16",18315,26680177,0.553079542977831
"18316","20074.16",18316,26681464,0.261267669633832
"18317","20074.16",18317,26681997,0.00813356980356161
"18318","20074.16",18318,26683422,0.222944873138313
"18319","20074.16",18319,26683511,0.0590577481132595
"18320","20074.16",18320,26684008,-0.577320914265578
"18321","20074.16",18321,26684084,1.17274983485149
"18322","20074.16",18322,26684145,0.568070457352507
"18323","20074.16",18323,26684782,-0.0823620844632291
"18324","20074.16",18324,26685080,0.3092557763463
"18325","20074.16",18325,26687449,0.256588900889697
"18326","20074.16",18326,26687461,-0.0242478755099178
"18327","20074.16",18327,26692784,-0.308722647335069
"18328","20074.16",18328,26696548,-1.15323794438471
"18329","20074.16",18329,26701632,-0.896574174451344
"18330","20074.16",18330,26701673,-0.292456964276767
"18331","20074.16",18331,26701758,0.535518769542224
"18332","20074.16",18332,26702232,0.173629846139566
"18333","20074.16",18333,26702579,0.461319168556989
"18334","20074.16",18334,26703521,-0.727008474629817
"18335","20074.16",18335,26703677,0.281959283136101
"18336","20074.16",18336,26704144,0.551646391357846
"18337","20074.16",18337,26709540,-0.0498442266257175
"18338","20074.16",18338,26710610,-0.676108326608401
"18339","20074.16",18339,26710989,-0.0937134179134267
"18340","20074.16",18340,26712389,0.0292004137785149
"18341","20074.16",18341,26713080,-0.178990666455317
"18342","20074.16",18342,26713620,-0.812138756479317
"18343","20074.16",18343,26714654,0.60692311267129
"18344","20074.16",18344,26715341,0.296555806184201
"18345","20074.16",18345,26716097,0.164149870266729
"18346","20074.16",18346,26718002,-0.00362860794756514
"18347","20074.16",18347,26720807,-0.979882407608856
"18348","20074.16",18348,26722349,-1.14429980010898
"18349","20074.16",18349,26723762,0.460142317240639
"18350","20074.16",18350,26730556,0.648125097495813
"18351","20074.16",18351,26731824,0.0770255060828688
"18352","20074.16",18352,26731924,-0.592567654392822
"18353","20074.16",18353,26734094,-0.172234345988861
"18354","20074.16",18354,26734324,-0.127103358430665
"18355","20074.16",18355,26735214,0.290827175752331
"18356","20074.16",18356,26735234,0.34349744412492
"18357","20074.16",18357,26736122,1.22934614284321
"18358","20074.16",18358,26736582,1.47196203236607
"18359","20074.16",18359,26736920,0.449515318875441
"18360","20074.16",18360,26738343,-0.847921808690594
"18361","20074.16",18361,26739309,-0.468280993571413
"18362","20074.16",18362,26739991,-0.136169709731345
"18363","20074.16",18363,26740591,0.0643899288230338
"18364","20074.16",18364,26741229,-0.109541339853562
"18365","20074.16",18365,26743235,0.39831039118793
"18366","20074.16",18366,26743333,-0.791787010661337
"18367","20074.16",18367,26745376,0.52810847496101
"18368","20074.16",18368,26746994,0.594346012433211
"18369","20074.16",18369,26750665,-1.77355790688604
"18370","20074.16",18370,26752752,-0.164666780599841
"18371","20074.16",18371,26754949,0.498079742543625
"18372","20074.16",18372,26756471,0.45442260700866
"18373","20074.16",18373,26757152,0.281549762070138
"18374","20074.16",18374,26758407,1.52147215572391
"18375","20074.16",18375,26758831,0.153474528533398
"18376","20074.16",18376,26761966,0.0195113241752596
"18377","20074.16",18377,26762221,-0.725400585611054
"18378","20074.16",18378,26762691,0.512208436339704
"18379","20074.16",18379,26763302,-0.833843922168878
"18380","20074.16",18380,26763972,-0.756945037457357
"18381","20074.16",18381,26765485,-0.509135231526758
"18382","20074.16",18382,26766365,-0.128325546891733
"18383","20074.16",18383,26770128,0.136989972518197
"18384","20074.16",18384,26771587,0.208330822884863
"18385","20074.16",18385,26773131,6.87817532822876e-05
"18386","20074.16",18386,26773938,0.479120394538133
"18387","20074.16",18387,26774021,0.758265281945321
"18388","20074.16",18388,26778766,0.709058932159244
"18389","20074.16",18389,26780463,0.376063530899082
"18390","20074.16",18390,26780594,0.140536654870602
"18391","20074.16",18391,26784235,-0.353172940570404
"18392","20074.16",18392,26784529,-0.300509016815166
"18393","20074.16",18393,26784698,0.163613588075292
"18394","20074.16",18394,26784714,0.194910654608504
"18395","20074.16",18395,26786951,1.43026057406673
"18396","20074.16",18396,26787180,-0.168683399124604
"18397","20074.16",18397,26788565,0.282357529915326
"18398","20074.16",18398,26788703,-0.0401143648538183
"18399","20074.16",18399,26788718,-0.270403037277537
"18400","20074.16",18400,26789699,0.180105472741633
"18401","20074.16",18401,26792639,-0.97687983347238
"18402","20074.16",18402,26793438,0.136021734801562
"18403","20074.16",18403,26793580,-0.106578278880429
"18404","20074.16",18404,26793593,-0.477268142006714
"18405","20074.16",18405,26793764,0.788590432729616
"18406","20074.16",18406,26793949,-0.225978410085028
"18407","20074.16",18407,26794367,-0.255783963436245
"18408","20074.16",18408,26796643,-0.584863232315105
"18409","20074.16",18409,26798205,0.655817202778576
"18410","20074.16",18410,26798232,0.786267586106972
"18411","20074.16",18411,26798595,0.279022892915182
"18412","20074.16",18412,26799280,-0.429014453166675
"18413","20074.16",18413,26799601,0.0288894398211763
"18414","20074.16",18414,26799642,0.721586577936479
"18415","20074.16",18415,26800240,0.69270038960861
"18416","20074.16",18416,26800568,0.236393607255462
"18417","20074.16",18417,26800806,0.732656355058354
"18418","20074.16",18418,26801200,0.170261655428437
"18419","20074.16",18419,26801279,-0.0697079158717306
"18420","20074.16",18420,26801354,-0.037750335443989
"18421","20074.16",18421,26801445,-0.385204961510115
"18422","20074.16",18422,26801513,0.558189951925242
"18423","20074.16",18423,26802738,-0.109735155514703
"18424","20074.16",18424,26803453,-0.525872471109095
"18425","20074.16",18425,26803575,-0.510289883082736
"18426","20074.16",18426,26804417,-0.413828971885351
"18427","20074.16",18427,26804468,0.287439708222188
"18428","20074.16",18428,26804529,-0.259529725953209
"18429","20074.16",18429,26804922,-0.218190614563254
"18430","20074.16",18430,26805784,-0.128090579403993
"18431","20074.16",18431,26805866,-0.629606852735302
"18432","20074.16",18432,26806100,-0.539911747613472
"18433","20074.16",18433,26807201,-0.691982243941138
"18434","20074.16",18434,26807422,1.07638488254055
"18435","20074.16",18435,26808123,-0.297458079436915
"18436","20074.16",18436,26808493,0.415013910595445
"18437","20074.16",18437,26808694,0.198718179908671
"18438","20074.16",18438,26808895,0.807441085735818
"18439","20074.16",18439,26809238,0.120461622425834
"18440","20074.16",18440,26809517,-0.210774442418173
"18441","20074.16",18441,26809795,0.305107558660191
"18442","20074.16",18442,26810404,0.111922848897458
"18443","20074.16",18443,26810848,-0.736694515622381
"18444","20074.16",18444,26811282,0.796335222639908
"18445","20074.16",18445,26812386,-0.00704208377725646
"18446","20074.16",18446,26812916,-0.526679425500776
"18447","20074.16",18447,26813270,-0.366038617184964
"18448","20074.16",18448,26813301,0.70131837822479
"18449","20074.16",18449,26813343,0.0798094917096233
"18450","20074.16",18450,26816686,-0.0270717599694059
"18451","20074.16",18451,26817011,-0.63634045824692
"18452","20074.16",18452,26818126,-0.11238931783565
"18453","20074.16",18453,26821626,-0.338966054543565
"18454","20074.16",18454,26821675,-0.775459798007081
"18455","20074.16",18455,26822285,0.662858221801858
"18456","20074.16",18456,26822576,-0.269833536986192
"18457","20074.16",18457,26826778,0.390340571135265
"18458","20074.16",18458,26827148,0.212820914227279
"18459","20074.16",18459,26827555,0.0758026491531174
"18460","20074.16",18460,26827708,0.375152075834399
"18461","20074.16",18461,26827815,0.700132918115224
"18462","20074.16",18462,26828094,0.478275019803156
"18463","20074.16",18463,26828668,-0.0615802852110132
"18464","20074.16",18464,26828823,-2.77727512773492
"18465","20074.16",18465,26833839,-0.0183495624709353
"18466","20074.16",18466,26834075,-0.496459906111022
"18467","20074.16",18467,26835570,0.751829485335745
"18468","20074.16",18468,26836192,0.33634753666412
"18469","20074.16",18469,26840166,-0.448539047290755
"18470","20074.16",18470,26843143,0.0975602226189167
"18471","20074.16",18471,26843279,0.572449540253525
"18472","20074.16",18472,26843715,-0.138342918398555
"18473","20074.16",18473,26849862,0.54587420961571
"18474","20074.16",18474,26850445,-0.178674519072046
"18475","20074.16",18475,26852892,-0.43374680458363
"18476","20074.16",18476,26854125,0.170421032462623
"18477","20074.16",18477,26854329,0.0298121255911283
"18478","20074.16",18478,26856388,-0.263173353738359
"18479","20074.16",18479,26859993,0.865553290740851
"18480","20074.16",18480,26860317,-0.72988913149047
"18481","20074.16",18481,26861367,0.328212745360642
"18482","20074.16",18482,26861808,-0.0356376797186941
"18483","20074.16",18483,26864847,-0.638450621666224
"18484","20074.16",18484,26866149,0.508052733198807
"18485","20074.16",18485,26866503,-0.432351081602104
"18486","20074.16",18486,26866855,1.42556923746713
"18487","20074.16",18487,26867730,-1.50064232554842
"18488","20074.16",18488,26867852,0.143864575116743
"18489","20074.16",18489,26869677,-0.555910400411556
"18490","20074.16",18490,26869896,-0.081790233811435
"18491","20074.16",18491,26870762,-0.616409780418553
"18492","20074.16",18492,26872744,-0.651972964085731
"18493","20074.16",18493,26879022,0.00977217150972542
"18494","20074.16",18494,26882034,-0.286124350424259
"18495","20074.16",18495,26883057,0.653769627317032
"18496","20074.16",18496,26883159,-0.18304663598817
"18497","20074.16",18497,26883673,-0.0346837577026458
"18498","20074.16",18498,26885076,-0.960764707564328
"18499","20074.16",18499,26885968,-0.138477910925749
"18500","20074.16",18500,26886022,0.554895088686137
"18501","20074.16",18501,26887226,-1.48767842854344
"18502","20074.16",18502,26887865,-0.706691487179274
"18503","20074.16",18503,26893214,0.440183498869447
"18504","20074.16",18504,26894086,0.136228430971952
"18505","20074.16",18505,26894627,-0.329037790354059
"18506","20074.16",18506,26896959,-0.337227481889066
"18507","20074.16",18507,26901630,-0.753456020630014
"18508","20074.16",18508,26903705,-0.775706554736106
"18509","20074.16",18509,26904369,-0.665986698421833
"18510","20074.16",18510,26904536,0.777619170716616
"18511","20074.16",18511,26909371,-0.256499128036354
"18512","20074.16",18512,26910362,0.115448246359327
"18513","20074.16",18513,26910753,-0.350984759609831
"18514","20074.16",18514,26911726,0.132364910330134
"18515","20074.16",18515,26912690,0.57764562886837
"18516","20074.16",18516,26912957,-0.232514874521909
"18517","20074.16",18517,26913904,0.670602882118536
"18518","20074.16",18518,26913949,1.17621623360245
"18519","20074.16",18519,26914252,0.283994991587311
"18520","20074.16",18520,26914465,-0.207684400784329
"18521","20074.16",18521,26915463,0.10279072782661
"18522","20074.16",18522,26918155,-0.589062670460976
"18523","20074.16",18523,26918412,-0.30198323592492
"18524","20074.16",18524,26921888,0.091110109125549
"18525","20074.16",18525,26922676,-0.0312336297954356
"18526","20074.16",18526,26928704,-1.47641346683685
"18527","20074.16",18527,26929379,-1.18159131690855
"18528","20074.16",18528,26931143,0.079367243742154
"18529","20074.16",18529,26933867,-0.102280562238266
"18530","20074.16",18530,26934001,0.15033944554984
"18531","20074.16",18531,26934214,-0.284415606110175
"18532","20074.16",18532,26937441,-0.794185798660669
"18533","20074.16",18533,26938116,0.821278239238437
"18534","20074.16",18534,26938275,-0.000734650201174247
"18535","20074.16",18535,26941469,0.613519701205743
"18536","20074.16",18536,26943435,-0.473986632501108
"18537","20074.16",18537,26943667,-0.0516840125478017
"18538","20074.16",18538,26943750,-0.343347965332589
"18539","20074.16",18539,26944320,-0.148007368473062
"18540","20074.16",18540,26944850,-0.353238951805102
"18541","20074.16",18541,26945426,0.0858381674627315
"18542","20074.16",18542,26945901,-0.63441895677008
"18543","20074.16",18543,26947340,-0.653041405297683
"18544","20074.16",18544,26949172,-0.174611956226425
"18545","20074.16",18545,26949660,-0.110022851404073
"18546","20074.16",18546,26949834,0.279748624388817
"18547","20074.16",18547,26951332,-0.208101014302793
"18548","20074.16",18548,26952080,-1.66870305107626
"18549","20074.16",18549,26952730,-0.170086362459942
"18550","20074.16",18550,26953176,-0.615264173911884
"18551","20074.16",18551,26954395,-0.197825852739799
"18552","20074.16",18552,26954406,-0.383395212250337
"18553","20074.16",18553,26954867,0.710806822867151
"18554","20074.16",18554,26955020,-0.176273389328835
"18555","20074.16",18555,26955574,-0.306695238265527
"18556","20074.16",18556,26956843,0.340267104688784
"18557","20074.16",18557,26957696,0.0129253987837723
"18558","20074.16",18558,26958800,0.353760098419637
"18559","20074.16",18559,26959121,-0.731672687422337
"18560","20074.16",18560,26959180,-1.43518321893169
"18561","20074.16",18561,26959977,-0.0771080304925773
"18562","20074.16",18562,26961952,0.00689815794928883
"18563","20074.16",18563,26962141,-0.482157577138092
"18564","20074.16",18564,26962996,-0.247564538753409
"18565","20074.16",18565,26963484,-0.367930323393879
"18566","20074.16",18566,26964175,1.58795942430608
"18567","20074.16",18567,26964254,-0.851877243348849
"18568","20074.16",18568,26965896,-0.30947001548541
"18569","20074.16",18569,26968321,-0.231667646871826
"18570","20074.16",18570,26970371,0.0908690376380319
"18571","20074.16",18571,26972093,0.0448699749231958
"18572","20074.16",18572,26972105,0.315662671996336
"18573","20074.16",18573,26972405,0.688546608474994
"18574","20074.16",18574,26972471,0.412725647284076
"18575","20074.16",18575,26974138,-0.466797244262751
"18576","20074.16",18576,26974942,0.50181438004597
"18577","20074.16",18577,26975228,0.245193086746776
"18578","20074.16",18578,26975349,-1.14259471686648
"18579","20074.16",18579,26975964,-0.208447956725031
"18580","20074.16",18580,26976094,0.594765785787918
"18581","20074.16",18581,26976149,-0.175714622795842
"18582","20074.16",18582,26976218,0.383034942058198
"18583","20074.16",18583,26976476,-0.458076494875212
"18584","20074.16",18584,26978848,0.236085606934642
"18585","20074.16",18585,26980331,0.732478194129555
"18586","20074.16",18586,26982169,-0.525769679248111
"18587","20074.16",18587,26984365,0.449200864536459
"18588","20074.16",18588,26984597,-0.263643365207257
"18589","20074.16",18589,26985529,-0.453808664855217
"18590","20074.16",18590,26985927,-0.478644444816349
"18591","20074.16",18591,26986280,0.544246098640351
"18592","20074.16",18592,26986727,0.101260277323178
"18593","20074.16",18593,26987999,0.482575774120687
"18594","20074.16",18594,26989345,-0.203930260858289
"18595","20074.16",18595,26989453,1.11281626480319
"18596","20074.16",18596,26989517,0.273598778346366
"18597","20074.16",18597,26989995,0.29128368162467
"18598","20074.16",18598,26992071,0.566989697578486
"18599","20074.16",18599,26992334,-0.304361786632915
"18600","20074.16",18600,26999373,0.175707787366997
"18601","20074.16",18601,26999594,-2.07281993207062
"18602","20074.16",18602,27000890,-0.0116586553754523
"18603","20074.16",18603,27001151,-0.38845450386414
"18604","20074.16",18604,27002722,0.397075812770892
"18605","20074.16",18605,27004201,-0.601829260194225
"18606","20074.16",18606,27004842,0.881345751049882
"18607","20074.16",18607,27004899,-0.0613619852438356
"18608","20074.16",18608,27005055,-0.466096307881245
"18609","20074.16",18609,27005061,-0.0660788771341316
"18610","20074.16",18610,27005455,0.598171826432675
"18611","20074.16",18611,27006954,0.713894688566008
"18612","20074.16",18612,27007616,0.555508227655497
"18613","20074.16",18613,27008052,0.840838258054409
"18614","20074.16",18614,27008107,0.120501365136827
"18615","20074.16",18615,27008206,0.373603199719388
"18616","20074.16",18616,27008721,0.166194033318729
"18617","20074.16",18617,27008768,0.29900841774385
"18618","20074.16",18618,27009027,0.39547844298172
"18619","20074.16",18619,27009067,0.638710359596858
"18620","20074.16",18620,27009314,0.478813289453892
"18621","20074.16",18621,27010654,1.18770618371049
"18622","20074.16",18622,27010707,-0.0276294802096322
"18623","20074.16",18623,27010762,0.80509287725565
"18624","20074.16",18624,27011575,-0.702069970128898
"18625","20074.16",18625,27011672,0.62547545490571
"18626","20074.16",18626,27023649,0.271056075251287
"18627","20074.16",18627,27023681,-0.471358949700417
"18628","20074.16",18628,27027187,-0.342014917261636
"18629","20074.16",18629,27027402,0.495515638907762
"18630","20074.16",18630,27028829,1.15989744042983
"18631","20074.16",18631,27029071,-0.119793730275695
"18632","20074.16",18632,27030491,-0.186281652221577
"18633","20074.16",18633,27030740,0.492489585732311
"18634","20074.16",18634,27030848,0.449932704161649
"18635","20074.16",18635,27031358,0.287437370017504
"18636","20074.16",18636,27031395,0.123433611384566
"18637","20074.16",18637,27031507,0.586214453295184
"18638","20074.16",18638,27031775,-0.13308910554334
"18639","20074.16",18639,27031939,0.289084608954698
"18640","20074.16",18640,27034128,0.245648326207317
"18641","20074.16",18641,27034201,-0.545130099890214
"18642","20074.16",18642,27034474,0.548245000678711
"18643","20074.16",18643,27040683,0.762590336482309
"18644","20074.16",18644,27041130,0.096491965654347
"18645","20074.16",18645,27041757,0.251268167886651
"18646","20074.16",18646,27041777,-2.21640204442363
"18647","20074.16",18647,27042403,0.544829103955801
"18648","20074.16",18648,27044045,-1.23095883489679
"18649","20074.16",18649,27044069,-0.644317785143386
"18650","20074.16",18650,27046809,-0.794340083351375
"18651","20074.16",18651,27048236,-0.136980137362152
"18652","20074.16",18652,27048341,-0.123936159971739
"18653","20074.16",18653,27054360,-0.203755253303019
"18654","20074.16",18654,27054997,0.263028428230146
"18655","20074.16",18655,27055233,-0.759031171577212
"18656","20074.16",18656,27056455,-0.0581322432908911
"18657","20074.16",18657,27056568,0.186657802184376
"18658","20074.16",18658,27056641,-0.189306574896446
"18659","20074.16",18659,27057099,1.02264694210788
"18660","20074.16",18660,27058959,-0.29349971347912
"18661","20074.16",18661,27060076,-0.215003438353726
"18662","20074.16",18662,27068326,0.195769204184563
"18663","20074.16",18663,27069559,0.00902236934609757
"18664","20074.16",18664,27070681,-1.10646724102887
"18665","20074.16",18665,27071881,-0.141568988567339
"18666","20074.16",18666,27072848,0.865815653670123
"18667","20074.16",18667,27073474,-0.303821391037235
"18668","20074.16",18668,27073635,-0.448387545530945
"18669","20074.16",18669,27075293,-0.416116069562324
"18670","20074.16",18670,27075394,0.111772311422458
"18671","20074.16",18671,27075688,0.366647403189154
"18672","20074.16",18672,27075741,-0.785823807780283
"18673","20074.16",18673,27075755,0.810265200595523
"18674","20074.16",18674,27075869,0.051418553907955
"18675","20074.16",18675,27075915,-0.117526430381163
"18676","20074.16",18676,27075930,-0.228185207878622
"18677","20074.16",18677,27076909,0.0641584657703156
"18678","20074.16",18678,27077128,-0.740451452700006
"18679","20074.16",18679,27080910,0.100626128606987
"18680","20074.16",18680,27081234,-0.253604228089026
"18681","20074.16",18681,27081915,-0.351801185244929
"18682","20074.16",18682,27084675,0.248726105107704
"18683","20074.16",18683,27084864,0.00415248544972968
"18684","20074.16",18684,27084926,0.322354538407455
"18685","20074.16",18685,27086032,0.90405784635429
"18686","20074.16",18686,27087615,-1.28614659958149
"18687","20074.16",18687,27089919,-0.395185034285215
"18688","20074.16",18688,27090705,-0.425751139007765
"18689","20074.16",18689,27091851,0.661708956305346
"18690","20074.16",18690,27093050,-1.01888661032312
"18691","20074.16",18691,27093374,0.075521317000181
"18692","20074.16",18692,27093699,-0.212931370261661
"18693","20074.16",18693,27096956,0.342752876526151
"18694","20074.16",18694,27102315,-0.5019065317895
"18695","20074.16",18695,27102686,0.633407942331339
"18696","20074.16",18696,27106633,0.414845268958875
"18697","20074.16",18697,27106881,-1.14201344566462
"18698","20074.16",18698,27107841,0.23741385473854
"18699","20074.16",18699,27109136,0.559630353447479
"18700","20074.16",18700,27110428,0.473557812444736
"18701","20074.16",18701,27110834,0.282027042652579
"18702","20074.16",18702,27112924,-0.304310442863125
"18703","20074.16",18703,27113695,0.504376559641696
"18704","20074.16",18704,27113712,0.859632576188608
"18705","20074.16",18705,27113926,0.265629115812959
"18706","20074.16",18706,27114275,-1.40526581037075
"18707","20074.16",18707,27114617,-0.0599828213573348
"18708","20074.16",18708,27115158,0.555199083022806
"18709","20074.16",18709,27118954,-0.354756100742367
"18710","20074.16",18710,27119299,-0.357314120121618
"18711","20074.16",18711,27132022,-0.334955934835291
"18712","20074.16",18712,27132250,-1.04390756417969
"18713","20074.16",18713,27134987,-0.0846391012335506
"18714","20074.16",18714,27135097,-0.502738485490238
"18715","20074.16",18715,27135359,-0.211960907927535
"18716","20074.16",18716,27137396,0.965676648327064
"18717","20074.16",18717,27138478,0.740791294736369
"18718","20074.16",18718,27139728,-0.58437820912948
"18719","20074.16",18719,27139829,-0.970085857866185
"18720","20074.16",18720,27142294,-0.0709225294569089
"18721","20074.16",18721,27143387,-0.0204754324632361
"18722","20074.16",18722,27143420,-0.322301442618882
"18723","20074.16",18723,27143897,0.0121809528320211
"18724","20074.16",18724,27145099,0.146263802443788
"18725","20074.16",18725,27145222,-0.17648496203039
"18726","20074.16",18726,27146324,-0.327609908014331
"18727","20074.16",18727,27151271,0.405439518323765
"18728","20074.16",18728,27156079,0.106948056980317
"18729","20074.16",18729,27157612,-0.511060012516626
"18730","20074.16",18730,27157795,0.586880323951575
"18731","20074.16",18731,27158053,-0.134515018853248
"18732","20074.16",18732,27163291,0.338006438749106
"18733","20074.16",18733,27163474,-0.31891100346914
"18734","20074.16",18734,27163841,-0.671475024950442
"18735","20074.16",18735,27163976,-0.883591710799674
"18736","20074.16",18736,27166131,0.62973537238229
"18737","20074.16",18737,27166296,0.193356817872335
"18738","20074.16",18738,27166466,1.09674770155862
"18739","20074.16",18739,27166773,-0.486723783566331
"18740","20074.16",18740,27171530,-0.710377399593106
"18741","20074.16",18741,27172748,0.62269654494897
"18742","20074.16",18742,27172977,-0.327970436266786
"18743","20074.16",18743,27172989,-0.342313455089786
"18744","20074.16",18744,27173242,-0.264983379327343
"18745","20074.16",18745,27174629,0.646475056098384
"18746","20074.16",18746,27174865,0.0664968163843414
"18747","20074.16",18747,27175145,0.556876778212053
"18748","20074.16",18748,27176017,0.161172168445807
"18749","20074.16",18749,27176565,-0.52790070670275
"18750","20074.16",18750,27178152,-0.035797994302003
"18751","20074.16",18751,27178313,-0.379954248227988
"18752","20074.16",18752,27178374,0.519906645733939
"18753","20074.16",18753,27178502,-0.100873116838399
"18754","20074.16",18754,27178601,0.87078009763239
"18755","20074.16",18755,27178971,0.374177851944073
"18756","20074.16",18756,27179017,-0.412219703787144
"18757","20074.16",18757,27179458,-0.111040530111229
"18758","20074.16",18758,27180057,0.398105302648985
"18759","20074.16",18759,27181653,0.39098147093716
"18760","20074.16",18760,27181821,0.0425273762357747
"18761","20074.16",18761,27181868,0.465102768885969
"18762","20074.16",18762,27182478,-0.0841133183494174
"18763","20074.16",18763,27182759,-0.117268781395508
"18764","20074.16",18764,27184876,-0.126045380563954
"18765","20074.16",18765,27186027,0.138820110923933
"18766","20074.16",18766,27186985,-0.648910572268526
"18767","20074.16",18767,27187307,-0.646709603688708
"18768","20074.16",18768,27187546,1.04048589797057
"18769","20074.16",18769,27187669,0.188274564242922
"18770","20074.16",18770,27192608,-0.687776145609376
"18771","20074.16",18771,27192691,0.20157559608574
"18772","20074.16",18772,27193161,0.0266898310715487
"18773","20074.16",18773,27193322,0.229213820807487
"18774","20074.16",18774,27194969,-0.277527285833112
"18775","20074.16",18775,27196906,-0.826652711617337
"18776","20074.16",18776,27197638,-0.142443818619483
"18777","20074.16",18777,27200406,-0.345134120822945
"18778","20074.16",18778,27203031,-0.0606166829608652
"18779","20074.16",18779,27203076,-0.317479785223098
"18780","20074.16",18780,27203112,0.141929073962634
"18781","20074.16",18781,27204010,-0.632138745346436
"18782","20074.16",18782,27206616,-0.0631814875498335
"18783","20074.16",18783,27206923,-0.268131557279191
"18784","20074.16",18784,27207089,-1.04875581657432
"18785","20074.16",18785,27208673,-0.267890973844785
"18786","20074.16",18786,27209208,0.549514986830531
"18787","20074.16",18787,27209312,-0.827057692684956
"18788","20074.16",18788,27210726,0.163165807571847
"18789","20074.16",18789,27212465,-0.667553539765405
"18790","20074.16",18790,27218858,-0.217738510830374
"18791","20074.16",18791,27219341,-0.785884330333525
"18792","20074.16",18792,27220654,-0.110472455569535
"18793","20074.16",18793,27223544,-0.0152959031726771
"18794","20074.16",18794,27225540,0.178890461604539
"18795","20074.16",18795,27226057,-0.304216618500122
"18796","20074.16",18796,27229835,-0.868445184570676
"18797","20074.16",18797,27230297,-0.55776014735979
"18798","20074.16",18798,27231799,-0.127432711805612
"18799","20074.16",18799,27233018,0.87266815003329
"18800","20074.16",18800,27236095,0.009039632919138
"18801","20074.16",18801,27239514,-1.42837294956002
"18802","20074.16",18802,27242493,-0.290076397984405
"18803","20074.16",18803,27245086,-0.210327259142237
"18804","20074.16",18804,27246067,-0.655773407835355
"18805","20074.16",18805,27246938,-0.589029889492095
"18806","20074.16",18806,27247329,-1.71978253609579
"18807","20074.16",18807,27248536,0.928686052228294
"18808","20074.16",18808,27248686,-0.917841775665535
"18809","20074.16",18809,27249243,-0.225008737290977
"18810","20074.16",18810,27249381,0.842012376832996
"18811","20074.16",18811,27251094,-0.151405541468458
"18812","20074.16",18812,27251206,0.450801636506893
"18813","20074.16",18813,27251982,-1.01913773766203
"18814","20074.16",18814,27253754,0.305348835601632
"18815","20074.16",18815,27255572,-1.10926603354142
"18816","20074.16",18816,27256319,0.310797748554907
"18817","20074.16",18817,27258197,-0.0150406202972544
"18818","20074.16",18818,27259435,-0.028718259710379
"18819","20074.16",18819,27259555,0.524488925676418
"18820","20074.16",18820,27260634,-0.218784633224152
"18821","20074.16",18821,27260686,-0.752489338012403
"18822","20074.16",18822,27260954,-0.595165843123559
"18823","20074.16",18823,27266127,-0.249951709152018
"18824","20074.16",18824,27266817,0.0354053167788209
"18825","20074.16",18825,27267766,0.146598420461896
"18826","20074.16",18826,27268779,-0.516364185627947
"18827","20074.16",18827,27269185,0.417244064746522
"18828","20074.16",18828,27274941,0.278410312687931
"18829","20074.16",18829,27283285,0.361778115427287
"18830","20074.16",18830,27289701,-0.585603286463135
"18831","20074.16",18831,27292926,0.142711201703145
"18832","20074.16",18832,27296064,0.334331472537563
"18833","20074.16",18833,27296383,-0.166353307491859
"18834","20074.16",18834,27296690,-0.387524005651972
"18835","20074.16",18835,27298036,0.97727729854331
"18836","20074.16",18836,27298513,0.703719037276142
"18837","20074.16",18837,27299242,-0.327564110557516
"18838","20074.16",18838,27301911,-0.455947645386572
"18839","20074.16",18839,27302507,-0.86027944175394
"18840","20074.16",18840,27302729,0.117448124883742
"18841","20074.16",18841,27306644,-0.656144965327825
"18842","20074.16",18842,27309451,-0.251764300863591
"18843","20074.16",18843,27309838,0.139287950492329
"18844","20074.16",18844,27310618,0.475676596701967
"18845","20074.16",18845,27312791,-1.78738182529276
"18846","20074.16",18846,27313584,0.576145701036856
"18847","20074.16",18847,27316283,0.371611145742016
"18848","20074.16",18848,27316328,0.340017333371052
"18849","20074.16",18849,27316401,1.27010729526488
"18850","20074.16",18850,27319864,0.207727852101626
"18851","20074.16",18851,27320369,-0.656220099908666
"18852","20074.16",18852,27327321,-0.264218080582479
"18853","20074.16",18853,27328543,0.67697779863946
"18854","20074.16",18854,27329220,-1.13081736556895
"18855","20074.16",18855,27329899,-0.739206334344628
"18856","20074.16",18856,27331115,-0.957212238290231
"18857","20074.16",18857,27331974,0.709494043872106
"18858","20074.16",18858,27337613,0.361948871490982
"18859","20074.16",18859,27337950,-0.199805298142543
"18860","20074.16",18860,27338386,0.584411859441977
"18861","20074.16",18861,27341059,0.676766736827759
"18862","20074.16",18862,27341525,-0.75730107419781
"18863","20074.16",18863,27342596,0.441583400873612
"18864","20074.16",18864,27342930,0.448891353419302
"18865","20074.16",18865,27345672,1.22782391621008
"18866","20074.16",18866,27346354,0.345646812537656
"18867","20074.16",18867,27346409,0.1318601781136
"18868","20074.16",18868,27347123,-0.253110313028248
"18869","20074.16",18869,27350687,-0.00881669109719407
"18870","20074.16",18870,27353188,0.627806667761175
"18871","20074.16",18871,27353855,-0.745651308427296
"18872","20074.16",18872,27354361,0.102843391150972
"18873","20074.16",18873,27354464,0.15012245460713
"18874","20074.16",18874,27356667,-0.256052758997718
"18875","20074.16",18875,27357784,0.299065470591931
"18876","20074.16",18876,27357927,0.391256424918319
"18877","20074.16",18877,27357962,0.277283819643908
"18878","20074.16",18878,27358190,1.00990816910485
"18879","20074.16",18879,27358475,-0.0603573211925656
"18880","20074.16",18880,27358888,0.456510471408175
"18881","20074.16",18881,27359194,0.459336598294057
"18882","20074.16",18882,27359844,0.397510414077961
"18883","20074.16",18883,27363611,0.358272622340107
"18884","20074.16",18884,27363686,0.350753785647156
"18885","20074.16",18885,27363734,0.769810336579375
"18886","20074.16",18886,27364253,0.287444096344987
"18887","20074.16",18887,27364296,-0.86082267732614
"18888","20074.16",18888,27364345,-0.0206211738576814
"18889","20074.16",18889,27364806,0.302620665565049
"18890","20074.16",18890,27365468,0.108605050565576
"18891","20074.16",18891,27367226,-0.354579752370054
"18892","20074.16",18892,27367877,-1.89842381891631
"18893","20074.16",18893,27368497,-0.176125457641433
"18894","20074.16",18894,27371715,-0.624946843030384
"18895","20074.16",18895,27371949,-0.494497676548844
"18896","20074.16",18896,27373131,0.391657141352234
"18897","20074.16",18897,27373339,0.640569387968621
"18898","20074.16",18898,27373558,0.291018018258735
"18899","20074.16",18899,27374180,0.001267667545088
"18900","20074.16",18900,27374400,0.0686287745494445
"18901","20074.16",18901,27375200,-0.198804616050631
"18902","20074.16",18902,27375423,-0.910333409384186
"18903","20074.16",18903,27375529,-0.53351916839723
"18904","20074.16",18904,27375787,1.16004945534282
"18905","20074.16",18905,27376910,-0.486440401268938
"18906","20074.16",18906,27377255,0.143733118879676
"18907","20074.16",18907,27381039,-0.749899959130663
"18908","20074.16",18908,27381712,0.409105866743514
"18909","20074.16",18909,27382350,-0.860331319564147
"18910","20074.16",18910,27382561,-0.489148941873914
"18911","20074.16",18911,27384731,-0.23295328275359
"18912","20074.16",18912,27385480,0.0502623869055441
"18913","20074.16",18913,27385652,-0.562728112076599
"18914","20074.16",18914,27386587,0.494665349894782
"18915","20074.16",18915,27389411,0.546289953383664
"18916","20074.16",18916,27390457,0.0911620659843742
"18917","20074.16",18917,27390923,-0.0314935212861434
"18918","20074.16",18918,27391624,0.418919551837715
"18919","20074.16",18919,27391788,-0.30327625666026
"18920","20074.16",18920,27392844,0.0435967498810097
"18921","20074.16",18921,27392942,0.321961419228518
"18922","20074.16",18922,27394266,-0.166017337110557
"18923","20074.16",18923,27394858,-0.763837996884007
"18924","20074.16",18924,27396461,1.11032910190048
"18925","20074.16",18925,27396595,0.053841713193715
"18926","20074.16",18926,27396970,-0.218676874076581
"18927","20074.16",18927,27397998,0.13348585039524
"18928","20074.16",18928,27398094,-0.563263261542113
"18929","20074.16",18929,27400508,-1.24349531935874
"18930","20074.16",18930,27400876,-1.40613908808632
"18931","20074.16",18931,27400893,-0.253073467579394
"18932","20074.16",18932,27405694,-1.01524944588646
"18933","20074.16",18933,27405916,-0.109042156427916
"18934","20074.16",18934,27410082,0.205013592637934
"18935","20074.16",18935,27412121,-0.17379438958322
"18936","20074.16",18936,27412414,-0.421369396848255
"18937","20074.16",18937,27413130,-0.581817182585295
"18938","20074.16",18938,27413566,-0.0772038704438058
"18939","20074.16",18939,27414339,1.00992129517403
"18940","20074.16",18940,27414378,-0.00797101973238057
"18941","20074.16",18941,27414428,0.230998194597277
"18942","20074.16",18942,27418860,-1.33250726835527
"18943","20074.16",18943,27420167,-0.204235484912472
"18944","20074.16",18944,27429237,0.940849305849707
"18945","20074.16",18945,27431584,0.263671657581166
"18946","20074.16",18946,27434238,0.327033169450542
"18947","20074.16",18947,27434533,0.151150631841656
"18948","20074.16",18948,27434927,0.699725717063157
"18949","20074.16",18949,27435011,0.524555485369167
"18950","20074.16",18950,27435038,0.225805192068378
"18951","20074.16",18951,27437548,-0.440207658051118
"18952","20074.16",18952,27437971,-0.0427827454163534
"18953","20074.16",18953,27441605,-1.09949222433069
"18954","20074.16",18954,27442852,0.380038674237809
"18955","20074.16",18955,27443375,0.0169542703497445
"18956","20074.16",18956,27443620,0.362568616978275
"18957","20074.16",18957,27444030,0.239375854060698
"18958","20074.16",18958,27444078,-0.144954299123161
"18959","20074.16",18959,27446027,0.386210253690119
"18960","20074.16",18960,27446196,0.165913002843118
"18961","20074.16",18961,27446682,-1.35812325169431
"18962","20074.16",18962,27448401,0.952050683170818
"18963","20074.16",18963,27448541,0.038528126055505
"18964","20074.16",18964,27450564,0.0488599319410605
"18965","20074.16",18965,27454089,-0.086060814047511
"18966","20074.16",18966,27455154,0.500211493337981
"18967","20074.16",18967,27455274,0.58801159816053
"18968","20074.16",18968,27455420,0.627557157182502
"18969","20074.16",18969,27456462,-0.711449256102606
"18970","20074.16",18970,27458058,0.51885189662913
"18971","20074.16",18971,27458900,-0.301926008590416
"18972","20074.16",18972,27461521,-1.32139288923737
"18973","20074.16",18973,27463876,-0.303974081931019
"18974","20074.16",18974,27466978,-0.708118626909398
"18975","20074.16",18975,27469550,-0.00640088420620355
"18976","20074.16",18976,27470865,-1.09291519644615
"18977","20074.16",18977,27474214,-0.0806246955697514
"18978","20074.16",18978,27476548,0.359366907618671
"18979","20074.16",18979,27476691,0.147339212172691
"18980","20074.16",18980,27485046,-0.518192325495535
"18981","20074.16",18981,27488194,0.57572694359729
"18982","20074.16",18982,27488448,-0.432175700664524
"18983","20074.16",18983,27489730,0.242194785629143
"18984","20074.16",18984,27496182,0.93173382660371
"18985","20074.16",18985,27504957,0.516642760149984
"18986","20074.16",18986,27505296,-0.807450723648227
"18987","20074.16",18987,27508196,0.29705370671291
"18988","20074.16",18988,27509212,-0.85030568212741
"18989","20074.16",18989,27512558,-0.105855851712243
"18990","20074.16",18990,27514112,-0.0125462771600251
"18991","20074.16",18991,27515438,-0.220573493847732
"18992","20074.16",18992,27515751,1.34287573567549
"18993","20074.16",18993,27519250,-0.805940901844743
"18994","20074.16",18994,27523308,-0.278829957079462
"18995","20074.16",18995,27524227,0.153296347681046
"18996","20074.16",18996,27524963,-1.0796890138396
"18997","20074.16",18997,27527812,0.0146760511773429
"18998","20074.16",18998,27529180,0.624187036956822
"18999","20074.16",18999,27529301,-0.210670494653834
"19000","20074.16",19000,27529889,-0.35846258569746
"19001","20074.16",19001,27531236,-0.709998339513366
"19002","20074.16",19002,27535183,0.260438367282094
"19003","20074.16",19003,27537196,0.373386220164739
"19004","20074.16",19004,27537503,-0.868824088318036
"19005","20074.16",19005,27546950,-0.465779390282543
"19006","20074.16",19006,27547861,0.0485798229813996
"19007","20074.16",19007,27552754,-1.36747147456279
"19008","20074.16",19008,27554332,-0.233844108416848
"19009","20074.16",19009,27557749,0.474697210976593
"19010","20074.16",19010,27557967,-0.0986570300825331
"19011","20074.16",19011,27558559,0.0264307205194516
"19012","20074.16",19012,27559279,-0.169844918028981
"19013","20074.16",19013,27561937,-0.0767269753821598
"19014","20074.16",19014,27564522,-0.339052169620148
"19015","20074.16",19015,27565959,0.639192790379393
"19016","20074.16",19016,27566823,-0.283299582384364
"19017","20074.16",19017,27569053,-0.129465930372872
"19018","20074.16",19018,27571709,0.0159362714480809
"19019","20074.16",19019,27573250,0.33850640677137
"19020","20074.16",19020,27576140,0.25647727371707
"19021","20074.16",19021,27577322,-0.370618731510235
"19022","20074.16",19022,27579655,0.157777618499065
"19023","20074.16",19023,27580147,-0.490436554897799
"19024","20074.16",19024,27582818,-0.504679624862777
"19025","20074.16",19025,27583141,-0.350803193097862
"19026","20074.16",19026,27590707,-0.000673722051807601
"19027","20074.16",19027,27591340,-0.887741906631173
"19028","20074.16",19028,27591817,-0.216638758748644
"19029","20074.16",19029,27594180,0.0599074647729738
"19030","20074.16",19030,27594425,0.250573340386617
"19031","20074.16",19031,27596515,0.60524593800238
"19032","20074.16",19032,27598411,-0.636518367695192
"19033","20074.16",19033,27599081,-0.806986906586356
"19034","20074.16",19034,27599139,1.62521999509382
"19035","20074.16",19035,27603222,-0.540577985999969
"19036","20074.16",19036,27604466,-0.145096999318611
"19037","20074.16",19037,27609064,0.320397374647842
"19038","20074.16",19038,27610002,0.221834438793151
"19039","20074.16",19039,27610284,-0.0973458736038486
"19040","20074.16",19040,27611661,-0.137238018279796
"19041","20074.16",19041,27616090,-0.063905719640947
"19042","20074.16",19042,27616914,0.851961950556741
"19043","20074.16",19043,27618011,0.334745819382229
"19044","20074.16",19044,27621478,-0.550103648698037
"19045","20074.16",19045,27624158,-0.25757534827161
"19046","20074.16",19046,27626313,-0.575727567939525
"19047","20074.16",19047,27628803,-0.422427303581531
"19048","20074.16",19048,27631210,0.00381099470878343
"19049","20074.16",19049,27637897,0.696693663074591
"19050","20074.16",19050,27641024,0.248524686502708
"19051","20074.16",19051,27643286,-0.119035869345097
"19052","20074.16",19052,27643937,-1.05923443833584
"19053","20074.16",19053,27652972,-1.36930503912911
"19054","20074.16",19054,27653832,-0.330569858019572
"19055","20074.16",19055,27654047,0.017855567586353
"19056","20074.16",19056,27656641,-0.415594800562424
"19057","20074.16",19057,27659235,-0.14435681823061
"19058","20074.16",19058,27660488,0.152413875458734
"19059","20074.16",19059,27664585,-0.803097540240185
"19060","20074.16",19060,27666013,0.0417812704102225
"19061","20074.16",19061,27667176,0.772070836432328
"19062","20074.16",19062,27667447,0.181718791845084
"19063","20074.16",19063,27671194,-0.437778728187356
"19064","20074.16",19064,27672340,0.363253510133547
"19065","20074.16",19065,27676078,0.39112684040023
"19066","20074.16",19066,27676431,-0.294157169823886
"19067","20074.16",19067,27678970,-0.619697616603154
"19068","20074.16",19068,27679526,-0.113175194502642
"19069","20074.16",19069,27682552,-0.302054384867176
"19070","20074.16",19070,27683809,-0.523877467193011
"19071","20074.16",19071,27687271,0.554894132660414
"19072","20074.16",19072,27687385,-0.550979440941295
"19073","20074.16",19073,27687714,-0.320491389754117
"19074","20074.16",19074,27688336,0.0243055362876072
"19075","20074.16",19075,27691211,-0.880006764214767
"19076","20074.16",19076,27692177,0.245000145398778
"19077","20074.16",19077,27692835,-0.76989665371077
"19078","20074.16",19078,27693369,0.441393561627399
"19079","20074.16",19079,27695186,-0.32694098777906
"19080","20074.16",19080,27697014,-0.897501240477531
"19081","20074.16",19081,27697559,0.0438078066143248
"19082","20074.16",19082,27700404,0.523818558572189
"19083","20074.16",19083,27701003,0.812516661030576
"19084","20074.16",19084,27702770,-0.0384388047288482
"19085","20074.16",19085,27703007,0.103834616083285
"19086","20074.16",19086,27704198,-0.468797854860442
"19087","20074.16",19087,27705541,0.177600439794225
"19088","20074.16",19088,27708029,-1.43812086613273
"19089","20074.16",19089,27708640,-0.253273164174328
"19090","20074.16",19090,27708818,-0.450970558952388
"19091","20074.16",19091,27712288,0.10068021869085
"19092","20074.16",19092,27712342,0.859195717868153
"19093","20074.16",19093,27712409,0.07943369594111
"19094","20074.16",19094,27712702,-0.258433819791955
"19095","20074.16",19095,27714554,1.42875891474495
"19096","20074.16",19096,27718465,-0.238423055729544
"19097","20074.16",19097,27719670,0.65441021143478
"19098","20074.16",19098,27720306,-0.171122132519446
"19099","20074.16",19099,27722372,-0.395940418701888
"19100","20074.16",19100,27724741,-1.3953927569769
"19101","20074.16",19101,27725473,0.0771218391739152
"19102","20074.16",19102,27728726,-0.370294558444001
"19103","20074.16",19103,27729210,-0.38050198603184
"19104","20074.16",19104,27731861,-0.858098267165686
"19105","20074.16",19105,27734164,-0.4219972739336
"19106","20074.16",19106,27737039,-0.215945542954005
"19107","20074.16",19107,27737244,1.1698763725632
"19108","20074.16",19108,27737663,0.461214155567627
"19109","20074.16",19109,27742921,0.022660752293139
"19110","20074.16",19110,27743519,0.181412604241345
"19111","20074.16",19111,27744334,-1.47960093949159
"19112","20074.16",19112,27750114,-0.655093262489439
"19113","20074.16",19113,27752135,0.196150408831298
"19114","20074.16",19114,27752807,-0.0252769690345476
"19115","20074.16",19115,27754802,-0.173669021059029
"19116","20074.16",19116,27755282,-1.30599545450511
"19117","20074.16",19117,27756866,0.323706428262111
"19118","20074.16",19118,27757865,-1.2725438498285
"19119","20074.16",19119,27758748,-0.405925909879784
"19120","20074.16",19120,27760510,-0.275145861731863
"19121","20074.16",19121,27760556,0.372370760438927
"19122","20074.16",19122,27761214,-0.0376943809974559
"19123","20074.16",19123,27763110,-0.730219268335456
"19124","20074.16",19124,27769894,0.517788910635583
"19125","20074.16",19125,27773842,0.0926367017192318
"19126","20074.16",19126,27774028,-0.836543173069218
"19127","20074.16",19127,27777831,0.521390619459534
"19128","20074.16",19128,27779307,-0.948558291871345
"19129","20074.16",19129,27783988,0.146316659842672
"19130","20074.16",19130,27786268,0.505992224849755
"19131","20074.16",19131,27788874,-0.669720335851014
"19132","20074.16",19132,27789172,-0.414367995278994
"19133","20074.16",19133,27789278,0.198801585729224
"19134","20074.16",19134,27790276,-0.408090695635566
"19135","20074.16",19135,27794350,-0.389947185205746
"19136","20074.16",19136,27795175,-0.0140184946159163
"19137","20074.16",19137,27803751,0.670796168830413
"19138","20074.16",19138,27803874,0.836593069376945
"19139","20074.16",19139,27803888,0.265128614179384
"19140","20074.16",19140,27804404,-0.588376341254344
"19141","20074.16",19141,27805133,-0.588656677750727
"19142","20074.16",19142,27806318,-0.116861700720595
"19143","20074.16",19143,27806848,-0.73569515188691
"19144","20074.16",19144,27807493,-0.65896353566213
"19145","20074.16",19145,27807635,0.283123309850626
"19146","20074.16",19146,27807865,0.209246408589685
"19147","20074.16",19147,27807985,0.184032053350441
"19148","20074.16",19148,27808467,-0.762358975047145
"19149","20074.16",19149,27811774,-0.830805168935599
"19150","20074.16",19150,27813251,0.439957590220653
"19151","20074.16",19151,27813483,0.160804766488891
"19152","20074.16",19152,27813621,-1.89882776666288
"19153","20074.16",19153,27813725,0.182822660083949
"19154","20074.16",19154,27814900,-0.20308215496284
"19155","20074.16",19155,27815973,-0.164064653106507
"19156","20074.16",19156,27819251,-0.240467221960504
"19157","20074.16",19157,27820454,-0.467910684903557
"19158","20074.16",19158,27821022,0.82372391656557
"19159","20074.16",19159,27822393,-0.0704898981433404
"19160","20074.16",19160,27822685,0.801719137298543
"19161","20074.16",19161,27823609,0.114987956159105
"19162","20074.16",19162,27824831,0.598859343943526
"19163","20074.16",19163,27825323,-0.146018352310753
"19164","20074.16",19164,27827381,0.349468821209849
"19165","20074.16",19165,27827858,-0.112151521065068
"19166","20074.16",19166,27828751,-0.202195046112791
"19167","20074.16",19167,27828875,0.124996391545683
"19168","20074.16",19168,27828950,1.1275260773658
"19169","20074.16",19169,27829674,-0.562065532429759
"19170","20074.16",19170,27829745,-0.195226113660686
"19171","20074.16",19171,27830051,-0.687672614409765
"19172","20074.16",19172,27831643,-0.397416116166781
"19173","20074.16",19173,27832256,-0.0592110024992616
"19174","20074.16",19174,27834297,-0.0067988721460619
"19175","20074.16",19175,27834317,0.124587520943725
"19176","20074.16",19176,27834682,1.5191189617552
"19177","20074.16",19177,27834971,-0.243802438781121
"19178","20074.16",19178,27835782,0.50143172959853
"19179","20074.16",19179,27836170,0.414285257074943
"19180","20074.16",19180,27836373,-0.377410774568181
"19181","20074.16",19181,27836693,0.656605066288418
"19182","20074.16",19182,27837772,0.0105121169222722
"19183","20074.16",19183,27838854,-0.476700805995162
"19184","20074.16",19184,27839118,0.245854832629653
"19185","20074.16",19185,27841561,-0.922334893927363
"19186","20074.16",19186,27841837,0.171382085456729
"19187","20074.16",19187,27842014,0.749425265820727
"19188","20074.16",19188,27842037,0.525332066687251
"19189","20074.16",19189,27842824,-0.0837101793389161
"19190","20074.16",19190,27843145,-0.549851523065615
"19191","20074.16",19191,27843181,0.737916807297716
"19192","20074.16",19192,27843271,-0.349431775779784
"19193","20074.16",19193,27849980,0.645413297920896
"19194","20074.16",19194,27851214,0.940881534079167
"19195","20074.16",19195,27851735,-0.158076337341106
"19196","20074.16",19196,27852567,-0.205863662849599
"19197","20074.16",19197,27852982,0.0018394671492814
"19198","20074.16",19198,27855391,0.404239650114886
"19199","20074.16",19199,27855639,-0.408407380963367
"19200","20074.16",19200,27855777,0.207573964889894
"19201","20074.16",19201,27855880,-0.101731432333405
"19202","20074.16",19202,27859761,0.0886670794512172
"19203","20074.16",19203,27859896,0.539995666062128
"19204","20074.16",19204,27859942,0.0870618145583197
"19205","20074.16",19205,27860811,0.74770948266575
"19206","20074.16",19206,27862820,-0.272782546530697
"19207","20074.16",19207,27863004,0.510931821489387
"19208","20074.16",19208,27863024,0.237968299529824
"19209","20074.16",19209,27863135,-0.276755483890847
"19210","20074.16",19210,27864759,0.332460528029311
"19211","20074.16",19211,27866223,-0.388021338444615
"19212","20074.16",19212,27866651,0.164806846991375
"19213","20074.16",19213,27869163,0.0798028294743283
"19214","20074.16",19214,27875183,-0.294986279364565
"19215","20074.16",19215,27879329,-0.706675127940075
"19216","20074.16",19216,27879652,-1.2158395912279
"19217","20074.16",19217,27886081,-0.24385926795463
"19218","20074.16",19218,27887780,0.423253833597497
"19219","20074.16",19219,27887991,0.808681320238757
"19220","20074.16",19220,27889364,-0.375352901341211
"19221","20074.16",19221,27890470,-0.130779426363929
"19222","20074.16",19222,27890979,0.647672918902674
"19223","20074.16",19223,27895237,0.393184579233799
"19224","20074.16",19224,27895409,0.164949573144411
"19225","20074.16",19225,27896148,-0.146914344297177
"19226","20074.16",19226,27897326,-0.836698810712965
"19227","20074.16",19227,27898216,0.0139438973820774
"19228","20074.16",19228,27898828,0.356266686002415
"19229","20074.16",19229,27899400,0.0426613355200445
"19230","20074.16",19230,27901183,0.678180111598837
"19231","20074.16",19231,27902758,0.1407068119937
"19232","20074.16",19232,27905607,-0.645718832284037
"19233","20074.16",19233,27905686,0.591964553131835
"19234","20074.16",19234,27906194,-0.358246361362679
"19235","20074.16",19235,27907206,0.970504609933287
"19236","20074.16",19236,27907253,0.754771366017859
"19237","20074.16",19237,27909255,-1.11697794154381
"19238","20074.16",19238,27912685,0.0415805164313365
"19239","20074.16",19239,27912838,-0.237612665749499
"19240","20074.16",19240,27915922,0.211903933601369
"19241","20074.16",19241,27916593,-0.490378475926347
"19242","20074.16",19242,27921882,-0.198316260009903
"19243","20074.16",19243,27922491,-0.456396976475981
"19244","20074.16",19244,27924612,0.794234602490371
"19245","20074.16",19245,27924736,-0.0614615491806614
"19246","20074.16",19246,27925376,-0.226309071268276
"19247","20074.16",19247,27926834,1.15851956577665
"19248","20074.16",19248,27927379,0.0444626816860989
"19249","20074.16",19249,27930180,-0.335672227233451
"19250","20074.16",19250,27931091,-0.330687879803464
"19251","20074.16",19251,27931579,0.608279897016383
"19252","20074.16",19252,27931672,-0.0495808236889168
"19253","20074.16",19253,27932463,-1.01867243895411
"19254","20074.16",19254,27932570,0.201683472138807
"19255","20074.16",19255,27933093,0.189608298264063
"19256","20074.16",19256,27933403,1.51202954809318
"19257","20074.16",19257,27933798,-0.131919154303278
"19258","20074.16",19258,27934033,0.501500720917547
"19259","20074.16",19259,27937823,0.0253778716666693
"19260","20074.16",19260,27939355,0.0523247460623413
"19261","20074.16",19261,27940863,0.857731660747208
"19262","20074.16",19262,27941481,0.283591608876454
"19263","20074.16",19263,27941545,0.894993456844268
"19264","20074.16",19264,27942010,-0.169569031219748
"19265","20074.16",19265,27943298,0.146571944244045
"19266","20074.16",19266,27943806,0.553165025771057
"19267","20074.16",19267,27943862,0.096367508815237
"19268","20074.16",19268,27944025,0.863701661846128
"19269","20074.16",19269,27944306,-0.186772605029224
"19270","20074.16",19270,27945160,-0.727800438386865
"19271","20074.16",19271,27946038,0.0414279787137968
"19272","20074.16",19272,27946398,0.766778310874771
"19273","20074.16",19273,27947274,0.193514456491195
"19274","20074.16",19274,27947454,0.904969657722915
"19275","20074.16",19275,27947672,0.378614843362841
"19276","20074.16",19276,27948060,0.782194258099532
"19277","20074.16",19277,27949208,-1.11785491218156
"19278","20074.16",19278,27950901,-0.179640890116795
"19279","20074.16",19279,27956434,-0.0861331767004936
"19280","20074.16",19280,27959115,-0.363508630678158
"19281","20074.16",19281,27963239,-0.669412495404345
"19282","20074.16",19282,27963251,1.04713500172851
"19283","20074.16",19283,27963349,-0.147827474224059
"19284","20074.16",19284,27964904,0.612466205093219
"19285","20074.16",19285,27965709,-0.51701190663939
"19286","20074.16",19286,27968262,-0.0897502021139367
"19287","20074.16",19287,27968695,0.340997100185001
"19288","20074.16",19288,27969385,-0.365855774355227
"19289","20074.16",19289,27969978,1.33087928726173
"19290","20074.16",19290,27972781,-0.874268216856782
"19291","20074.16",19291,27974487,0.0386558854165271
"19292","20074.16",19292,27975228,-0.376459383896051
"19293","20074.16",19293,27975812,-0.0863044015405112
"19294","20074.16",19294,27980502,0.190462869681483
"19295","20074.16",19295,27984369,-0.476542983252743
"19296","20074.16",19296,27986345,0.280102322793362
"19297","20074.16",19297,27989228,-0.161451252440378
"19298","20074.16",19298,27989435,0.123775578088084
"19299","20074.16",19299,27991685,-0.880062352150881
"19300","20074.16",19300,27991881,-0.609692423175847
"19301","20074.16",19301,27994612,-0.326884090390111
"19302","20074.16",19302,27995322,0.150377908215115
"19303","20074.16",19303,27995395,-0.57213634024871
"19304","20074.16",19304,27998866,0.107119806481886
"19305","20074.16",19305,28002315,-0.219317967505614
"19306","20074.16",19306,28003221,0.26544872178805
"19307","20074.16",19307,28003416,-1.3459034690825
"19308","20074.16",19308,28003536,0.954192148816946
"19309","20074.16",19309,28004909,0.155402819310084
"19310","20074.16",19310,28004943,0.379618231129792
"19311","20074.16",19311,28005240,0.748144387443587
"19312","20074.16",19312,28005570,-0.0599345850560269
"19313","20074.16",19313,28006300,-0.348727952285903
"19314","20074.16",19314,28006886,-0.535778558992321
"19315","20074.16",19315,28008414,-0.571380778952895
"19316","20074.16",19316,28008538,0.552624797082072
"19317","20074.16",19317,28008919,-0.159627154375606
"19318","20074.16",19318,28010216,-0.241082722037882
"19319","20074.16",19319,28011084,0.379268442675495
"19320","20074.16",19320,28018739,0.0671957715702831
"19321","20074.16",19321,28019940,0.264909015141318
"19322","20074.16",19322,28021408,0.198646318623113
"19323","20074.16",19323,28021832,1.0028727742086
"19324","20074.16",19324,28021982,-0.531242501249749
"19325","20074.16",19325,28023056,0.322542860347723
"19326","20074.16",19326,28023761,-0.3432174270274
"19327","20074.16",19327,28023853,-0.228248773803092
"19328","20074.16",19328,28025641,-0.341867003928723
"19329","20074.16",19329,28027007,-0.254835594308341
"19330","20074.16",19330,28029473,0.27348117375971
"19331","20074.16",19331,28030028,-0.948241727552687
"19332","20074.16",19332,28031324,0.00113939084388015
"19333","20074.16",19333,28034452,-1.38392069133457
"19334","20074.16",19334,28038093,0.684398738904126
"19335","20074.16",19335,28038581,0.518691806522891
"19336","20074.16",19336,28038778,0.752606040169469
"19337","20074.16",19337,28039380,-0.493339008699581
"19338","20074.16",19338,28043497,-0.100608626742804
"19339","20074.16",19339,28043558,0.000876346557533658
"19340","20074.16",19340,28043615,0.382162046220595
"19341","20074.16",19341,28048298,-1.19536973230648
"19342","20074.16",19342,28048790,0.488963175029011
"19343","20074.16",19343,28049674,-0.330324588415179
"19344","20074.16",19344,28051482,-0.947049999282498
"19345","20074.16",19345,28052407,-0.969321994767261
"19346","20074.16",19346,28052963,-0.0586468925649308
"19347","20074.16",19347,28053873,0.209883286161999
"19348","20074.16",19348,28054732,0.153279425258704
"19349","20074.16",19349,28054854,0.427287219000136
"19350","20074.16",19350,28055513,-0.0734987730914245
"19351","20074.16",19351,28055722,0.962469275294827
"19352","20074.16",19352,28058084,-0.400954969175186
"19353","20074.16",19353,28058329,-1.01904132474876
"19354","20074.16",19354,28058833,-0.487981844935454
"19355","20074.16",19355,28062428,0.147835862244709
"19356","20074.16",19356,28062704,-0.200679747168659
"19357","20074.16",19357,28063948,-0.479459743804514
"19358","20074.16",19358,28064410,-0.816542576622826
"19359","20074.16",19359,28064582,-0.128927317303532
"19360","20074.16",19360,28064827,0.491080670140829
"19361","20074.16",19361,28067498,0.107425828805264
"19362","20074.16",19362,28072670,0.618204928180247
"19363","20074.16",19363,28072840,-0.735236367548655
"19364","20074.16",19364,28072982,-0.88556848855215
"19365","20074.16",19365,28076180,0.151383400468051
"19366","20074.16",19366,28076486,0.0689756560956258
"19367","20074.16",19367,28076568,-0.802155197202484
"19368","20074.16",19368,28077053,0.0993890185838708
"19369","20074.16",19369,28079799,0.0583342703557994
"19370","20074.16",19370,28088850,-0.482558795683119
"19371","20074.16",19371,28090248,0.271299621389727
"19372","20074.16",19372,28090263,0.808697486225479
"19373","20074.16",19373,28092262,-0.542239541793558
"19374","20074.16",19374,28094036,0.299121981996668
"19375","20074.16",19375,28096447,-0.827331579778692
"19376","20074.16",19376,28097191,0.344974848599214
"19377","20074.16",19377,28097915,-1.41825421747246
"19378","20074.16",19378,28099406,-1.07517555923199
"19379","20074.16",19379,28101432,-1.78696259420843
"19380","20074.16",19380,28101885,0.915972780007585
"19381","20074.16",19381,28105225,-0.340580041885596
"19382","20074.16",19382,28105250,-0.783321888211547
"19383","20074.16",19383,28105287,-0.801677838459092
"19384","20074.16",19384,28105898,-0.944924058239254
"19385","20074.16",19385,28105981,-0.308030855576486
"19386","20074.16",19386,28107372,-0.0424089775366445
"19387","20074.16",19387,28107474,-0.911149070720643
"19388","20074.16",19388,28111214,0.138601126049516
"19389","20074.16",19389,28114698,-0.240607334290635
"19390","20074.16",19390,28115392,-1.05839507359663
"19391","20074.16",19391,28116251,-0.185750324167699
"19392","20074.16",19392,28116401,0.714847329157833
"19393","20074.16",19393,28117093,-0.407635720349143
"19394","20074.16",19394,28117111,0.757134146544597
"19395","20074.16",19395,28117806,0.0891025786930468
"19396","20074.16",19396,28117846,-0.0166673266041837
"19397","20074.16",19397,28117889,-0.0388307102496208
"19398","20074.16",19398,28119128,-0.623902408471272
"19399","20074.16",19399,28119557,-1.01902985045658
"19400","20074.16",19400,28119756,-1.40374709731835
"19401","20074.16",19401,28119824,-0.0499118161451673
"19402","20074.16",19402,28120346,-0.337855193929285
"19403","20074.16",19403,28123570,-0.367615037074656
"19404","20074.16",19404,28126712,0.412763089014681
"19405","20074.16",19405,28128107,-0.305781643588785
"19406","20074.16",19406,28128338,0.249628710577666
"19407","20074.16",19407,28128667,0.48470282638663
"19408","20074.16",19408,28128681,0.0715084701258348
"19409","20074.16",19409,28130209,-0.0358155185140703
"19410","20074.16",19410,28130966,0.27094807036501
"19411","20074.16",19411,28131115,0.782743841507032
"19412","20074.16",19412,28134480,-0.000275772248375716
"19413","20074.16",19413,28135016,-0.447609939319884
"19414","20074.16",19414,28135686,-0.147017559005152
"19415","20074.16",19415,28135911,-0.171597586736162
"19416","20074.16",19416,28136131,-0.111116106913996
"19417","20074.16",19417,28137966,-0.232958780242073
"19418","20074.16",19418,28139343,-0.102409306712589
"19419","20074.16",19419,28139620,0.397245038163589
"19420","20074.16",19420,28141368,-0.261000694398489
"19421","20074.16",19421,28142587,0.0303919859346182
"19422","20074.16",19422,28143041,-0.067318407715371
"19423","20074.16",19423,28143185,0.233536313157363
"19424","20074.16",19424,28148433,-0.150331029460691
"19425","20074.16",19425,28149445,0.076980558006487
"19426","20074.16",19426,28149774,0.135445278807429
"19427","20074.16",19427,28149914,-0.535012200542959
"19428","20074.16",19428,28150979,-0.996548459288614
"19429","20074.16",19429,28152094,-0.78432362623678
"19430","20074.16",19430,28153840,0.377813315543988
"19431","20074.16",19431,28154744,0.231769707457889
"19432","20074.16",19432,28154759,0.838020195154793
"19433","20074.16",19433,28155520,0.295539784892044
"19434","20074.16",19434,28156454,-0.458668482025575
"19435","20074.16",19435,28157357,-2.0335710037188
"19436","20074.16",19436,28162155,0.111335995070413
"19437","20074.16",19437,28162217,0.156314247482235
"19438","20074.16",19438,28162756,0.0248732713470607
"19439","20074.16",19439,28169057,-0.69162441580739
"19440","20074.16",19440,28169337,0.49961472840149
"19441","20074.16",19441,28169715,0.134217189334514
"19442","20074.16",19442,28171011,-0.715996910168649
"19443","20074.16",19443,28173110,-0.850305382351388
"19444","20074.16",19444,28176212,-0.00364086362201732
"19445","20074.16",19445,28178438,0.341060368090111
"19446","20074.16",19446,28178649,0.74564809159873
"19447","20074.16",19447,28181297,0.187891512488152
"19448","20074.16",19448,28181797,-0.335277925300255
"19449","20074.16",19449,28181847,0.299243067111278
"19450","20074.16",19450,28187602,-0.464160310732225
"19451","20074.16",19451,28188166,-0.369415516020094
"19452","20074.16",19452,28189573,0.0119029505906036
"19453","20074.16",19453,28191487,-0.937345965215001
"19454","20074.16",19454,28191811,-0.500425039126202
"19455","20074.16",19455,28193660,0.654384091744171
"19456","20074.16",19456,28194177,0.653462497795542
"19457","20074.16",19457,28198023,0.141439970366662
"19458","20074.16",19458,28199297,0.377520150806325
"19459","20074.16",19459,28199947,-0.248546324634602
"19460","20074.16",19460,28202478,-0.135048684909547
"19461","20074.16",19461,28202697,-0.521149626939891
"19462","20074.16",19462,28202940,-0.0868800044979245
"19463","20074.16",19463,28208866,0.84623450526111
"19464","20074.16",19464,28209725,0.0096004099981739
"19465","20074.16",19465,28214773,-0.0835167470357545
"19466","20074.16",19466,28214822,-0.119390046843001
"19467","20074.16",19467,28215154,-0.518368404389658
"19468","20074.16",19468,28215693,0.646618784169953
"19469","20074.16",19469,28215721,0.900314267522654
"19470","20074.16",19470,28216168,0.179464860734273
"19471","20074.16",19471,28216605,0.6010735878824
"19472","20074.16",19472,28216674,0.560587942320445
"19473","20074.16",19473,28218220,0.00282465239206342
"19474","20074.16",19474,28220408,-0.466882776201661
"19475","20074.16",19475,28222391,-0.687343831668848
"19476","20074.16",19476,28230933,0.305398229152657
"19477","20074.16",19477,28235352,-0.30123630438371
"19478","20074.16",19478,28239474,-1.04180137114011
"19479","20074.16",19479,28239935,-0.0841956191720676
"19480","20074.16",19480,28240330,-0.160401686275504
"19481","20074.16",19481,28240380,-0.477704646358555
"19482","20074.16",19482,28242888,-1.00853158307085
"19483","20074.16",19483,28243077,0.71112283879003
"19484","20074.16",19484,28243151,-0.17196748446741
"19485","20074.16",19485,28243289,0.323962931385943
"19486","20074.16",19486,28243366,0.00855233022550017
"19487","20074.16",19487,28244337,0.37286792962635
"19488","20074.16",19488,28245833,0.00390673444987666
"19489","20074.16",19489,28246247,0.0133551339520803
"19490","20074.16",19490,28246668,0.574653854657716
"19491","20074.16",19491,28249617,-0.360334246450853
"19492","20074.16",19492,28250533,0.143793320955282
"19493","20074.16",19493,28251856,0.277000492960895
"19494","20074.16",19494,28255128,-0.120451502453723
"19495","20074.16",19495,28257419,1.43539457808949
"19496","20074.16",19496,28258384,-0.632984832969264
"19497","20074.16",19497,28263512,0.769984677964605
"19498","20074.16",19498,28264293,0.133156158449074
"19499","20074.16",19499,28264672,0.441943815049119
"19500","20074.16",19500,28264853,-0.332802984181909
"19501","20074.16",19501,28265193,0.354266544606246
"19502","20074.16",19502,28265785,-0.173778285858162
"19503","20074.16",19503,28266156,-0.0444295392710092
"19504","20074.16",19504,28266301,-0.30024074389184
"19505","20074.16",19505,28268913,0.976107832146956
"19506","20074.16",19506,28269101,0.571979807601593
"19507","20074.16",19507,28269653,-0.909687954591158
"19508","20074.16",19508,28271210,-0.0771075693023144
"19509","20074.16",19509,28273097,0.859562590458295
"19510","20074.16",19510,28276242,0.0657726658288187
"19511","20074.16",19511,28277015,-0.460049909730694
"19512","20074.16",19512,28277449,-0.9872067757494
"19513","20074.16",19513,28278222,0.188411327837537
"19514","20074.16",19514,28282916,-0.925186791149006
"19515","20074.16",19515,28283287,0.828677677540724
"19516","20074.16",19516,28283301,-0.57321970200976
"19517","20074.16",19517,28283316,-0.0796171920355171
"19518","20074.16",19518,28283735,-0.261170435041625
"19519","20074.16",19519,28283750,-1.29862517575962
"19520","20074.16",19520,28290182,-0.477818243065172
"19521","20074.16",19521,28290927,0.320941875050894
"19522","20074.16",19522,28291954,-0.764897184337556
"19523","20074.16",19523,28294821,-0.457647190908288
"19524","20074.16",19524,28295306,-0.488611504436411
"19525","20074.16",19525,28297312,-0.981317820708398
"19526","20074.16",19526,28298079,0.663459827439142
"19527","20074.16",19527,28299944,-0.603148807484433
"19528","20074.16",19528,28302381,-1.58670549533472
"19529","20074.16",19529,28307940,-0.883192197399197
"19530","20074.16",19530,28311726,-0.88719784989813
"19531","20074.16",19531,28313634,-0.82059565478009
"19532","20074.16",19532,28317237,0.7865498833401
"19533","20074.16",19533,28317380,-0.915581857773782
"19534","20074.16",19534,28320048,-0.496378610290672
"19535","20074.16",19535,28321148,-0.365847525668907
"19536","20074.16",19536,28322337,0.280441542722087
"19537","20074.16",19537,28324009,-0.825278814161481
"19538","20074.16",19538,28325766,-1.61451969284173
"19539","20074.16",19539,28325859,-1.17907505835333
"19540","20074.16",19540,28326800,-0.0221994520016287
"19541","20074.16",19541,28328559,-0.76440371703649
"19542","20074.16",19542,28336737,0.13689745049263
"19543","20074.16",19543,28336882,-0.0376593113041963
"19544","20074.16",19544,28337178,-0.430013794096876
"19545","20074.16",19545,28340582,-1.14955399620262
"19546","20074.16",19546,28341773,0.182992279401358
"19547","20074.16",19547,28384478,-0.147863064381765
"19548","20074.16",19548,28389591,0.471295448113879
"19549","20074.16",19549,28485241,-0.649730501698533
"19550","20074.16",19550,28485420,-0.798028547160316
"19551","20074.16",19551,28486943,0.385625055744319
"19552","20074.16",19552,28488334,-0.944678811405545
"19553","20074.16",19553,28490494,-0.844980872365148
"19554","20074.16",19554,28490517,-0.124083045842913
"19555","20074.16",19555,28515505,-0.37871487467916
"19556","20074.16",19556,28526627,-0.0305950040125218
"19557","20074.16",19557,28528599,-0.561637632798567
"19558","20074.16",19558,28528623,0.684684629529817
"19559","20074.16",19559,28529102,-0.0879328977027782
"19560","20074.16",19560,28536202,0.193270387582603
"19561","20074.16",19561,28536426,0.377222303190796
"19562","20074.16",19562,28544068,0.505029755947493
"19563","20074.16",19563,28545587,-0.13044955282365
"19564","20074.16",19564,28549508,-0.310098353113114
"19565","20074.16",19565,28554074,-0.502512136273792
"19566","20074.16",19566,28554108,-0.0238748046112303
"19567","20074.16",19567,28554648,-0.529310411675102
"19568","20074.16",19568,28555485,-1.20494422368417
"19569","20074.16",19569,28563134,-0.341167702024582
"19570","20074.16",19570,28563472,-0.740640557082696
"19571","20074.16",19571,28565115,0.100881148733186
"19572","20074.16",19572,28567968,-0.855246787405298
"19573","20074.16",19573,28568544,-0.109150392489969
"19574","20074.16",19574,28568678,0.705378684371824
"19575","20074.16",19575,28569937,0.0570588880070657
"19576","20074.16",19576,28570005,0.832364943065358
"19577","20074.16",19577,28570321,0.785497826061945
"19578","20074.16",19578,28571030,0.0284790284950667
"19579","20074.16",19579,28573538,0.210727456696648
"19580","20074.16",19580,28573717,-0.935694371337219
"19581","20074.16",19581,28573941,-0.11179712825846
"19582","20074.16",19582,28581073,0.272378961544569
"19583","20074.16",19583,28581261,-0.735384135484858
"19584","20074.16",19584,28585588,-0.678806687697087
"19585","20074.16",19585,28585810,0.21663039553489
"19586","20074.16",19586,28586127,0.417626826854955
"19587","20074.16",19587,28586529,-0.387288198806059
"19588","20074.16",19588,28587315,0.530881439601901
"19589","20074.16",19589,28589774,0.486993654355671
"19590","20074.16",19590,28591530,0.0135402365158166
"19591","20074.16",19591,28593070,-0.386986240938395
"19592","20074.16",19592,28593316,0.0793489439635415
"19593","20074.16",19593,28593347,-0.413206007382605
"19594","20074.16",19594,28593428,-0.616764461989572
"19595","20074.16",19595,28593597,0.729791097956231
"19596","20074.16",19596,28596390,-0.822114667628584
"19597","20074.16",19597,28596884,-0.0202650950015615
"19598","20074.16",19598,28598913,-0.479013994072469
"19599","20074.16",19599,28600277,-0.506997984173267
"19600","20074.16",19600,28600381,1.02681771102979
"19601","20074.16",19601,28600458,0.77562367457456
"19602","20074.16",19602,28601346,0.392692048963482
"19603","20074.16",19603,28605012,-1.02811433615948
"19604","20074.16",19604,28605169,0.0820255513975123
"19605","20074.16",19605,28605319,0.150016771125018
"19606","20074.16",19606,28623394,0.765211578460407
"19607","20074.16",19607,28631585,-0.44776145693139
"19608","20074.16",19608,28632021,0.0181653372574475
"19609","20074.16",19609,28649204,-1.03327080537636
"19610","20074.16",19610,28708200,-0.511349818409573
"19611","20074.16",19611,28747535,-0.113840778607376
"19612","20074.16",19612,28753452,-0.811203906436676
"19613","20074.16",19613,28763849,-0.0576055113386955
"19614","20074.16",19614,28823928,-0.529504917287289
"19615","20074.16",19615,28824653,0.290393902451064
"19616","20074.16",19616,28824872,-0.0277885159869813
"19617","20074.16",19617,28825605,-0.431661839285569
"19618","20074.16",19618,28832687,-0.245995617986013
"19619","20074.16",19619,28837515,0.65150158927884
"19620","20074.16",19620,28837906,-0.204614932518004
"19621","20074.16",19621,28838073,0.171134676686372
"19622","20074.16",19622,28839167,-0.49471045475987
"19623","20074.16",19623,28840442,0.710622565231497
"19624","20074.16",19624,28841777,0.263739257286699
"19625","20074.16",19625,28844068,-0.410489299502556
"19626","20074.16",19626,28852801,-0.385021969212789
"19627","20074.16",19627,28856819,0.0271030549564486
"19628","20074.16",19628,28858706,0.198397932131897
"19629","20074.16",19629,28868696,-0.218114302742709
"19630","20074.16",19630,28871966,-0.605504905136348
"19631","20074.16",19631,28887946,0.0750173180547726
"19632","20074.16",19632,28890872,-1.50067966397715
"19633","20074.16",19633,28895913,-0.870549033379868
"19634","20074.16",19634,28897947,-0.607096695182095
"19635","20074.16",19635,28898522,0.316266738216066
"19636","20074.16",19636,28904780,0.799844177772617
"19637","20074.16",19637,28907592,0.0118168343710794
"19638","20074.16",19638,28909622,-0.292738948708736
"19639","20074.16",19639,28911885,-0.303446445493075
"19640","20074.16",19640,28912283,-0.725620384693352
"19641","20074.16",19641,28922149,-1.07021389351541
"19642","20074.16",19642,28924079,-0.11657548510491
"19643","20074.16",19643,28926214,-0.400300976573714
"19644","20074.16",19644,28932248,0.373006488181809
"19645","20074.16",19645,28934930,-0.862246827678513
"19646","20074.16",19646,28935530,-0.0477183427004118
"19647","20074.16",19647,28938304,-0.00539076647289782
"19648","20074.16",19648,28941166,-0.813778680418474
"19649","20074.16",19649,28941979,0.344228717581962
"19650","20074.16",19650,28950761,0.167962628504869
"19651","20074.16",19651,28951925,-0.00972727273861196
"19652","20074.16",19652,28953008,0.0824979998445734
"19653","20074.16",19653,28957429,-0.131537769537835
"19654","20074.16",19654,28958208,0.153638397589462
"19655","20074.16",19655,28972692,-0.102508406787024
"19656","20074.16",19656,28973380,-1.15880576309563
"19657","20074.16",19657,28975712,0.555171439852995
"19658","20074.16",19658,28976222,-0.386427840287896
"19659","20074.16",19659,28976586,-0.519203767600285
"19660","20074.16",19660,28979297,0.0574861983450141
"19661","20074.16",19661,28984972,0.343370424858374
"19662","20074.16",19662,28985837,-0.358092485036608
"19663","20074.16",19663,28988269,0.0915212467280266
"19664","20074.16",19664,28988358,-0.833319072346076
"19665","20074.16",19665,28991454,-0.339341251691289
"19666","20074.16",19666,28992421,0.208139269607183
"19667","20074.16",19667,28993049,-0.770424759004696
"19668","20074.16",19668,28998949,-0.0786843757402291
"19669","20074.16",19669,28998971,-0.192332084742638
"19670","20074.16",19670,29003108,-0.454536890243224
"19671","20074.16",19671,29003371,0.307447639724153
"19672","20074.16",19672,29003699,-0.0800270559576948
"19673","20074.16",19673,29006874,0.138793056326043
"19674","20074.16",19674,29007408,-0.941809295033437
"19675","20074.16",19675,29016528,-0.59525457379421
"19676","20074.16",19676,29017555,0.256616483666147
"19677","20074.16",19677,29017846,-0.0949289211941524
"19678","20074.16",19678,29018188,-0.574156846668421
"19679","20074.16",19679,29021954,-1.22260330477433
"19680","20074.16",19680,29024438,-0.395809301588015
"19681","20074.16",19681,29025229,0.191537179347265
"19682","20074.16",19682,29025978,0.454724558369578
"19683","20074.16",19683,29032294,-0.983414194422545
"19684","20074.16",19684,29032802,0.64165538151372
"19685","20074.16",19685,29041999,-0.893934121724423
"19686","20074.16",19686,29042014,0.232063974877789
"19687","20074.16",19687,29043450,0.260988055947434
"19688","20074.16",19688,29043876,-0.716609975755584
"19689","20074.16",19689,29090043,0.0206558138574877
"19690","20074.16",19690,29095341,0.330002725840086
"19691","20074.16",19691,29095438,0.409224947129423
"19692","20074.16",19692,29097490,0.18711289364608
"19693","20074.16",19693,29098133,0.38285357011491
"19694","20074.16",19694,29101402,0.79579560337474
"19695","20074.16",19695,29103032,0.73810506413943
"19696","20074.16",19696,29109939,-0.384346643514673
"19697","20074.16",19697,29113902,-0.294337447245309
"19698","20074.16",19698,29125761,-0.0957715283436427
"19699","20074.16",19699,29126086,0.0670772767103776
"19700","20074.16",19700,29127260,1.34915113256833
"19701","20074.16",19701,29128462,1.14423732805872
"19702","20074.16",19702,29132882,-0.433757345752065
"19703","20074.16",19703,29132977,-0.514768970177115
"19704","20074.16",19704,29133187,-0.456948860663474
"19705","20074.16",19705,29133236,-0.851552928503638
"19706","20074.16",19706,29133275,0.225467195918249
"19707","20074.16",19707,29133566,-0.714028815455185
"19708","20074.16",19708,29133617,-0.639231835657762
"19709","20074.16",19709,29133670,-0.378239536122408
"19710","20074.16",19710,29133685,0.0949420912204486
"19711","20074.16",19711,29133820,-0.59271168394531
"19712","20074.16",19712,29133896,-0.245802883233806
"19713","20074.16",19713,29134001,0.1113085685679
"19714","20074.16",19714,29134084,-0.267741684924377
"19715","20074.16",19715,29134097,-0.396783861230953
"19716","20074.16",19716,29134105,-0.224178207151621
"19717","20074.16",19717,29134119,0.398806180159027
"19718","20074.16",19718,29135279,-0.0501496275381541
"19719","20074.16",19719,29137654,-0.541131849088074
"19720","20074.16",19720,29138466,-0.0848807623350556
"19721","20074.16",19721,29139021,-0.093835389506295
"19722","20074.16",19722,29140688,1.02522315314147
"19723","20074.16",19723,29140754,1.09557386075058
"19724","20074.16",19724,29146427,-0.238992563314412
"19725","20074.16",19725,29149226,-1.1807267380635
"19726","20074.16",19726,29150147,0.7561906221692
"19727","20074.16",19727,29151299,-0.0893564097942976
"19728","20074.16",19728,29159435,0.224896568235851
"19729","20074.16",19729,29160297,-0.91459653896446
"19730","20074.16",19730,29166345,-1.20769234781299
"19731","20074.16",19731,29166988,0.208557865671237
"19732","20074.16",19732,29168006,0.70936153267092
"19733","20074.16",19733,29169055,-0.729163674177921
"19734","20074.16",19734,29174098,-0.157523845435386
"19735","20074.16",19735,29175062,-0.745391162826179
"19736","20074.16",19736,29178163,0.212091417102559
"19737","20074.16",19737,29178487,0.965594570133159
"19738","20074.16",19738,29182190,0.490094292976154
"19739","20074.16",19739,29182236,-0.372892130065768
"19740","20074.16",19740,29182370,-0.37180525229955
"19741","20074.16",19741,29184698,0.489452097023887
"19742","20074.16",19742,29185358,-0.0449353964198824
"19743","20074.16",19743,29186364,-0.417556455769497
"19744","20074.16",19744,29188221,0.312847719488828
"19745","20074.16",19745,29190483,0.192649601451152
"19746","20074.16",19746,29191937,-0.0920987557474078
"19747","20074.16",19747,29193105,-0.323659202867224
"19748","20074.16",19748,29194415,0.786731304173302
"19749","20074.16",19749,29199369,0.047758400959701
"19750","20074.16",19750,29202260,0.391285325057413
"19751","20074.16",19751,29206615,0.0946448474147292
"19752","20074.16",19752,29207159,0.561730907288465
"19753","20074.16",19753,29215079,-0.340450524524837
"19754","20074.16",19754,29215773,0.12048342433715
"19755","20074.16",19755,29216230,-0.723277233445577
"19756","20074.16",19756,29216406,-0.8682892071001
"19757","20074.16",19757,29222746,-0.973505501705902
"19758","20074.16",19758,29227399,-0.583704807012734
"19759","20074.16",19759,29228594,-0.949526021465255
"19760","20074.16",19760,29230195,1.07865407248623
"19761","20074.16",19761,29230332,-0.163734781610041
"19762","20074.16",19762,29232677,0.118457375547636
"19763","20074.16",19763,29233686,0.419746843537516
"19764","20074.16",19764,29234043,1.88580933065445
"19765","20074.16",19765,29234539,-0.819442792744455
"19766","20074.16",19766,29241432,0.35076518024336
"19767","20074.16",19767,29250915,0.180540600829189
"19768","20074.16",19768,29251113,0.500084410853872
"19769","20074.16",19769,29251861,0.130272864214434
"19770","20074.16",19770,29254981,-0.824949371146661
"19771","20074.16",19771,29256453,-0.759670474396723
"19772","20074.16",19772,29257687,-0.247469710652785
"19773","20074.16",19773,29258036,0.954689027839266
"19774","20074.16",19774,29260552,0.331866842079083
"19775","20074.16",19775,29262570,0.101731826291941
"19776","20074.16",19776,29268671,0.235433996408451
"19777","20074.16",19777,29271175,0.468070079142676
"19778","20074.16",19778,29272605,0.581340502868559
"19779","20074.16",19779,29276795,-0.838982439230931
"19780","20074.16",19780,29279750,0.00266983369824025
"19781","20074.16",19781,29280525,-0.541384940416586
"19782","20074.16",19782,29281054,0.282310043580314
"19783","20074.16",19783,29281056,0.020948327502909
"19784","20074.16",19784,29281766,-0.0607347742706281
"19785","20074.16",19785,29283704,-0.0918500553787416
"19786","20074.16",19786,29287978,0.0404205801928468
"19787","20074.16",19787,29288204,-0.103766672396583
"19788","20074.16",19788,29288634,0.627002481444145
"19789","20074.16",19789,29288797,0.0456605280407771
"19790","20074.16",19790,29289977,0.736365150927781
"19791","20074.16",19791,29292637,0.476552563842335
"19792","20074.16",19792,29293267,-0.435312792427381
"19793","20074.16",19793,29294123,-0.229892644811897
"19794","20074.16",19794,29295252,-0.117686161909591
"19795","20074.16",19795,29297706,0.21570231234791
"19796","20074.16",19796,29298565,-0.215205893718675
"19797","20074.16",19797,29304432,-0.256390648267642
"19798","20074.16",19798,29305555,-0.673324799195089
"19799","20074.16",19799,29308086,-0.119606232281389
"19800","20074.16",19800,29311063,-0.121742594188087
"19801","20074.16",19801,29311897,0.13527903492862
"19802","20074.16",19802,29311958,0.0676376080381909
"19803","20074.16",19803,29312254,0.147260872040135
"19804","20074.16",19804,29323806,0.407373273224729
"19805","20074.16",19805,29325622,-0.178614486869039
"19806","20074.16",19806,29328430,1.2932432035164
"19807","20074.16",19807,29330666,-0.70783036696523
"19808","20074.16",19808,29335736,-0.62186435677109
"19809","20074.16",19809,29337127,0.43797300591159
"19810","20074.16",19810,29337658,0.273612710699207
"19811","20074.16",19811,29338527,0.710609264812434
"19812","20074.16",19812,29340607,0.469090162760291
"19813","20074.16",19813,29342602,-0.574648541405364
"19814","20074.16",19814,29345440,0.893417028543865
"19815","20074.16",19815,29347130,-0.390723359765384
"19816","20074.16",19816,29351779,-0.569102955951917
"19817","20074.16",19817,29351840,-0.892466969151104
"19818","20074.16",19818,29358351,0.617731369907863
"19819","20074.16",19819,29358365,0.0721877652435259
"19820","20074.16",19820,29379782,-0.180993313226479
"19821","20074.16",19821,29402314,-1.1086898368172
"19822","20074.16",19822,29412503,0.99355813223028
"19823","20074.16",19823,29421708,-0.478813833322869
"19824","20074.16",19824,29422410,-0.88060871950641
"19825","20074.16",19825,29422514,0.471630686691385
"19826","20074.16",19826,29426413,1.07499044869202
"19827","20074.16",19827,29428540,1.04088530177779
"19828","20074.16",19828,29428546,0.617298513301402
"19829","20074.16",19829,29432712,0.0350403241245996
"19830","20074.16",19830,29438340,0.639259887650746
"19831","20074.16",19831,29439227,1.36128205382188
"19832","20074.16",19832,29517712,-0.0512093340515287
"19833","20074.16",19833,29567310,0.11752803841317
"19834","20074.16",19834,29580035,-0.398789272711647
"19835","20074.16",19835,29580611,0.392721541890551
"19836","20074.16",19836,29581115,0.426111455834733
"19837","20074.16",19837,29591341,0.389195838841299
"19838","20074.16",19838,29591403,-0.842785369546754
"19839","20074.16",19839,29591770,-0.962966233947792
"19840","20074.16",19840,29592378,0.189799196117286
"19841","20074.16",19841,29597837,0.12866583279912
"19842","20074.16",19842,29600893,-0.793823564123969
"19843","20074.16",19843,29601010,-0.489997316171394
"19844","20074.16",19844,29608216,0.0683673082458895
"19845","20074.16",19845,29613508,0.330324086455019
"19846","20074.16",19846,29615963,-0.414039339903239
"19847","20074.16",19847,29616281,-0.411184386955895
"19848","20074.16",19848,29622709,0.260733464852906
"19849","20074.16",19849,29628676,-0.262462838547771
"19850","20074.16",19850,29631370,-0.261176976897081
"19851","20074.16",19851,29632017,-0.506799514571709
"19852","20074.16",19852,29632030,0.887043649267073
"19853","20074.16",19853,29638641,0.17220920294638
"19854","20074.16",19854,29651649,1.38085536463529
"19855","20074.16",19855,29652488,1.06090558199965
"19856","20074.16",19856,29653752,0.0243925421424311
"19857","20074.16",19857,29654603,-1.53848931846386
"19858","20074.16",19858,29656093,-0.548195823227549
"19859","20074.16",19859,29656109,-0.258097284524355
"19860","20074.16",19860,29656210,-0.820790741287897
"19861","20074.16",19861,29657398,-0.376173987617839
"19862","20074.16",19862,29661217,-0.30422257993433
"19863","20074.16",19863,29663173,0.112742523420393
"19864","20074.16",19864,29664260,-0.349304860869159
"19865","20074.16",19865,29671921,0.418008739774344
"19866","20074.16",19866,29672582,1.17269382725061
"19867","20074.16",19867,29673071,-0.78552846156057
"19868","20074.16",19868,29673203,0.141190379407431
"19869","20074.16",19869,29677987,-0.070896449882258
"19870","20074.16",19870,29679198,-0.02819770050999
"19871","20074.16",19871,29679469,-0.0698986036299418
"19872","20074.16",19872,29679785,-0.111317291191455
"19873","20074.16",19873,29681597,-1.03078822594941
"19874","20074.16",19874,29683762,-0.0683630550328864
"19875","20074.16",19875,29686772,0.296755713314849
"19876","20074.16",19876,29687610,-0.544908896628994
"19877","20074.16",19877,29688512,-0.0357286527675491
"19878","20074.16",19878,29696974,-0.822360675850114
"19879","20074.16",19879,29698606,-0.259592548345223
"19880","20074.16",19880,29698625,-1.18194696407774
"19881","20074.16",19881,29698625,-0.228368031159831
"19882","20074.16",19882,29698710,0.188856749685867
"19883","20074.16",19883,29699181,-1.43478354293468
"19884","20074.16",19884,29699787,-0.400263958890311
"19885","20074.16",19885,29700443,0.520052048103904
"19886","20074.16",19886,29700717,-0.197307184279615
"19887","20074.16",19887,29718737,-0.618847787661863
"19888","20074.16",19888,29740645,-0.305782629053443
"19889","20074.16",19889,29742594,0.0120500609491829
"19890","20074.16",19890,29745155,0.033342749833972
"19891","20074.16",19891,29749535,-0.0921932809166304
"19892","20074.16",19892,29749904,0.86200200491113
"19893","20074.16",19893,29749952,-0.17740664536468
"19894","20074.16",19894,29751267,-0.193103217845569
"19895","20074.16",19895,29752345,0.209196116971022
"19896","20074.16",19896,29752794,0.167831486665903
"19897","20074.16",19897,29753249,-0.179495933667217
"19898","20074.16",19898,29773442,0.837724276830524
"19899","20074.16",19899,29774342,0.441063522389503
"19900","20074.16",19900,29775947,0.0391593284306992
"19901","20074.16",19901,29775993,0.70308945653128
"19902","20074.16",19902,29783680,-0.803971603986334
"19903","20074.16",19903,29791721,-0.242373889665724
"19904","20074.16",19904,29802669,-0.258553967318665
"19905","20074.16",19905,29804878,0.312154561217201
"19906","20074.16",19906,29812996,0.197737473652633
"19907","20074.16",19907,29826538,-0.199395200690041
"19908","20074.16",19908,29828663,-0.203704217382435
"19909","20074.16",19909,29829370,0.184738821927009
"19910","20074.16",19910,29830694,0.399530877152837
"19911","20074.16",19911,29832873,-0.123761655314314
"19912","20074.16",19912,29833714,-0.909976421923809
"19913","20074.16",19913,29835580,-0.398349382722844
"19914","20074.16",19914,29836497,-0.0397692715496696
"19915","20074.16",19915,29836990,-1.90264294763641
"19916","20074.16",19916,29837108,0.323397765168605
"19917","20074.16",19917,29840811,-0.67269318617786
"19918","20074.16",19918,29841225,0.641711121238886
"19919","20074.16",19919,29841410,-1.43879038934873
"19920","20074.16",19920,29845685,0.126062761053577
"19921","20074.16",19921,29848014,-0.14148881236854
"19922","20074.16",19922,29848417,0.294861768030828
"19923","20074.16",19923,29848795,-0.565320155483246
"19924","20074.16",19924,29851738,-0.173476274754495
"19925","20074.16",19925,29852617,-0.321541658730441
"19926","20074.16",19926,29852933,0.273178378180421
"19927","20074.16",19927,29855567,-0.363848365340119
"19928","20074.16",19928,29855885,-0.493244541317067
"19929","20074.16",19929,29858233,-0.669921972243221
"19930","20074.16",19930,29861125,-0.462180199127388
"19931","20074.16",19931,29861447,0.453354530985895
"19932","20074.16",19932,29862144,0.151306257361311
"19933","20074.16",19933,29868857,0.378877082675227
"19934","20074.16",19934,29869728,-0.0375698913693032
"19935","20074.16",19935,29872933,-0.00648764582870065
"19936","20074.16",19936,29882490,0.041636503896548
"19937","20074.16",19937,29890526,-0.0609489892964596
"19938","20074.16",19938,29890942,0.0542690251829443
"19939","20074.16",19939,29895956,-0.478263666634671
"19940","20074.16",19940,29898196,0.687663021332443
"19941","20074.16",19941,29902749,-1.083151561581
"19942","20074.16",19942,29905063,-1.1607855568887
"19943","20074.16",19943,29907225,-0.23390409686909
"19944","20074.16",19944,29911260,-0.358774937967109
"19945","20074.16",19945,29914895,-0.324458278355541
"19946","20074.16",19946,29915256,-0.429036288519916
"19947","20074.16",19947,29920489,0.366061980995666
"19948","20074.16",19948,29922074,-0.986216442214012
"19949","20074.16",19949,29926465,-0.00402562247046934
"19950","20074.16",19950,29928115,-0.0559730621431695
"19951","20074.16",19951,29931275,0.393341153497574
"19952","20074.16",19952,29931511,-0.232612928505985
"19953","20074.16",19953,29931863,-0.214414041691853
"19954","20074.16",19954,29931899,0.542952629079639
"19955","20074.16",19955,29932064,0.642795449685015
"19956","20074.16",19956,29939726,-0.119907468596672
"19957","20074.16",19957,29942662,-0.387602767084452
"19958","20074.16",19958,29943778,0.287751281140962
"19959","20074.16",19959,29944832,-0.1694577974625
"19960","20074.16",19960,29946319,-0.150353856172848
"19961","20074.16",19961,29948137,-0.312785927265649
"19962","20074.16",19962,29951903,0.469579952515111
"19963","20074.16",19963,29957812,-0.757556413560143
"19964","20074.16",19964,29958063,-0.212332105864914
"19965","20074.16",19965,29963249,0.183479143916114
"19966","20074.16",19966,29963463,-0.469629404367189
"19967","20074.16",19967,29968015,0.256553190799926
"19968","20074.16",19968,29970357,0.997913161076865
"19969","20074.16",19969,29976533,0.411291124759471
"19970","20074.16",19970,29976826,-0.0298727150208693
"19971","20074.16",19971,29982805,0.0939697595504487
"19972","20074.16",19972,29986525,0.00954183858206203
"19973","20074.16",19973,29988349,-0.145526308592268
"19974","20074.16",19974,29990940,0.197771072753455
"19975","20074.16",19975,29993710,-0.107854710247932
"19976","20074.16",19976,29994036,-0.81788555474771
"19977","20074.16",19977,29995218,6.12676516409394e-05
"19978","20074.16",19978,29995803,0.254562906910162
"19979","20074.16",19979,30000901,0.212477671505986
"19980","20074.16",19980,30001084,0.0535132983113193
"19981","20074.16",19981,30001851,-0.224778306812143
"19982","20074.16",19982,30009718,-0.312726443958419
"19983","20074.16",19983,30010050,-1.2092323362715
"19984","20074.16",19984,30011442,-0.0599072491625625
"19985","20074.16",19985,30016977,-0.0875309657672405
"19986","20074.16",19986,30018500,-0.468779364122885
"19987","20074.16",19987,30019375,-0.653044522673699
"19988","20074.16",19988,30019547,-0.88174287459931
"19989","20074.16",19989,30026393,-0.0348581995036943
"19990","20074.16",19990,30031685,-0.197328924455904
"19991","20074.16",19991,30031717,-1.32787716361699
"19992","20074.16",19992,30034469,0.507590762976146
"19993","20074.16",19993,30043907,0.286798450964363
"19994","20074.16",19994,30044930,-0.28269918381184
"19995","20074.16",19995,30047624,0.0458836697633505
"19996","20074.16",19996,30052388,-0.778784580287387
"19997","20074.16",19997,30056516,-0.484627475270629
"19998","20074.16",19998,30060655,-0.113839486803619
"19999","20074.16",19999,30061543,-0.442121308630437
"20000","20074.16",20000,30062226,-0.655801047749466
"20001","20074.16",20001,30067794,0.872695498557236
"20002","20074.16",20002,30068866,-0.446458274345891
"20003","20074.16",20003,30070239,-0.171159929496786
"20004","20074.16",20004,30085338,-0.613065166571397
"20005","20074.16",20005,30085617,-0.28614009525702
"20006","20074.16",20006,30085663,-0.249951763972809
"20007","20074.16",20007,30089526,-0.082023745566759
"20008","20074.16",20008,30092131,-0.864138250713352
"20009","20074.16",20009,30095355,-0.31271033328886
"20010","20074.16",20010,30095472,-0.63535853203569
"20011","20074.16",20011,30099790,-0.399065861337906
"20012","20074.16",20012,30104388,0.0146354905418384
"20013","20074.16",20013,30107975,-1.06626846035722
"20014","20074.16",20014,30109444,-0.927786158229362
"20015","20074.16",20015,30109480,-0.684378721711931
"20016","20074.16",20016,30120563,-0.541165517544807
"20017","20074.16",20017,30126426,-1.11160451067813
"20018","20074.16",20018,30127743,-0.0539639436840478
"20019","20074.16",20019,30130567,0.0226430126867267
"20020","20074.16",20020,30137062,-0.591951226108435
"20021","20074.16",20021,30137898,-0.27629851952969
"20022","20074.16",20022,30142295,0.257358092478046
"20023","20074.16",20023,30143084,-0.467317971943245
"20024","20074.16",20024,30144897,0.0219642886176121
"20025","20074.16",20025,30148140,-1.21041767718073
"20026","20074.16",20026,30148639,-0.09570189475677
"20027","20074.16",20027,30148802,-0.146092221755609
"20028","20074.16",20028,30148845,0.27463563979699
"20029","20074.16",20029,30148889,-0.29331855649585
"20030","20074.16",20030,30151112,-0.905459065468942
"20031","20074.16",20031,30151298,-0.191799343370639
"20032","20074.16",20032,30151530,0.34015517109725
"20033","20074.16",20033,30154740,0.711434856064519
"20034","20074.16",20034,30155328,-1.01605759742625
"20035","20074.16",20035,30159470,0.135129361964512
"20036","20074.16",20036,30162521,-0.774127751676628
"20037","20074.16",20037,30165725,0.900381198354714
"20038","20074.16",20038,30168342,-0.84875933435499
"20039","20074.16",20039,30169526,-1.57753757019223
"20040","20074.16",20040,30172588,-0.0682467565129237
"20041","20074.16",20041,30176522,0.285278413151558
"20042","20074.16",20042,30177254,0.763655577932961
"20043","20074.16",20043,30177807,0.726741744706835
"20044","20074.16",20044,30178420,0.250132273976038
"20045","20074.16",20045,30189982,-1.1802272507123
"20046","20074.16",20046,30190043,-0.111898165880545
"20047","20074.16",20047,30191908,-0.257729591141346
"20048","20074.16",20048,30226944,0.303576006337344
"20049","20074.16",20049,30302629,0.0148284754546308
"20050","20074.16",20050,30306969,-0.860572778559082
"20051","20074.16",20051,30320016,-0.145089101162179
"20052","20074.16",20052,30320307,1.48363348167961
"20053","20074.16",20053,30320321,0.0636193387552781
"20054","20074.16",20054,30332085,-0.428831395926683
"20055","20074.16",20055,30334147,0.544911061051679
"20056","20074.16",20056,30334837,-0.05709153320932
"20057","20074.16",20057,30344972,0.163690838848287
"20058","20074.16",20058,30348696,-0.562632553034961
"20059","20074.16",20059,30349544,-0.753161737594993
"20060","20074.16",20060,30350762,-2.00909563895962
"20061","20074.16",20061,30352768,0.7417234447419
"20062","20074.16",20062,30370182,-0.738765689189732
"20063","20074.16",20063,30370376,0.0472938043730196
"20064","20074.16",20064,30371115,-0.491134742616449
"20065","20074.16",20065,30371237,0.437859449764036
"20066","20074.16",20066,30373903,-0.0635537750616226
"20067","20074.16",20067,30376486,-0.563368555811571
"20068","20074.16",20068,30376628,0.0955282421676795
"20069","20074.16",20069,30376645,0.0218856763439153
"20070","20074.16",20070,30376663,0.448009574630224
"20071","20074.16",20071,30385503,0.503326794076025
"20072","20074.16",20072,30385837,0.624933473398964
"20073","20074.16",20073,30385922,-0.347765786528413
"20074","20074.16",20074,30386262,0.0476418547690836
"20075","20074.16",20075,30386302,0.205570265031803
"20076","20074.16",20076,30394940,0.326580347688119
"20077","20074.16",20077,30397003,-0.0436509837089591
"20078","20074.16",20078,30397552,-0.47674055787193
"20079","20074.16",20079,30399181,-0.00865444208345334
"20080","20074.16",20080,30415599,0.242449616864641
"20081","20074.16",20081,30421114,-0.0239602968439634
"20082","20074.16",20082,30423167,0.126499773496307
"20083","20074.16",20083,30423511,-0.171698210112
"20084","20074.16",20084,30423751,0.00771751499591655
"20085","20074.16",20085,30444476,0.0862494410823844
"20086","20074.16",20086,30445364,-0.0114790574100674
"20087","20074.16",20087,30445637,-0.135895669713527
"20088","20074.16",20088,30452241,0.212126644051316
"20089","20074.16",20089,30457350,-0.177217255359242
"20090","20074.16",20090,30460219,0.461598377857663
"20091","20074.16",20091,30463827,-0.361527804028616
"20092","20074.16",20092,30464034,-0.109603939920194
"20093","20074.16",20093,30464769,-1.53885469323215
"20094","20074.16",20094,30481481,0.0695101513712792
"20095","20074.16",20095,30482399,-0.9429783460616
"20096","20074.16",20096,30482540,1.40972092430035
"20097","20074.16",20097,30484186,-1.53592788881246
"20098","20074.16",20098,30487111,1.04106581361187
"20099","20074.16",20099,30488927,0.846228075628262
"20100","20074.16",20100,30490854,-0.182434264920564
"20101","20074.16",20101,30495496,0.0025071119823572
"20102","20074.16",20102,30500901,0.327539483396188
"20103","20074.16",20103,30502846,0.706230201252578
"20104","20074.16",20104,30505244,-0.52175088633749
"20105","20074.16",20105,30505821,-0.801767599541897
"20106","20074.16",20106,30507265,0.215908111426696
"20107","20074.16",20107,30507265,-0.85516705685035
"20108","20074.16",20108,30507339,0.74506613887374
"20109","20074.16",20109,30507365,0.637624568956183
"20110","20074.16",20110,30510040,-1.15027454019055
"20111","20074.16",20111,30510693,-0.145682969668944
"20112","20074.16",20112,30511776,-1.42564653359156
"20113","20074.16",20113,30525201,-0.714905072688416
"20114","20074.16",20114,30532031,-0.815190304714701
"20115","20074.16",20115,30533801,0.211694855644413
"20116","20074.16",20116,30539097,-0.408661007053317
"20117","20074.16",20117,30546488,0.234790975421692
"20118","20074.16",20118,30546507,-0.879199337657955
"20119","20074.16",20119,30547896,-0.778538179021261
"20120","20074.16",20120,30551732,-1.13306418225605
"20121","20074.16",20121,30552478,0.123020136990458
"20122","20074.16",20122,30554159,0.361237587180956
"20123","20074.16",20123,30554744,-0.0561086704233942
"20124","20074.16",20124,30557579,0.371612853520706
"20125","20074.16",20125,30558020,-0.0837260566538829
"20126","20074.16",20126,30561357,-1.09190470805678
"20127","20074.16",20127,30562679,-0.0244286003271705
"20128","20074.16",20128,30564526,-0.0936479598636666
"20129","20074.16",20129,30570011,0.326752693556027
"20130","20074.16",20130,30570697,-1.11324569234639
"20131","20074.16",20131,30571373,-0.284454702843982
"20132","20074.16",20132,30572436,-0.39457065903243
"20133","20074.16",20133,30574956,-0.302860014612278
"20134","20074.16",20134,30581939,0.453949550885594
"20135","20074.16",20135,30586136,0.726456252622603
"20136","20074.16",20136,30590193,-1.37458626909099
"20137","20074.16",20137,30590649,-0.280031671083498
"20138","20074.16",20138,30593100,0.143918261976831
"20139","20074.16",20139,30599534,-0.84502589917176
"20140","20074.16",20140,30602841,0.257935802252592
"20141","20074.16",20141,30604823,-0.0859102885842393
"20142","20074.16",20142,30607015,-0.317068025592252
"20143","20074.16",20143,30607151,0.358565875343692
"20144","20074.16",20144,30609045,0.518917409526785
"20145","20074.16",20145,30611431,-0.229126825967371
"20146","20074.16",20146,30612269,-0.218836125792587
"20147","20074.16",20147,30615198,-0.353474524648977
"20148","20074.16",20148,30618634,-0.659940924602411
"20149","20074.16",20149,30623388,0.135749204680489
"20150","20074.16",20150,30624201,-0.912509490231197
"20151","20074.16",20151,30626630,0.100093758534851
"20152","20074.16",20152,30630761,-0.896924524063956
"20153","20074.16",20153,30632082,-0.105099465163527
"20154","20074.16",20154,30641022,-0.425678268289309
"20155","20074.16",20155,30641164,0.112821211930518
"20156","20074.16",20156,30641833,-1.13029578185762
"20157","20074.16",20157,30646664,-0.600436263171774
"20158","20074.16",20158,30646679,-0.521229582228247
"20159","20074.16",20159,30646696,-0.500050239156245
"20160","20074.16",20160,30647274,-0.913159110324164
"20161","20074.16",20161,30652234,0.393257394790543
"20162","20074.16",20162,30665577,-0.800030825785922
"20163","20074.16",20163,30668513,-0.95144107681317
"20164","20074.16",20164,30668791,-0.462324788775204
"20165","20074.16",20165,30669091,-0.936964820692364
"20166","20074.16",20166,30681888,-0.848852025868669
"20167","20074.16",20167,30682376,0.432787908775695
"20168","20074.16",20168,30682495,0.968810635112299
"20169","20074.16",20169,30682569,-0.203789854521493
"20170","20074.16",20170,30685089,0.550331880136953
"20171","20074.16",20171,30685250,-1.40876123559335
"20172","20074.16",20172,30687714,0.326635941407264
"20173","20074.16",20173,30687730,0.0461367291387669
"20174","20074.16",20174,30687790,0.483476262433078
"20175","20074.16",20175,30695459,-0.539381331551096
"20176","20074.16",20176,30696007,-0.107630874763938
"20177","20074.16",20177,30697539,0.839695081725874
"20178","20074.16",20178,30703085,-0.605808083089066
"20179","20074.16",20179,30706625,-0.415479776170722
"20180","20074.16",20180,30706882,0.676675936384025
"20181","20074.16",20181,30707276,-1.12626744641749
"20182","20074.16",20182,30709367,-1.70418619293918
"20183","20074.16",20183,30711531,0.211118663220021
"20184","20074.16",20184,30715350,-0.331637195821447
"20185","20074.16",20185,30715496,0.249556590662976
"20186","20074.16",20186,30715760,-0.637896725105437
"20187","20074.16",20187,30719653,-0.0367760139545208
"20188","20074.16",20188,30720448,0.298590141869108
"20189","20074.16",20189,30727645,-0.549740761810499
"20190","20074.16",20190,30728166,0.881666593930073
"20191","20074.16",20191,30731304,1.1464107564519
"20192","20074.16",20192,30739919,-0.108837954072243
"20193","20074.16",20193,30740142,-0.596282983676287
"20194","20074.16",20194,30741391,-0.0849835789574707
"20195","20074.16",20195,30754164,-0.933586545315395
"20196","20074.16",20196,30765790,-1.34998387704474
"20197","20074.16",20197,30765838,-0.821839680316239
"20198","20074.16",20198,30768929,-0.202852485285249
"20199","20074.16",20199,30769380,0.296063564098275
"20200","20074.16",20200,30770267,-0.466320415223951
"20201","20074.16",20201,30772040,0.462085152432633
"20202","20074.16",20202,30772247,-0.37094102981043
"20203","20074.16",20203,30775079,0.653274095819277
"20204","20074.16",20204,30777481,-0.274505277106536
"20205","20074.16",20205,30778319,0.144277911786265
"20206","20074.16",20206,30780828,0.309308330398836
"20207","20074.16",20207,30780912,-0.0816498471557754
"20208","20074.16",20208,30782640,-0.195755802916078
"20209","20074.16",20209,30783271,-0.752822761962681
"20210","20074.16",20210,30783473,0.30491661661713
"20211","20074.16",20211,30785824,-0.311412934277484
"20212","20074.16",20212,30788297,0.737081174878402
"20213","20074.16",20213,30788857,0.292141141041854
"20214","20074.16",20214,30790111,-0.545529184784579
"20215","20074.16",20215,30790269,0.126891654072915
"20216","20074.16",20216,30790432,-0.4223792962521
"20217","20074.16",20217,30790464,0.0883462325564848
"20218","20074.16",20218,30802428,-0.238935088288785
"20219","20074.16",20219,30802591,-0.458270589150753
"20220","20074.16",20220,30809410,-0.220462561012127
"20221","20074.16",20221,30811237,-0.429344263682082
"20222","20074.16",20222,30811326,0.345081829576778
"20223","20074.16",20223,30812562,0.388394064324582
"20224","20074.16",20224,30823047,0.165189431744102
"20225","20074.16",20225,30823422,-0.108253049216825
"20226","20074.16",20226,30830302,-0.250433261252736
"20227","20074.16",20227,30830783,0.00154612657907638
"20228","20074.16",20228,30834206,-0.528629613832027
"20229","20074.16",20229,30834775,-0.915620364832712
"20230","20074.16",20230,30834933,-0.108384515919836
"20231","20074.16",20231,30834947,-0.119661765754035
"20232","20074.16",20232,30835044,-0.147062320012417
"20233","20074.16",20233,30836920,-0.334985121021465
"20234","20074.16",20234,30837096,-0.588492157999776
"20235","20074.16",20235,30840248,0.0570666713810084
"20236","20074.16",20236,30840522,-0.62702148577341
"20237","20074.16",20237,30840877,-0.350390091427813
"20238","20074.16",20238,30841498,-0.0719032758487517
"20239","20074.16",20239,30844333,-0.0315136140326757
"20240","20074.16",20240,30851956,-0.0499615462784151
"20241","20074.16",20241,30854953,-0.212356498267073
"20242","20074.16",20242,30856518,0.361022341527527
"20243","20074.16",20243,30859771,0.203802719426213
"20244","20074.16",20244,30867829,-0.025311607152811
"20245","20074.16",20245,30868280,-0.283212639396125
"20246","20074.16",20246,30870676,-1.07000549682097
"20247","20074.16",20247,30873462,-0.352274745648392
"20248","20074.16",20248,30877544,-0.0917648289974604
"20249","20074.16",20249,30878851,0.52258876781977
"20250","20074.16",20250,30890462,-0.0332498998430966
"20251","20074.16",20251,30891531,0.392025992206542
"20252","20074.16",20252,30895155,-1.78666459821018
"20253","20074.16",20253,30895545,0.318072059945462
"20254","20074.16",20254,30896381,0.215132350282562
"20255","20074.16",20255,30896480,-0.0194428635496875
"20256","20074.16",20256,30900758,0.199100956372487
"20257","20074.16",20257,30906747,0.0557409307695673
"20258","20074.16",20258,30907404,0.517668088035795
"20259","20074.16",20259,30910330,-0.374834497689741
"20260","20074.16",20260,30914626,0.00529548183451656
"20261","20074.16",20261,30914724,-0.587104854389255
"20262","20074.16",20262,30918487,-0.616361618604338
"20263","20074.16",20263,30919015,0.467003640908987
"20264","20074.16",20264,30919290,-0.389475932984701
"20265","20074.16",20265,30925749,-0.497797852203224
"20266","20074.16",20266,30928272,0.359054091465695
"20267","20074.16",20267,30928970,-0.098800720387712
"20268","20074.16",20268,30928997,-0.214212910276713
"20269","20074.16",20269,30929613,-0.133682281365346
"20270","20074.16",20270,30933064,-0.777695162836613
"20271","20074.16",20271,30942713,-0.607611053151385
"20272","20074.16",20272,30943983,-0.14381412025292
"20273","20074.16",20273,30944755,-0.155638344013907
"20274","20074.16",20274,30946506,-0.262960784862702
"20275","20074.16",20275,30951779,0.498274141027061
"20276","20074.16",20276,30952195,-0.859596096893113
"20277","20074.16",20277,30953202,0.755299793244002
"20278","20074.16",20278,30956160,-0.336887281830449
"20279","20074.16",20279,30971223,0.625298543489802
"20280","20074.16",20280,30971442,-0.190790153380764
"20281","20074.16",20281,30971810,0.637225277202799
"20282","20074.16",20282,30971848,-0.0954470358348365
"20283","20074.16",20283,30974312,-0.720251798346319
"20284","20074.16",20284,30982225,-0.264400493061422
"20285","20074.16",20285,30986672,0.48098540894427
"20286","20074.16",20286,30987432,0.59416176259349
"20287","20074.16",20287,30989872,-1.60757142579418
"20288","20074.16",20288,30994036,-0.923680302033915
"20289","20074.16",20289,31003339,0.0715344662741932
"20290","20074.16",20290,31003845,-0.334528445881197
"20291","20074.16",20291,31009588,-0.240667186703943
"20292","20074.16",20292,31011183,-0.338034963280843
"20293","20074.16",20293,31013614,-1.06334615213108
"20294","20074.16",20294,31025130,-0.0192671725265381
"20295","20074.16",20295,31026404,-0.445169515768907
"20296","20074.16",20296,31027712,-0.561185294740956
"20297","20074.16",20297,31031070,-0.575505413997471
"20298","20074.16",20298,31034007,-0.160675706951593
"20299","20074.16",20299,31036937,-0.535408215215771
"20300","20074.16",20300,31037020,0.847066692925009
"20301","20074.16",20301,31039794,0.394301269785132
"20302","20074.16",20302,31041932,-0.854194033016695
"20303","20074.16",20303,31046455,-0.132201804074882
"20304","20074.16",20304,31047026,-0.525276309828336
"20305","20074.16",20305,31047921,-0.324128180119679
"20306","20074.16",20306,31057289,0.755104151401652
"20307","20074.16",20307,31057498,-0.701699902018705
"20308","20074.16",20308,31057945,0.755151866580968
"20309","20074.16",20309,31061626,0.294353868054292
"20310","20074.16",20310,31061902,-0.330278904091176
"20311","20074.16",20311,31074229,0.140512095249282
"20312","20074.16",20312,31074926,0.48457283705475
"20313","20074.16",20313,31075708,-0.66349300460957
"20314","20074.16",20314,31078165,-0.673484125420476
"20315","20074.16",20315,31079921,0.0648903080602512
"20316","20074.16",20316,31083026,-0.104850213545433
"20317","20074.16",20317,31083243,-0.534405175615782
"20318","20074.16",20318,31083324,-0.5777046784369
"20319","20074.16",20319,31085470,-0.482789114312212
"20320","20074.16",20320,31085565,-0.5764774550966
"20321","20074.16",20321,31097212,-0.13000308323071
"20322","20074.16",20322,31100784,-0.430274207901593
"20323","20074.16",20323,31102162,-0.348503295558832
"20324","20074.16",20324,31102321,0.387986244688846
"20325","20074.16",20325,31102589,0.488782907031497
"20326","20074.16",20326,31112413,-0.296997132099228
"20327","20074.16",20327,31114436,-0.865630347018056
"20328","20074.16",20328,31117083,-1.98036031911211
"20329","20074.16",20329,31117521,-0.772360176307734
"20330","20074.16",20330,31124198,-0.357960985051887
"20331","20074.16",20331,31124407,0.694708483507608
"20332","20074.16",20332,31132386,0.265351996236054
"20333","20074.16",20333,31133375,-0.72795215131094
"20334","20074.16",20334,31133410,-0.485394943186142
"20335","20074.16",20335,31133449,0.273086361617895
"20336","20074.16",20336,31136756,0.792875144559544
"20337","20074.16",20337,31137712,-0.0645535048873764
"20338","20074.16",20338,31147640,-0.560426817199878
"20339","20074.16",20339,31148216,-0.616064158117659
"20340","20074.16",20340,31150123,-1.28025195814782
"20341","20074.16",20341,31150839,-0.305434182918548
"20342","20074.16",20342,31156793,-0.123241656433029
"20343","20074.16",20343,31159365,1.15990984931081
"20344","20074.16",20344,31163806,0.116642900808325
"20345","20074.16",20345,31163989,-0.302267284420689
"20346","20074.16",20346,31166028,0.430132410705059
"20347","20074.16",20347,31168202,-0.384445473774599
"20348","20074.16",20348,31168518,0.4339157932512
"20349","20074.16",20349,31171174,-0.324952743750174
"20350","20074.16",20350,31171191,-0.514061586840599
"20351","20074.16",20351,31175669,-2.0284186553911
"20352","20074.16",20352,31176604,-0.342407255005615
"20353","20074.16",20353,31177655,0.0285586594704794
"20354","20074.16",20354,31179359,-0.468652667417945
"20355","20074.16",20355,31182068,-0.511372958093773
"20356","20074.16",20356,31187758,0.0480200613790851
"20357","20074.16",20357,31188351,-0.390366486889166
"20358","20074.16",20358,31190184,-0.569273067734627
"20359","20074.16",20359,31198488,-0.734255097722174
"20360","20074.16",20360,31200592,0.19002868444284
"20361","20074.16",20361,31201238,0.408124807073649
"20362","20074.16",20362,31202197,-0.570218752810632
"20363","20074.16",20363,31203529,0.181063288489001
"20364","20074.16",20364,31204352,-0.137257511413267
"20365","20074.16",20365,31205405,0.411274258410038
"20366","20074.16",20366,31206115,0.264807355642465
"20367","20074.16",20367,31209224,-0.093623578304264
"20368","20074.16",20368,31212395,-0.488313462572023
"20369","20074.16",20369,31212678,0.105236623985617
"20370","20074.16",20370,31214748,-0.357629044368275
"20371","20074.16",20371,31214898,-0.147642811837824
"20372","20074.16",20372,31218751,0.683492422743186
"20373","20074.16",20373,31219093,0.70800030760681
"20374","20074.16",20374,31223190,-0.182078250299866
"20375","20074.16",20375,31229881,-0.576761240171212
"20376","20074.16",20376,31234002,0.429833829955732
"20377","20074.16",20377,31237879,-0.242309745943722
"20378","20074.16",20378,31238690,1.15553087735773
"20379","20074.16",20379,31239855,0.270019795989417
"20380","20074.16",20380,31241095,-0.575717544894114
"20381","20074.16",20381,31241529,0.677804930205288
"20382","20074.16",20382,31245660,-0.454614181845947
"20383","20074.16",20383,31256262,-0.317938361984766
"20384","20074.16",20384,31257354,0.354681100123458
"20385","20074.16",20385,31258648,0.260822217273218
"20386","20074.16",20386,31261395,-0.518432864473204
"20387","20074.16",20387,31262690,0.222044656226361
"20388","20074.16",20388,31264267,0.040652027370756
"20389","20074.16",20389,31266211,0.256976443465111
"20390","20074.16",20390,31266602,0.25471270952415
"20391","20074.16",20391,31270380,-0.40256209746886
"20392","20074.16",20392,31271063,-0.539561474470823
"20393","20074.16",20393,31272760,0.00688543696188582
"20394","20074.16",20394,31274037,0.370376100006648
"20395","20074.16",20395,31274847,0.634358248859304
"20396","20074.16",20396,31276775,-0.580790713405666
"20397","20074.16",20397,31282009,-0.16883624927989
"20398","20074.16",20398,31283472,-0.579779934925277
"20399","20074.16",20399,31284310,0.288324214263956
"20400","20074.16",20400,31284322,0.760921450952138
"20401","20074.16",20401,31286275,0.137767005764569
"20402","20074.16",20402,31289942,-0.0818983866746299
"20403","20074.16",20403,31296316,-0.224660171635107
"20404","20074.16",20404,31297451,0.234883039319639
"20405","20074.16",20405,31298939,0.536268530751806
"20406","20074.16",20406,31299415,-1.13306948544746
"20407","20074.16",20407,31302125,-0.517313183645823
"20408","20074.16",20408,31302938,-0.28848463385703
"20409","20074.16",20409,31303260,-0.151899741755539
"20410","20074.16",20410,31303520,-0.716306673243444
"20411","20074.16",20411,31309653,-0.166884011654706
"20412","20074.16",20412,31310372,0.132824226776403
"20413","20074.16",20413,31315678,-0.296065483454096
"20414","20074.16",20414,31323163,0.767866403124557
"20415","20074.16",20415,31324798,-0.63086842717299
"20416","20074.16",20416,31330725,-2.24196260098354
"20417","20074.16",20417,31331062,-0.0404004479786524
"20418","20074.16",20418,31332655,-0.55056329215562
"20419","20074.16",20419,31333430,0.216014555658276
"20420","20074.16",20420,31334151,0.265482609536408
"20421","20074.16",20421,31334236,0.436934069411572
"20422","20074.16",20422,31336888,-0.245859935401806
"20423","20074.16",20423,31338475,-0.585925190024238
"20424","20074.16",20424,31339433,-0.833493565890307
"20425","20074.16",20425,31340447,-1.21731703880611
"20426","20074.16",20426,31340909,0.250227457603128
"20427","20074.16",20427,31340997,-0.795202645338574
"20428","20074.16",20428,31347748,-0.182428269669265
"20429","20074.16",20429,31347989,-0.144088317285939
"20430","20074.16",20430,31348233,-0.188169655341958
"20431","20074.16",20431,31354785,0.2325581871853
"20432","20074.16",20432,31356373,-0.133515387651269
"20433","20074.16",20433,31368712,-1.20503611467474
"20434","20074.16",20434,31368816,-0.697348880537212
"20435","20074.16",20435,31368835,-0.155216939375607
"20436","20074.16",20436,31368874,0.102428558652426
"20437","20074.16",20437,31369566,-0.94911461643849
"20438","20074.16",20438,31370452,0.489581977049132
"20439","20074.16",20439,31371674,0.222967318644545
"20440","20074.16",20440,31375913,0.0719001691946834
"20441","20074.16",20441,31376793,-0.0268202952342547
"20442","20074.16",20442,31376849,0.492762888021605
"20443","20074.16",20443,31377749,0.519396631109193
"20444","20074.16",20444,31386160,-0.254094588877254
"20445","20074.16",20445,31386862,0.143342456916105
"20446","20074.16",20446,31386879,-0.00063702168324653
"20447","20074.16",20447,31388494,-0.0757351794121224
"20448","20074.16",20448,31391120,-0.286568029006762
"20449","20074.16",20449,31391476,0.0127254276490909
"20450","20074.16",20450,31394693,-0.643168124727354
"20451","20074.16",20451,31394722,0.594862640602202
"20452","20074.16",20452,31396477,0.094293819748117
"20453","20074.16",20453,31397642,0.128183418412261
"20454","20074.16",20454,31397800,0.659487687470102
"20455","20074.16",20455,31398156,0.0063868164076002
"20456","20074.16",20456,31398466,0.147387628170023
"20457","20074.16",20457,31399901,0.839408124272027
"20458","20074.16",20458,31400065,0.251983121790198
"20459","20074.16",20459,31403983,-0.0271093557182036
"20460","20074.16",20460,31407953,-0.172560488423057
"20461","20074.16",20461,31408214,-0.0499868611228171
"20462","20074.16",20462,31409783,-0.269696873851268
"20463","20074.16",20463,31410201,-0.494153014512665
"20464","20074.16",20464,31410948,0.276201665369697
"20465","20074.16",20465,31414232,-0.334648606471734
"20466","20074.16",20466,31415484,-0.164872689221444
"20467","20074.16",20467,31418057,-0.112255317321279
"20468","20074.16",20468,31421417,0.238732875059043
"20469","20074.16",20469,31421673,-0.160641312383725
"20470","20074.16",20470,31425524,0.249743133717691
"20471","20074.16",20471,31429309,0.781404839679905
"20472","20074.16",20472,31430987,-0.029509985068283
"20473","20074.16",20473,31433129,-0.985254077617774
"20474","20074.16",20474,31434961,0.193941468963659
"20475","20074.16",20475,31435070,-0.391158770740125
"20476","20074.16",20476,31438664,-1.02795618275118
"20477","20074.16",20477,31444750,1.13255027263393
"20478","20074.16",20478,31445051,0.0757106618124741
"20479","20074.16",20479,31450191,0.251432012370642
"20480","20074.16",20480,31451125,0.15797133581295
"20481","20074.16",20481,31451326,0.617912456017817
"20482","20074.16",20482,31451699,0.037087382875626
"20483","20074.16",20483,31452080,0.385112490441393
"20484","20074.16",20484,31458158,-0.541145565729908
"20485","20074.16",20485,31458597,-0.432879186309801
"20486","20074.16",20486,31461401,0.440332555231886
"20487","20074.16",20487,31472603,0.271288163256687
"20488","20074.16",20488,31477460,-0.924408888621674
"20489","20074.16",20489,31478920,-0.0810430753444198
"20490","20074.16",20490,31479175,0.180141951625079
"20491","20074.16",20491,31481119,0.538565603423929
"20492","20074.16",20492,31485496,-0.126697925605945
"20493","20074.16",20493,31490975,-0.778235399763902
"20494","20074.16",20494,31491449,-1.12851078288724
"20495","20074.16",20495,31495873,-0.183780365455473
"20496","20074.16",20496,31502995,-0.261248995575397
"20497","20074.16",20497,31507724,0.182191686848285
"20498","20074.16",20498,31511302,-0.285931169571342
"20499","20074.16",20499,31512429,-0.473927100673647
"20500","20074.16",20500,31513086,-0.245330321626215
"20501","20074.16",20501,31518348,0.347088277243871
"20502","20074.16",20502,31519254,0.178389462443766
"20503","20074.16",20503,31521202,-0.105004186424176
"20504","20074.16",20504,31521276,-0.710980682785851
"20505","20074.16",20505,31521334,-0.038271811158423
"20506","20074.16",20506,31522030,-0.134407274658571
"20507","20074.16",20507,31523113,-0.0618013579487497
"20508","20074.16",20508,31525488,0.652074675438615
"20509","20074.16",20509,31528770,0.449525478490206
"20510","20074.16",20510,31529368,0.435823503137059
"20511","20074.16",20511,31529788,-1.15942206247088
"20512","20074.16",20512,31534498,0.741344553348593
"20513","20074.16",20513,31534533,-0.454477227095151
"20514","20074.16",20514,31534663,0.460860352116291
"20515","20074.16",20515,31536419,0.317022637593168
"20516","20074.16",20516,31536743,-1.37655098361026
"20517","20074.16",20517,31538914,-0.574562454618984
"20518","20074.16",20518,31542271,-0.459546269894472
"20519","20074.16",20519,31550878,-0.178778256678889
"20520","20074.16",20520,31553609,0.159333115580512
"20521","20074.16",20521,31554182,0.605439297015898
"20522","20074.16",20522,31554294,0.158908327691761
"20523","20074.16",20523,31559220,-0.169336511632264
"20524","20074.16",20524,31560527,-0.331791219090687
"20525","20074.16",20525,31560691,-0.113304201705373
"20526","20074.16",20526,31565517,0.80699950544415
"20527","20074.16",20527,31566206,0.096124754026511
"20528","20074.16",20528,31567535,0.177697064194256
"20529","20074.16",20529,31568842,0.0519965621230387
"20530","20074.16",20530,31572496,-0.419938327008901
"20531","20074.16",20531,31573104,0.266208644638351
"20532","20074.16",20532,31576110,-2.13073774842479
"20533","20074.16",20533,31576350,0.200895125963228
"20534","20074.16",20534,31576710,0.694443268890651
"20535","20074.16",20535,31577935,0.573690040878822
"20536","20074.16",20536,31581463,-1.79949656050275
"20537","20074.16",20537,31586055,-0.582980076209084
"20538","20074.16",20538,31587746,0.649802250496779
"20539","20074.16",20539,31593770,-0.512748202854253
"20540","20074.16",20540,31594148,0.499492881593919
"20541","20074.16",20541,31594531,-1.29957074324997
"20542","20074.16",20542,31601381,-0.285648371009223
"20543","20074.16",20543,31601939,-0.513934018296516
"20544","20074.16",20544,31603234,0.909681564146578
"20545","20074.16",20545,31603772,0.724837412265525
"20546","20074.16",20546,31604385,0.0348032857841565
"20547","20074.16",20547,31605446,-0.623531725557656
"20548","20074.16",20548,31606114,0.576092495970998
"20549","20074.16",20549,31608831,0.45349786615125
"20550","20074.16",20550,31610121,0.0418610366084948
"20551","20074.16",20551,31615555,-0.0989182234104389
"20552","20074.16",20552,31619564,-1.98987905859334
"20553","20074.16",20553,31621044,1.09800325064489
"20554","20074.16",20554,31621840,0.256788239525393
"20555","20074.16",20555,31627443,0.17820362647359
"20556","20074.16",20556,31629433,-0.62312049445145
"20557","20074.16",20557,31630503,0.452036203021042
"20558","20074.16",20558,31631406,0.585602697551672
"20559","20074.16",20559,31633058,-0.429906418587223
"20560","20074.16",20560,31633169,-0.160731763607538
"20561","20074.16",20561,31640018,-0.0474720646765334
"20562","20074.16",20562,31650555,0.0239874504680229
"20563","20074.16",20563,31650912,0.358735778928589
"20564","20074.16",20564,31653740,-0.419917079272279
"20565","20074.16",20565,31655246,-0.718081029918783
"20566","20074.16",20566,31656085,0.251303934366214
"20567","20074.16",20567,31656578,0.57422377228506
"20568","20074.16",20568,31657598,0.226786845412021
"20569","20074.16",20569,31659755,0.0457265662109041
"20570","20074.16",20570,31660427,0.0981311396802855
"20571","20074.16",20571,31661047,-2.80002724368993
"20572","20074.16",20572,31663855,-0.353708571825236
"20573","20074.16",20573,31664043,-1.07476761794436
"20574","20074.16",20574,31667635,-0.613329725763409
"20575","20074.16",20575,31669098,0.414349386352366
"20576","20074.16",20576,31671616,0.837992694327387
"20577","20074.16",20577,31671909,-0.343421818200315
"20578","20074.16",20578,31678145,0.550501831475185
"20579","20074.16",20579,31684394,-0.931628494825879
"20580","20074.16",20580,31685130,-0.372243343360558
"20581","20074.16",20581,31689055,-0.0821956124269123
"20582","20074.16",20582,31689239,-0.129068574354537
"20583","20074.16",20583,31691912,0.637568804090543
"20584","20074.16",20584,31692174,0.435554680021712
"20585","20074.16",20585,31694589,-0.315079519053901
"20586","20074.16",20586,31695263,0.421894184368933
"20587","20074.16",20587,31696287,0.769568841942349
"20588","20074.16",20588,31696666,-0.138410191728157
"20589","20074.16",20589,31697051,-0.451679213264057
"20590","20074.16",20590,31700947,-0.473598779109763
"20591","20074.16",20591,31701495,0.173068963013451
"20592","20074.16",20592,31704538,0.4232450813
"20593","20074.16",20593,31705029,0.457829130682041
"20594","20074.16",20594,31705400,0.0400146700420478
"20595","20074.16",20595,31709956,0.420630281870436
"20596","20074.16",20596,31711126,-0.480705241509841
"20597","20074.16",20597,31711343,-0.141205590995261
"20598","20074.16",20598,31713816,0.297784100198553
"20599","20074.16",20599,31716601,0.0113529619166686
"20600","20074.16",20600,31722285,0.332225368492817
"20601","20074.16",20601,31722414,0.82881012322656
"20602","20074.16",20602,31724055,0.389420233283524
"20603","20074.16",20603,31726446,-0.494756181029056
"20604","20074.16",20604,31729044,0.569249732225299
"20605","20074.16",20605,31730525,-0.567845630039516
"20606","20074.16",20606,31731159,0.337535010596663
"20607","20074.16",20607,31731233,0.0253387418765643
"20608","20074.16",20608,31731672,-0.279263523257753
"20609","20074.16",20609,31732056,0.735516618090483
"20610","20074.16",20610,31739048,0.864856537982102
"20611","20074.16",20611,31746034,-0.115906113253268
"20612","20074.16",20612,31749454,0.0875247706460174
"20613","20074.16",20613,31750020,-0.709869818303411
"20614","20074.16",20614,31750802,0.023138142553254
"20615","20074.16",20615,31752773,0.257305310779359
"20616","20074.16",20616,31753940,-0.397065166902597
"20617","20074.16",20617,31759280,0.483792861860439
"20618","20074.16",20618,31760819,-1.56262978133065
"20619","20074.16",20619,31761653,0.577879255717808
"20620","20074.16",20620,31763987,-0.061403117159661
"20621","20074.16",20621,31764781,-0.0828164424119864
"20622","20074.16",20622,31766885,-1.29944719425562
"20623","20074.16",20623,31767488,-0.778158324721734
"20624","20074.16",20624,31768214,0.496373470665985
"20625","20074.16",20625,31769384,-0.715859229660418
"20626","20074.16",20626,31770723,0.117567594196415
"20627","20074.16",20627,31772009,0.361951190456756
"20628","20074.16",20628,31772318,-1.69719017015106
"20629","20074.16",20629,31774734,0.262620798326449
"20630","20074.16",20630,31775924,-1.05427973079096
"20631","20074.16",20631,31780118,0.555552250388138
"20632","20074.16",20632,31781014,-1.2879961042308
"20633","20074.16",20633,31781390,0.262330724134157
"20634","20074.16",20634,31788804,-0.158376683822161
"20635","20074.16",20635,31790491,-0.0721155375071456
"20636","20074.16",20636,31790564,-1.17163432236673
"20637","20074.16",20637,31795528,0.175665988583007
"20638","20074.16",20638,31797557,-0.570209086886857
"20639","20074.16",20639,31798153,0.172949551192484
"20640","20074.16",20640,31798722,0.568706472380303
"20641","20074.16",20641,31799252,0.447168571681764
"20642","20074.16",20642,31802311,-0.375935307598054
"20643","20074.16",20643,31802825,0.373017896647119
"20644","20074.16",20644,31804299,0.0704733220917193
"20645","20074.16",20645,31804434,-0.406120971139506
"20646","20074.16",20646,31806935,-0.309584292807736
"20647","20074.16",20647,31807168,1.31742959085773
"20648","20074.16",20648,31811912,-0.975380901295447
"20649","20074.16",20649,31814299,0.0127787543848159
"20650","20074.16",20650,31820166,-0.264013351085755
"20651","20074.16",20651,31820553,-0.70550894523403
"20652","20074.16",20652,31823359,-0.503628922441167
"20653","20074.16",20653,31823851,-0.622826668149081
"20654","20074.16",20654,31827381,-0.123741360432581
"20655","20074.16",20655,31829099,0.0627771022781856
"20656","20074.16",20656,31837146,0.233602735966149
"20657","20074.16",20657,31841465,0.398258184046436
"20658","20074.16",20658,31844020,-0.313726455459278
"20659","20074.16",20659,31845052,-1.38931243239911
"20660","20074.16",20660,31845697,0.180138742392531
"20661","20074.16",20661,31850299,-0.408698658151645
"20662","20074.16",20662,31852907,-0.392711583449012
"20663","20074.16",20663,31853233,-0.112521138356301
"20664","20074.16",20664,31859718,0.57840584799889
"20665","20074.16",20665,31860399,0.150498172563203
"20666","20074.16",20666,31860413,-0.0402379715259888
"20667","20074.16",20667,31860504,1.09294122472544
"20668","20074.16",20668,31863443,-0.14443776735694
"20669","20074.16",20669,31866491,-0.621598563761217
"20670","20074.16",20670,31867154,-0.64546461653134
"20671","20074.16",20671,31869259,0.435271362668664
"20672","20074.16",20672,31872354,0.216763026422055
"20673","20074.16",20673,31872950,-0.159107645322249
"20674","20074.16",20674,31873873,-0.0452871022862764
"20675","20074.16",20675,31875718,-0.175248298176916
"20676","20074.16",20676,31876496,0.308323885744426
"20677","20074.16",20677,31878457,0.450249459742209
"20678","20074.16",20678,31878604,0.432578136183733
"20679","20074.16",20679,31878719,0.461251413424873
"20680","20074.16",20680,31882825,-0.30948607403535
"20681","20074.16",20681,31884511,0.433765887962672
"20682","20074.16",20682,31892236,0.721988937175637
"20683","20074.16",20683,31892919,0.755907541544894
"20684","20074.16",20684,31897064,-0.435887820844824
"20685","20074.16",20685,31901563,1.10118139502572
"20686","20074.16",20686,31904906,-1.24859145570278
"20687","20074.16",20687,31905355,0.433229636292995
"20688","20074.16",20688,31905717,0.104716201005081
"20689","20074.16",20689,31906062,-0.628737915525819
"20690","20074.16",20690,31906572,-0.836659184391147
"20691","20074.16",20691,31927099,0.400134323617224
"20692","20074.16",20692,31932357,0.253370537488473
"20693","20074.16",20693,31933309,0.190783092857363
"20694","20074.16",20694,31934884,0.201078853138564
"20695","20074.16",20695,31937596,0.548173064553912
"20696","20074.16",20696,31938053,0.297829684534592
"20697","20074.16",20697,31938455,0.108788693742231
"20698","20074.16",20698,31938592,-0.445587761820387
"20699","20074.16",20699,31938994,-0.451807332876165
"20700","20074.16",20700,31942917,-0.282613425823324
"20701","20074.16",20701,31943136,-0.0074235081608851
"20702","20074.16",20702,31943673,0.755086132209326
"20703","20074.16",20703,31944081,-0.257726441962332
"20704","20074.16",20704,31947241,-1.1263924198575
"20705","20074.16",20705,31948605,-0.464945189358215
"20706","20074.16",20706,31955921,0.474385396645817
"20707","20074.16",20707,31957368,-0.169169375741521
"20708","20074.16",20708,31959375,-0.5193414119728
"20709","20074.16",20709,31960152,-0.530169552118355
"20710","20074.16",20710,31965617,0.216424641900622
"20711","20074.16",20711,31965882,0.919130166579875
"20712","20074.16",20712,31966298,0.544583440034201
"20713","20074.16",20713,31970550,-0.51393758742453
"20714","20074.16",20714,31971521,-0.180911755024757
"20715","20074.16",20715,31974698,0.247689676983042
"20716","20074.16",20716,31975170,0.313018857798647
"20717","20074.16",20717,31980800,0.19592088214555
"20718","20074.16",20718,31980840,0.0133786844053576
"20719","20074.16",20719,31993931,-0.393799153223305
"20720","20074.16",20720,31998183,-0.0709472346373641
"20721","20074.16",20721,31998198,-0.433268813488665
"20722","20074.16",20722,32005642,-1.71635134869733
"20723","20074.16",20723,32006017,-0.236042671534228
"20724","20074.16",20724,32006461,0.378745971615216
"20725","20074.16",20725,32010720,0.0955801640092533
"20726","20074.16",20726,32011372,-0.818267064319805
"20727","20074.16",20727,32011850,0.328381674132783
"20728","20074.16",20728,32012731,-0.0140748285811707
"20729","20074.16",20729,32012956,-0.109602987073981
"20730","20074.16",20730,32013279,-0.326609418049102
"20731","20074.16",20731,32024413,0.047506443848234
"20732","20074.16",20732,32027979,-0.52165671789958
"20733","20074.16",20733,32028307,-0.963067791321252
"20734","20074.16",20734,32033387,0.00309297356709326
"20735","20074.16",20735,32033575,-0.347455584462405
"20736","20074.16",20736,32040484,-0.866842818257199
"20737","20074.16",20737,32040815,0.305192207304487
"20738","20074.16",20738,32058496,-0.794475586294283
"20739","20074.16",20739,32080874,0.582691938668591
"20740","20074.16",20740,32083680,-0.14785093685613
"20741","20074.16",20741,32083689,0.292424385977525
"20742","20074.16",20742,32092764,0.45629790685692
"20743","20074.16",20743,32092835,-0.145394706575046
"20744","20074.16",20744,32102545,0.6640203227211
"20745","20074.16",20745,32106968,-0.0921949664390649
"20746","20074.16",20746,32113683,0.913484059628249
"20747","20074.16",20747,32113686,0.264812958159141
"20748","20074.16",20748,32113688,0.359781172059439
"20749","20074.16",20749,32113690,0.595440700765706
"20750","20074.16",20750,32113693,0.84034651112693
"20751","20074.16",20751,32124332,-0.439771042392247
"20752","20074.16",20752,32146887,0.328299611644442
"20753","20074.16",20753,32158595,0.732735112553232
"20754","20074.16",20754,32158853,0.247385470196886
"20755","20074.16",20755,32158863,-0.082643170326377
"20756","20074.16",20756,32177181,-0.0542669091831387
"20757","20074.16",20757,32180787,-0.901967979520117
"20758","20074.16",20758,32180805,-0.911484168676203
"20759","20074.16",20759,32180861,-0.071880519815041
"20760","20074.16",20760,32180977,-0.278823580848966
"20761","20074.16",20761,32208747,0.321144120433707
"20762","20074.16",20762,32208793,0.564656405020773
"20763","20074.16",20763,32209875,-0.442221366253347
"20764","20074.16",20764,32210100,0.885066088472526
"20765","20074.16",20765,32228980,-0.222384812242569
"20766","20074.16",20766,32244474,-1.86643031382876
"20767","20074.16",20767,32244485,0.964993888918097
"20768","20074.16",20768,32253234,0.512045615921285
"20769","20074.16",20769,32253249,-1.17066073817881
"20770","20074.16",20770,32280235,-0.485687189339967
"20771","20074.16",20771,32280357,-0.45010448229861
"20772","20074.16",20772,32282423,0.00292474380059371
"20773","20074.16",20773,32300903,0.829486767116326
"20774","20074.16",20774,32300936,0.846973399478203
"20775","20074.16",20775,32303490,-0.917605218394723
"20776","20074.16",20776,32307221,0.418340630257917
"20777","20074.16",20777,32339106,1.01934058119438
"20778","20074.16",20778,32366859,-8.0059208844574e-05
"20779","20074.16",20779,32380952,0.0302164392479023
"20780","20074.16",20780,32383633,-1.90021988494297
"20781","20074.16",20781,32385719,0.433393683719291
"20782","20074.16",20782,32386116,-0.0115265237700211
"20783","20074.16",20783,32394930,0.0869325382870576
"20784","20074.16",20784,32395620,0.907763520773055
"20785","20074.16",20785,32400144,0.706834581600195
"20786","20074.16",20786,32400247,-0.765087298424014
"20787","20074.16",20787,32413234,-0.883769415402195
"20788","20074.16",20788,32416431,0.850979293822781
"20789","20074.16",20789,32417677,-1.24997118539491
"20790","20074.16",20790,32430403,-1.70749481456335
"20791","20074.16",20791,32430974,0.221289931967701
"20792","20074.16",20792,32433054,0.412676504651334
"20793","20074.16",20793,32458401,-0.12851225945353
"20794","20074.16",20794,32459156,-0.0432401093841213
"20795","20074.16",20795,32463162,1.27978310023847
"20796","20074.16",20796,32463244,-1.13041676398673
"20797","20074.16",20797,32464534,0.0771548440690184
"20798","20074.16",20798,32469467,0.604846142455126
"20799","20074.16",20799,32474934,0.67472533969976
"20800","20074.16",20800,32482420,0.776697771524234
"20801","20074.16",20801,32482955,0.302163184014106
"20802","20074.16",20802,32483006,0.0831465351752101
"20803","20074.16",20803,32483551,0.635166724062228
"20804","20074.16",20804,32485200,0.156239236828606
"20805","20074.16",20805,32492494,-1.51146195590925
"20806","20074.16",20806,32510825,0.028873428141444
"20807","20074.16",20807,32511768,-0.92896994569946
"20808","20074.16",20808,32524779,-0.751536443797185
"20809","20074.16",20809,32538230,-0.200075730223839
"20810","20074.16",20810,32554178,0.260197723786011
"20811","20074.16",20811,32554240,0.489526342416144
"20812","20074.16",20812,32554256,0.485237674444108
"20813","20074.16",20813,32564513,0.484786812125827
"20814","20074.16",20814,32564750,0.0836503816650609
"20815","20074.16",20815,32565130,-0.289567734201674
"20816","20074.16",20816,32570868,-0.584554157022395
"20817","20074.16",20817,32570972,0.711334739379025
"20818","20074.16",20818,32571000,0.423930464650424
"20819","20074.16",20819,32571203,0.166690661262143
"20820","20074.16",20820,32571337,-0.84694624507981
"20821","20074.16",20821,32573477,0.210833520112606
"20822","20074.16",20822,32588620,0.0820218933180428
"20823","20074.16",20823,32588622,-0.293950859104258
"20824","20074.16",20824,32588623,-0.162303983078504
"20825","20074.16",20825,32588902,0.324884070474266
"20826","20074.16",20826,32588904,0.408525121881287
"20827","20074.16",20827,32588906,0.328900734744647
"20828","20074.16",20828,32588907,0.26210272384141
"20829","20074.16",20829,32588910,-0.179059760417235
"20830","20074.16",20830,32609275,-0.0758444757169778
"20831","20074.16",20831,32614876,-0.068432227980714
"20832","20074.16",20832,32614892,0.376694777570639
"20833","20074.16",20833,32614907,0.286416044938531
"20834","20074.16",20834,32614919,0.0800109934977664
"20835","20074.16",20835,32624247,0.734326826106167
"20836","20074.16",20836,32624340,-0.438165504901206
"20837","20074.16",20837,32629950,0.491917381365204
"20838","20074.16",20838,32630015,-0.243190435824449
"20839","20074.16",20839,32630555,-0.464593371780527
"20840","20074.16",20840,32631269,-0.352855223695276
"20841","20074.16",20841,32634642,0.0478134737733624
"20842","20074.16",20842,32634765,-0.605128231904209
"20843","20074.16",20843,32635526,-0.112151664356661
"20844","20074.16",20844,32635650,0.360917111972697
"20845","20074.16",20845,32640973,0.0176744921955994
"20846","20074.16",20846,32642430,-0.285195616650715
"20847","20074.16",20847,32642713,0.177834138288774
"20848","20074.16",20848,32643375,0.467097529912556
"20849","20074.16",20849,32654954,-0.897781917030347
"20850","20074.16",20850,32654971,-2.17172645358958
"20851","20074.16",20851,32655030,-1.22696827228092
"20852","20074.16",20852,32655240,-1.47442765587807
"20853","20074.16",20853,32655296,-0.618281741641363
"20854","20074.16",20854,32655524,0.0856165941186582
"20855","20074.16",20855,32743290,0.456795839540544
"20856","20074.16",20856,32743482,1.12788207567981
"20857","20074.16",20857,32761831,0.347461779862505
"20858","20074.16",20858,32769363,0.779305100666968
"20859","20074.16",20859,32791270,0.853079280854373
"20860","20074.16",20860,32795484,-1.84936751335551
"20861","20074.16",20861,32795496,-1.88126743778773
"20862","20074.16",20862,32808592,-0.0991720827274953
"20863","20074.16",20863,32812053,0.608198091900943
"20864","20074.16",20864,32815822,-0.258335909956773
"20865","20074.16",20865,32838859,0.375049056352668
"20866","20074.16",20866,32840328,-1.0150512508277
"20867","20074.16",20867,32840339,-0.116237409986657
"20868","20074.16",20868,32840398,-0.584037661354293
"20869","20074.16",20869,32843536,-0.139649281103619
"20870","20074.16",20870,32843701,-0.215623216606916
"20871","20074.16",20871,32848899,0.242162043233489
"20872","20074.16",20872,32848905,-0.0369593274965885
"20873","20074.16",20873,32848906,0.232166783846037
"20874","20074.16",20874,32848908,-0.0869285801904018
"20875","20074.16",20875,32863924,-0.960659143607202
"20876","20074.16",20876,32872276,-0.167330400472021
"20877","20074.16",20877,32873294,0.118953942812976
"20878","20074.16",20878,32875397,-1.48425208531919
"20879","20074.16",20879,32875798,-0.622681418814813
"20880","20074.16",20880,32878330,-0.25982759998127
"20881","20074.16",20881,32878336,-0.9834370251079
"20882","20074.16",20882,32879394,0.328294353758271
"20883","20074.16",20883,32879785,0.964517842699204
"20884","20074.16",20884,32899248,-0.159772865661699
"20885","20074.16",20885,32899426,0.745946545038563
"20886","20074.16",20886,32900731,0.555432255098629
"20887","20074.16",20887,32902258,0.0817749616842578
"20888","20074.16",20888,32905879,-1.13990435976112
"20889","20074.16",20889,32906097,0.501814871192313
"20890","20074.16",20890,32907426,0.384185610641896
"20891","20074.16",20891,32907441,0.0476529685613913
"20892","20074.16",20892,32915514,-0.615634570096234
"20893","20074.16",20893,32915553,-0.332282776805293
"20894","20074.16",20894,32916106,0.220502103005681
"20895","20074.16",20895,32950254,-0.463977360585223
"20896","20074.16",20896,32951303,-0.280778190110955
"20897","20074.16",20897,32954726,-0.375799388679635
"20898","20074.16",20898,32956071,-0.559349525094176
"20899","20074.16",20899,32957288,0.220018067683234
"20900","20074.16",20900,33002831,-0.0578737512104377
"20901","20074.16",20901,33013614,-0.245354331845839
"20902","20074.16",20902,33013863,-0.204783226216263
"20903","20074.16",20903,33036009,0.291270918632448
"20904","20074.16",20904,33054659,-0.37499792985248
"20905","20074.16",20905,33056749,-1.57952463094509
"20906","20074.16",20906,33097423,0.00133252460043831
"20907","20074.16",20907,33101605,-0.0143130597782459
"20908","20074.16",20908,33241954,0.194544125971082
"20909","20074.16",20909,33300895,-0.552360511907607
"20910","20074.16",20910,33304630,0.65992195470407
"20911","20074.16",20911,33336218,0.953493371638655
"20912","20074.16",20912,33338125,0.0269566464314792
"20913","20074.16",20913,33361139,0.214807569657721
"20914","20074.16",20914,33363966,-0.593173567923309
"20915","20074.16",20915,33367088,0.496013796677096
"20916","20074.16",20916,33367936,-0.435583038361734
"20917","20074.16",20917,33369765,-0.07903494051207
"20918","20074.16",20918,33371607,-0.658869545980378
"20919","20074.16",20919,33375885,0.78523842078189
"20920","20074.16",20920,33380767,0.68501034229737
"20921","20074.16",20921,33404141,0.276885812638157
"20922","20074.16",20922,33406768,0.0581086930552024
"20923","20074.16",20923,33418322,0.701541575290135
"20924","20074.16",20924,33418366,0.283652731109282
"20925","20074.16",20925,33423064,-0.895045775454988
"20926","20074.16",20926,33432161,-1.11221225332757
"20927","20074.16",20927,33436611,-0.102343844555889
"20928","20074.16",20928,33438550,-0.418677500053539
"20929","20074.16",20929,33440397,0.191923031054478
"20930","20074.16",20930,33442564,-0.438468825021184
"20931","20074.16",20931,33442891,0.632929241928259
"20932","20074.16",20932,33446481,-0.633807736205283
"20933","20074.16",20933,33447269,-1.17732368697281
"20934","20074.16",20934,33447570,0.159415575981954
"20935","20074.16",20935,33452738,-0.457659066671609
"20936","20074.16",20936,33458622,-1.62405740858716
"20937","20074.16",20937,33459025,0.0758258425598903
"20938","20074.16",20938,33463439,-0.719164159867853
"20939","20074.16",20939,33464682,-0.30315205964756
"20940","20074.16",20940,33476000,0.116611097841721
"20941","20074.16",20941,33476443,0.570688635212069
"20942","20074.16",20942,33481161,-0.19323353309315
"20943","20074.16",20943,33484563,0.0965112725237782
"20944","20074.16",20944,33484575,-0.233661683636089
"20945","20074.16",20945,33484588,-0.884581265774002
"20946","20074.16",20946,33484976,-0.349648403938822
"20947","20074.16",20947,33485616,0.363491103803326
"20948","20074.16",20948,33487076,0.314619631832682
"20949","20074.16",20949,33487436,-1.30992477545987
"20950","20074.16",20950,33493121,0.148261955083352
"20951","20074.16",20951,33496663,-0.0722299462304372
"20952","20074.16",20952,33496733,-1.19742488599042
"20953","20074.16",20953,33502791,0.00397962831066412
"20954","20074.16",20954,33504161,-1.56643394538853
"20955","20074.16",20955,33526621,-0.468546928553549
"20956","20074.16",20956,33526656,-1.23242278479487
"20957","20074.16",20957,33528757,-0.322687771076319
"20958","20074.16",20958,33531174,-0.122957182120056
"20959","20074.16",20959,33532280,0.0283487171291545
"20960","20074.16",20960,33532511,-0.123422060194524
"20961","20074.16",20961,33537605,-0.167717657563088
"20962","20074.16",20962,33538239,-0.349404829234794
"20963","20074.16",20963,33542841,-1.13245185278459
"20964","20074.16",20964,33543988,-1.28247567818634
"20965","20074.16",20965,33548519,-0.789332945702658
"20966","20074.16",20966,33548816,-0.435457772435472
"20967","20074.16",20967,33550001,0.5119661405142
"20968","20074.16",20968,33550091,1.63727652551016
"20969","20074.16",20969,33551255,0.0279980786465979
"20970","20074.16",20970,33557597,0.552030955593653
"20971","20074.16",20971,33557713,0.134046110971394
"20972","20074.16",20972,33557938,0.00585679134609762
"20973","20074.16",20973,33578516,-0.406433314996158
"20974","20074.16",20974,33579278,-0.196499803916632
"20975","20074.16",20975,33580262,0.334548659362739
"20976","20074.16",20976,33582584,0.57717272146668
"20977","20074.16",20977,33584496,-0.154646438312254
"20978","20074.16",20978,33587672,0.992576167878187
"20979","20074.16",20979,33588025,0.422600304490611
"20980","20074.16",20980,33591294,0.726446175913865
"20981","20074.16",20981,33592106,-0.0194551839743289
"20982","20074.16",20982,33594614,0.485330182417862
"20983","20074.16",20983,33595357,-0.367092739094751
"20984","20074.16",20984,33596101,-0.433870209100267
"20985","20074.16",20985,33597609,0.162206151948029
"20986","20074.16",20986,33602935,-0.469168082717223
"20987","20074.16",20987,33603138,0.217437631455685
"20988","20074.16",20988,33604043,-0.154700114552883
"20989","20074.16",20989,33607720,1.00021770282593
"20990","20074.16",20990,33608394,-0.242451803435351
"20991","20074.16",20991,33609784,-0.541183562543754
"20992","20074.16",20992,33611918,0.0608030271887099
"20993","20074.16",20993,33612740,0.241553181225409
"20994","20074.16",20994,33612906,0.315716353872445
"20995","20074.16",20995,33616139,-0.672327389615807
"20996","20074.16",20996,33621335,-0.115645334446434
"20997","20074.16",20997,33621350,-0.256361847376202
"20998","20074.16",20998,33624310,-0.601858488347673
"20999","20074.16",20999,33625309,-0.494465543202314
"21000","20074.16",21000,33627827,-0.236421620778706
"21001","20074.16",21001,33631831,0.21351149536422
"21002","20074.16",21002,33643400,-0.848670941194927
"21003","20074.16",21003,33644023,-0.970962812673911
"21004","20074.16",21004,33644293,-0.682866451709375
"21005","20074.16",21005,33645339,0.53523458283092
"21006","20074.16",21006,33648468,-0.097364133785936
"21007","20074.16",21007,33648480,0.10132181812943
"21008","20074.16",21008,33654541,-0.0149234694854741
"21009","20074.16",21009,33665168,-0.383899458358433
"21010","20074.16",21010,33667813,-0.477471021938964
"21011","20074.16",21011,33681102,-0.771883061476607
"21012","20074.16",21012,33709436,0.199299006140931
"21013","20074.16",21013,33710781,0.695523597738878
"21014","20074.16",21014,33716957,-0.52383803158931
"21015","20074.16",21015,33717611,-0.396279931421601
"21016","20074.16",21016,33730576,0.0492119495076038
"21017","20074.16",21017,33754992,0.165051482068801
"21018","20074.16",21018,33767170,0.112411567214323
"21019","20074.16",21019,33773066,0.51887659788435
"21020","20074.16",21020,33773973,1.03311813832585
"21021","20074.16",21021,33776086,1.14432947356409
"21022","20074.16",21022,33794656,-0.580263571478867
"21023","20074.16",21023,33799930,-0.981703604764578
"21024","20074.16",21024,33801984,0.122018430901536
"21025","20074.16",21025,33811502,-0.220948755225303
"21026","20074.16",21026,33827063,-0.205115338305703
"21027","20074.16",21027,33828054,0.989061246219646
"21028","20074.16",21028,33828726,0.61705705545872
"21029","20074.16",21029,33828755,-0.514462459282631
"21030","20074.16",21030,33835320,-2.57183648748212
"21031","20074.16",21031,33836802,-0.160158559559505
"21032","20074.16",21032,33837899,-0.384074973341782
"21033","20074.16",21033,33844976,0.0364504659205576
"21034","20074.16",21034,33845513,0.29318463222585
"21035","20074.16",21035,33850087,0.504829321453905
"21036","20074.16",21036,33858732,-0.0292902207446284
"21037","20074.16",21037,33859077,-0.573006434287756
"21038","20074.16",21038,33862864,-1.26362309635226
"21039","20074.16",21039,33864360,-0.437089239463816
"21040","20074.16",21040,33913043,0.193177508924316
"21041","20074.16",21041,33921357,0.125314922641956
"21042","20074.16",21042,33921861,0.493799953463122
"21043","20074.16",21043,33922640,-0.170749761737896
"21044","20074.16",21044,33926304,-0.903877712690571
"21045","20074.16",21045,33927222,0.237580254123912
"21046","20074.16",21046,33928640,-1.54262003197083
"21047","20074.16",21047,33933820,0.629364569145644
"21048","20074.16",21048,33937335,-0.88367208722587
"21049","20074.16",21049,33940200,0.147600682287219
"21050","20074.16",21050,33944607,-0.475189962357209
"21051","20074.16",21051,33945188,-1.23212733475262
"21052","20074.16",21052,33946628,0.865408264543928
"21053","20074.16",21053,33948353,-1.07365635018862
"21054","20074.16",21054,33951952,0.411296105372013
"21055","20074.16",21055,33952902,0.827782029848646
"21056","20074.16",21056,33963581,1.09026630696633
"21057","20074.16",21057,33963970,-0.68532146279872
"21058","20074.16",21058,33967786,-0.46419922760833
"21059","20074.16",21059,33970100,0.813429505873699
"21060","20074.16",21060,33978859,0.051013229944636
"21061","20074.16",21061,33998976,-1.63917114096517
"21062","20074.16",21062,33999880,1.44408244545659
"21063","20074.16",21063,34002623,-0.137698216393551
"21064","20074.16",21064,34011284,0.765734320391995
"21065","20074.16",21065,34012169,0.0835511800767481
"21066","20074.16",21066,34197352,0.020266903767765
"21067","20074.16",21067,34197603,0.700262609188642
"21068","20074.16",21068,34197818,0.101927378269834
"21069","20074.16",21069,34199481,0.507009573285578
"21070","20074.16",21070,34202673,1.04631340640672
"21071","20074.16",21071,34202743,0.0674755840889407
"21072","20074.16",21072,34203955,0.191141691653534
"21073","20074.16",21073,34204228,0.0997109025571419
"21074","20074.16",21074,34209524,-0.222569138367634
"21075","20074.16",21075,34212701,-0.20455117483782
"21076","20074.16",21076,34214872,0.126554701701958
"21077","20074.16",21077,34217887,0.136898418574235
"21078","20074.16",21078,34220118,0.192621499597214
"21079","20074.16",21079,34222863,-0.520588466090627
"21080","20074.16",21080,34226318,0.246736880163742
"21081","20074.16",21081,34228283,0.376846310056332
"21082","20074.16",21082,34228466,0.782013633444769
"21083","20074.16",21083,34235152,-1.02107115092594
"21084","20074.16",21084,34236370,-0.354376354245217
"21085","20074.16",21085,34241714,-0.713764998291328
"21086","20074.16",21086,34242365,0.508914974160601
"21087","20074.16",21087,34246681,0.155998682730478
"21088","20074.16",21088,34248902,-0.837244275759588
"21089","20074.16",21089,34252598,-0.427224723848361
"21090","20074.16",21090,34260709,-0.289057561805429
"21091","20074.16",21091,34261415,-0.38644116184129
"21092","20074.16",21092,34263590,-0.0696988516687451
"21093","20074.16",21093,34265134,-0.642963689455929
"21094","20074.16",21094,34265858,-0.603217488138462
"21095","20074.16",21095,34265923,1.08844836380337
"21096","20074.16",21096,34267983,0.264564943020329
"21097","20074.16",21097,34270007,-0.224174467344332
"21098","20074.16",21098,34271675,-0.828908205856433
"21099","20074.16",21099,34275688,-0.065808336363351
"21100","20074.16",21100,34276296,0.569792576344352
"21101","20074.16",21101,34277322,-0.0152683733565304
"21102","20074.16",21102,34282259,-0.323728782952617
"21103","20074.16",21103,34282430,-0.164985780794722
"21104","20074.16",21104,34283775,0.138539346694796
"21105","20074.16",21105,34285685,-0.417817470819995
"21106","20074.16",21106,34285993,0.154446840133222
"21107","20074.16",21107,34286360,1.21897115309386
"21108","20074.16",21108,34288487,0.357079330714476
"21109","20074.16",21109,34291856,0.279594326225969
"21110","20074.16",21110,34293327,0.742218606213332
"21111","20074.16",21111,34293510,-0.14933306882119
"21112","20074.16",21112,34294761,0.148870218228608
"21113","20074.16",21113,34298347,-0.165342913879595
"21114","20074.16",21114,34298988,-0.185223491813354
"21115","20074.16",21115,34302291,-0.539941638581772
"21116","20074.16",21116,34304568,-0.639754738231304
"21117","20074.16",21117,34315363,-0.233176602120643
"21118","20074.16",21118,34316392,-0.516185740599168
"21119","20074.16",21119,34321377,-0.95913963302798
"21120","20074.16",21120,34321463,0.789308758772834
"21121","20074.16",21121,34322489,0.0465006700356518
"21122","20074.16",21122,34323422,-0.708627488009235
"21123","20074.16",21123,34325043,0.255253778027016
"21124","20074.16",21124,34326381,0.275634317907598
"21125","20074.16",21125,34326760,0.424961386328708
"21126","20074.16",21126,34327066,0.142354172580745
"21127","20074.16",21127,34327675,0.112670809642258
"21128","20074.16",21128,34332709,-0.1930246536225
"21129","20074.16",21129,34335983,-0.769505135698637
"21130","20074.16",21130,34336734,-0.367622745355091
"21131","20074.16",21131,34336858,-0.735574867673881
"21132","20074.16",21132,34339247,0.23953026746925
"21133","20074.16",21133,34339301,0.666778402521548
"21134","20074.16",21134,34340035,-0.670558766095434
"21135","20074.16",21135,34342478,-0.321473702785182
"21136","20074.16",21136,34342788,-1.01555918959134
"21137","20074.16",21137,34343512,-0.694146095096732
"21138","20074.16",21138,34344155,0.165221065906669
"21139","20074.16",21139,34352918,-0.0649142756945089
"21140","20074.16",21140,34353373,-0.226302753582031
"21141","20074.16",21141,34358195,-1.84827746935697
"21142","20074.16",21142,34359591,-0.43481360698249
"21143","20074.16",21143,34360410,0.203104109191082
"21144","20074.16",21144,34360980,0.507934864865461
"21145","20074.16",21145,34361394,-0.662327475212758
"21146","20074.16",21146,34361409,0.0259556903417772
"21147","20074.16",21147,34362144,0.869799863316097
"21148","20074.16",21148,34362218,0.63538993933345
"21149","20074.16",21149,34363647,0.08560318998222
"21150","20074.16",21150,34365858,0.266877623921117
"21151","20074.16",21151,34366036,-1.08265097271666
"21152","20074.16",21152,34366507,-0.0131482545260972
"21153","20074.16",21153,34369409,-0.253006874249683
"21154","20074.16",21154,34371547,-0.255095924579943
"21155","20074.16",21155,34372009,0.480594201443249
"21156","20074.16",21156,34378163,-0.643139207228732
"21157","20074.16",21157,34379278,0.314180362768208
"21158","20074.16",21158,34380398,0.440037554959216
"21159","20074.16",21159,34380509,-0.638154358360754
"21160","20074.16",21160,34381333,-0.815427281120737
"21161","20074.16",21161,34381975,-0.897180114905562
"21162","20074.16",21162,34383087,-0.589051050792725
"21163","20074.16",21163,34384032,-0.386618506217196
"21164","20074.16",21164,34387671,0.104060924065786
"21165","20074.16",21165,34387719,-0.406218644225714
"21166","20074.16",21166,34389162,-0.301585657349849
"21167","20074.16",21167,34389487,0.0335928507768335
"21168","20074.16",21168,34390224,-0.95829747135133
"21169","20074.16",21169,34391067,-0.0327391532815184
"21170","20074.16",21170,34391080,-0.341958778540558
"21171","20074.16",21171,34405582,-0.0513256454016835
"21172","20074.16",21172,34405792,-0.0983879431743908
"21173","20074.16",21173,34406415,0.677361857196874
"21174","20074.16",21174,34410195,-0.206578846162395
"21175","20074.16",21175,34410569,-0.958311609180582
"21176","20074.16",21176,34410955,0.282235445238181
"21177","20074.16",21177,34411378,0.204969453121368
"21178","20074.16",21178,34412361,0.0657225713479379
"21179","20074.16",21179,34413450,-0.164170860880558
"21180","20074.16",21180,34413734,-0.649565922461169
"21181","20074.16",21181,34420372,-0.224840747692464
"21182","20074.16",21182,34421595,-0.990459768506835
"21183","20074.16",21183,34421701,0.305106708990636
"21184","20074.16",21184,34424309,-0.0623727948691561
"21185","20074.16",21185,34426451,-0.906401807288269
"21186","20074.16",21186,34426763,-1.80757832269441
"21187","20074.16",21187,34426936,-0.668866522338043
"21188","20074.16",21188,34426951,0.278689362876587
"21189","20074.16",21189,34426966,-0.215649649390244
"21190","20074.16",21190,34427011,-0.693746307001315
"21191","20074.16",21191,34428778,0.169626415614681
"21192","20074.16",21192,34430298,-0.65231425578632
"21193","20074.16",21193,34431566,0.263663260598045
"21194","20074.16",21194,34431690,-0.46185415265749
"21195","20074.16",21195,34431706,0.016689727264299
"21196","20074.16",21196,34431750,0.0880435807702202
"21197","20074.16",21197,34432145,-1.11008624973307
"21198","20074.16",21198,34432357,-0.417350855521379
"21199","20074.16",21199,34434283,-0.667788790342067
"21200","20074.16",21200,34434336,0.668770819229434
"21201","20074.16",21201,34435993,-0.576150981492191
"21202","20074.16",21202,34436185,0.644813751125537
"21203","20074.16",21203,34436624,0.123722421129703
"21204","20074.16",21204,34437589,0.189140629980769
"21205","20074.16",21205,34441795,-1.22403328362347
"21206","20074.16",21206,34444312,0.0310237072458408
"21207","20074.16",21207,34444324,0.730000190929027
"21208","20074.16",21208,34444381,-0.211474420784022
"21209","20074.16",21209,34444441,-1.1256878213093
"21210","20074.16",21210,34445097,-0.0442341406621365
"21211","20074.16",21211,34447887,-1.77691681693026
"21212","20074.16",21212,34448212,-0.243020289733338
"21213","20074.16",21213,34448486,0.459009029583471
"21214","20074.16",21214,34449304,-1.10748428913531
"21215","20074.16",21215,34449318,0.181551270877467
"21216","20074.16",21216,34449609,0.146800767063731
"21217","20074.16",21217,34449700,-0.621365824315155
"21218","20074.16",21218,34459038,-0.192804116385338
"21219","20074.16",21219,34459454,0.37081426665675
"21220","20074.16",21220,34459528,-1.4466154459663
"21221","20074.16",21221,34459602,-0.208472412346193
"21222","20074.16",21222,34459710,-0.185301908003676
"21223","20074.16",21223,34466572,-0.780407750051015
"21224","20074.16",21224,34470704,-0.332251109874734
"21225","20074.16",21225,34471298,1.04088198462637
"21226","20074.16",21226,34471465,-1.05886421367715
"21227","20074.16",21227,34471493,-0.136124161640173
"21228","20074.16",21228,34471521,0.0402093404540889
"21229","20074.16",21229,34471822,-0.213741505060568
"21230","20074.16",21230,34472048,0.454465024456826
"21231","20074.16",21231,34472183,0.5734121915664
"21232","20074.16",21232,34472233,0.418498119549075
"21233","20074.16",21233,34472273,0.555803341343647
"21234","20074.16",21234,34472288,0.654304996183664
"21235","20074.16",21235,34479305,0.280451057931979
"21236","20074.16",21236,34479681,0.0722837710924491
"21237","20074.16",21237,34481468,-0.142084040260531
"21238","20074.16",21238,34486860,-0.085127363327465
"21239","20074.16",21239,34488225,-0.00424624945672836
"21240","20074.16",21240,34488790,-0.186512743555024
"21241","20074.16",21241,34492037,-0.219170387121884
"21242","20074.16",21242,34492345,0.0328185199923556
"21243","20074.16",21243,34495484,-0.29354420616502
"21244","20074.16",21244,34500586,-0.715125806430438
"21245","20074.16",21245,34501125,-0.221599620212018
"21246","20074.16",21246,34503235,-0.0425816089456053
"21247","20074.16",21247,34512056,0.627497271761963
"21248","20074.16",21248,34516920,-0.449326611022515
"21249","20074.16",21249,34516925,-0.266140644723355
"21250","20074.16",21250,34516926,0.125949421984159
"21251","20074.16",21251,34516927,-0.0512140527572358
"21252","20074.16",21252,34517307,-0.486527630009141
"21253","20074.16",21253,34517731,0.0949674076181486
"21254","20074.16",21254,34518045,0.285202366627034
"21255","20074.16",21255,34520217,-0.535052954158235
"21256","20074.16",21256,34527262,1.17106865115081
"21257","20074.16",21257,34528628,-0.362974845942079
"21258","20074.16",21258,34529095,-0.693437986247045
"21259","20074.16",21259,34530586,0.32953656789824
"21260","20074.16",21260,34532328,-0.44379763089181
"21261","20074.16",21261,34534735,0.0481145093040753
"21262","20074.16",21262,34536364,-0.600374232905577
"21263","20074.16",21263,34536766,-0.968693124045402
"21264","20074.16",21264,34538459,0.319539217421823
"21265","20074.16",21265,34539742,-0.0972728832681176
"21266","20074.16",21266,34542368,-1.99187139471627
"21267","20074.16",21267,34543724,-0.907355488881572
"21268","20074.16",21268,34545042,0.553235400546723
"21269","20074.16",21269,34549479,-0.163558522530765
"21270","20074.16",21270,34549717,0.325064605882555
"21271","20074.16",21271,34557729,-0.884701124832716
"21272","20074.16",21272,34558310,-0.0230312067994536
"21273","20074.16",21273,34558515,-0.571903257904641
"21274","20074.16",21274,34558829,-0.358484766762841
"21275","20074.16",21275,34564631,0.048345484587756
"21276","20074.16",21276,34564760,-0.255841587914301
"21277","20074.16",21277,34567199,-0.346396955943926
"21278","20074.16",21278,34567213,-0.709820237846541
"21279","20074.16",21279,34568667,-0.43823690888589
"21280","20074.16",21280,34575708,-0.441392306435551
"21281","20074.16",21281,34577694,0.272875230887592
"21282","20074.16",21282,34580886,-0.116610891749993
"21283","20074.16",21283,34584077,-0.27479893517333
"21284","20074.16",21284,34584193,0.220494260280876
"21285","20074.16",21285,34591545,0.516651572499684
"21286","20074.16",21286,34592035,-0.0365038522325305
"21287","20074.16",21287,34592053,0.734378738838376
"21288","20074.16",21288,34593668,-0.279244894446636
"21289","20074.16",21289,34596054,-0.164370326520621
"21290","20074.16",21290,34597156,-0.150489834776577
"21291","20074.16",21291,34597243,0.225555317617576
"21292","20074.16",21292,34597543,0.521421113472045
"21293","20074.16",21293,34601331,-0.140609853599265
"21294","20074.16",21294,34602633,-0.711548146258554
"21295","20074.16",21295,34602880,0.662233222895853
"21296","20074.16",21296,34602945,0.490609143671153
"21297","20074.16",21297,34603810,-0.153363103759782
"21298","20074.16",21298,34605174,-0.287223218448374
"21299","20074.16",21299,34606466,-0.124575529506045
"21300","20074.16",21300,34608892,0.299734601227857
"21301","20074.16",21301,34609669,-0.221674972752966
"21302","20074.16",21302,34609804,0.333376904990584
"21303","20074.16",21303,34610801,0.361295303462547
"21304","20074.16",21304,34613069,-0.467000871331444
"21305","20074.16",21305,34615634,0.516913207870956
"21306","20074.16",21306,34615980,-0.0747925859325509
"21307","20074.16",21307,34617523,-0.271166086308777
"21308","20074.16",21308,34623190,-0.429546309130531
"21309","20074.16",21309,34623207,-0.177619834871455
"21310","20074.16",21310,34623389,-0.96108838746381
"21311","20074.16",21311,34623405,0.0491561813392796
"21312","20074.16",21312,34623552,-0.127033641754747
"21313","20074.16",21313,34623610,0.0629199231862225
"21314","20074.16",21314,34626798,-0.13268221421087
"21315","20074.16",21315,34627271,-1.03723259502162
"21316","20074.16",21316,34630628,0.238074272221848
"21317","20074.16",21317,34630667,-0.753933315064642
"21318","20074.16",21318,34630957,-0.126479087342587
"21319","20074.16",21319,34632814,-0.47874505454585
"21320","20074.16",21320,34633022,0.841838929132902
"21321","20074.16",21321,34636432,-0.335560125284465
"21322","20074.16",21322,34636720,0.0535094534865834
"21323","20074.16",21323,34637283,-1.21639696280539
"21324","20074.16",21324,34640998,0.253251590213146
"21325","20074.16",21325,34641560,-0.628295806804942
"21326","20074.16",21326,34642908,-0.339301148024805
"21327","20074.16",21327,34644318,-1.03107217120542
"21328","20074.16",21328,34647613,-0.53145568923351
"21329","20074.16",21329,34647838,0.199947457433282
"21330","20074.16",21330,34652122,0.791335467560027
"21331","20074.16",21331,34652571,0.407069580028444
"21332","20074.16",21332,34654232,-0.327372234315029
"21333","20074.16",21333,34656685,0.0486123193184973
"21334","20074.16",21334,34656926,-0.515050491511682
"21335","20074.16",21335,34657015,-0.745337900264861
"21336","20074.16",21336,34657067,-0.75508362220106
"21337","20074.16",21337,34663451,-1.0962079507311
"21338","20074.16",21338,34663747,0.311512985218275
"21339","20074.16",21339,34667689,-0.502328525438487
"21340","20074.16",21340,34670858,0.0972091710011371
"21341","20074.16",21341,34672192,-0.151482790740645
"21342","20074.16",21342,34672288,0.712318449984788
"21343","20074.16",21343,34673043,0.0338882501931694
"21344","20074.16",21344,34676984,-0.625479884279422
"21345","20074.16",21345,34677199,-0.567892264358247
"21346","20074.16",21346,34677289,0.536918052426512
"21347","20074.16",21347,34677637,0.542869469291458
"21348","20074.16",21348,34679240,-0.201444186091533
"21349","20074.16",21349,34679678,-0.204350812534964
"21350","20074.16",21350,34680296,-0.597500236142595
"21351","20074.16",21351,34680461,-0.146972503263254
"21352","20074.16",21352,34681771,0.408459653102175
"21353","20074.16",21353,34682514,0.103265599126984
"21354","20074.16",21354,34684240,0.171823649889477
"21355","20074.16",21355,34684539,-0.348689709278574
"21356","20074.16",21356,34684800,0.485718202176215
"21357","20074.16",21357,34688313,0.0878497135355092
"21358","20074.16",21358,34688552,0.0248851824988643
"21359","20074.16",21359,34691463,0.0758495895180049
"21360","20074.16",21360,34692736,-0.271230596014318
"21361","20074.16",21361,34692767,0.520386002581112
"21362","20074.16",21362,34701165,-0.308089130582297
"21363","20074.16",21363,34702403,0.140807957739185
"21364","20074.16",21364,34702500,0.662211072005173
"21365","20074.16",21365,34702695,0.988124526504273
"21366","20074.16",21366,34708989,0.900500142667599
"21367","20074.16",21367,34708991,0.238913815634781
"21368","20074.16",21368,34708992,0.138843783096672
"21369","20074.16",21369,34709800,-0.140085098482561
"21370","20074.16",21370,34710108,-0.066725881256235
"21371","20074.16",21371,34710211,-0.123639795570186
"21372","20074.16",21372,34714134,-0.411694983520619
"21373","20074.16",21373,34718559,-0.401976169877291
"21374","20074.16",21374,34719313,-0.261723261921659
"21375","20074.16",21375,34728505,0.63525497107674
"21376","20074.16",21376,34729035,-0.0590036360899564
"21377","20074.16",21377,34729123,-0.0507953879951488
"21378","20074.16",21378,34729641,-0.705201903393018
"21379","20074.16",21379,34730916,0.160510762249781
"21380","20074.16",21380,34731284,-0.0405190657913987
"21381","20074.16",21381,34731413,-0.03444575075972
"21382","20074.16",21382,34733876,-0.69320567652453
"21383","20074.16",21383,34735737,0.198586984541569
"21384","20074.16",21384,34736226,0.0259750769543485
"21385","20074.16",21385,34738677,-0.402166695933071
"21386","20074.16",21386,34738794,0.187364452725064
"21387","20074.16",21387,34739259,-0.479426297061432
"21388","20074.16",21388,34739571,1.03137008564143
"21389","20074.16",21389,34740013,-0.526994983990214
"21390","20074.16",21390,34746194,0.14663953464748
"21391","20074.16",21391,34748705,-0.652492652458187
"21392","20074.16",21392,34752265,-1.33590704490815
"21393","20074.16",21393,34754729,-0.191106123339063
"21394","20074.16",21394,34755567,-0.192749701552266
"21395","20074.16",21395,34757071,0.332356016104268
"21396","20074.16",21396,34760967,0.146380357964201
"21397","20074.16",21397,34765094,-0.663623245829176
"21398","20074.16",21398,34765217,-0.486533394596786
"21399","20074.16",21399,34767506,-0.562748274327253
"21400","20074.16",21400,34767997,-1.0440287209615
"21401","20074.16",21401,34768012,-0.156439647182479
"21402","20074.16",21402,34768248,-0.175602194447483
"21403","20074.16",21403,34768288,1.28492083090921
"21404","20074.16",21404,34774477,-0.938054471203825
"21405","20074.16",21405,34775314,0.978781770137942
"21406","20074.16",21406,34781265,-0.708130588979235
"21407","20074.16",21407,34784364,-0.48572167891012
"21408","20074.16",21408,34784604,-0.742545233516739
"21409","20074.16",21409,34787984,-0.334403766192996
"21410","20074.16",21410,34789925,0.104567497422595
"21411","20074.16",21411,34790371,0.554785581027386
"21412","20074.16",21412,34790434,0.758384629171938
"21413","20074.16",21413,34791744,-0.373422614730662
"21414","20074.16",21414,34791791,0.872533126919744
"21415","20074.16",21415,34794686,-0.30148089059216
"21416","20074.16",21416,34795794,0.0680484565018897
"21417","20074.16",21417,34796531,0.468807560682769
"21418","20074.16",21418,34796742,0.0996521996967248
"21419","20074.16",21419,34797301,0.650687842280782
"21420","20074.16",21420,34799585,-0.347719963408549
"21421","20074.16",21421,34803389,0.117024457537036
"21422","20074.16",21422,34805049,0.135308646112519
"21423","20074.16",21423,34806791,0.183773934350181
"21424","20074.16",21424,34813361,0.563015648317804
"21425","20074.16",21425,34813437,-0.642857792661027
"21426","20074.16",21426,34814487,0.119988562891945
"21427","20074.16",21427,34814951,-0.446565039656688
"21428","20074.16",21428,34817877,0.156721157079239
"21429","20074.16",21429,34819826,-0.703237494970772
"21430","20074.16",21430,34822371,-0.498479551410151
"21431","20074.16",21431,34822390,-0.189683650490585
"21432","20074.16",21432,34835096,-1.55524253336535
"21433","20074.16",21433,34835800,-0.767893295074181
"21434","20074.16",21434,34840405,-0.0780216969278298
"21435","20074.16",21435,34849751,-0.170280228204219
"21436","20074.16",21436,34850921,-0.196927899465612
"21437","20074.16",21437,34853079,-0.0479998007949334
"21438","20074.16",21438,34861608,-0.29641205805344
"21439","20074.16",21439,34864225,-0.182048643625556
"21440","20074.16",21440,34864371,0.198837563935534
"21441","20074.16",21441,34865707,0.134728756297713
"21442","20074.16",21442,34877691,-1.21717757455485
"21443","20074.16",21443,34877723,-0.484826099137197
"21444","20074.16",21444,34878818,-0.658784641035704
"21445","20074.16",21445,34886092,-0.231758727235183
"21446","20074.16",21446,34900229,-0.737313266487217
"21447","20074.16",21447,34903460,-0.179046891113542
"21448","20074.16",21448,34903524,-0.778131456772914
"21449","20074.16",21449,34923039,-0.572089658908054
"21450","20074.16",21450,34924729,0.0109750703503302
"21451","20074.16",21451,34928236,-0.653461846560422
"21452","20074.16",21452,34935415,0.524616936702624
"21453","20074.16",21453,34936181,0.27491701007012
"21454","20074.16",21454,34938223,-0.145428876991409
"21455","20074.16",21455,34938660,-0.248306630266488
"21456","20074.16",21456,34941764,-1.14017991986481
"21457","20074.16",21457,34949893,-0.677185234301905
"21458","20074.16",21458,34962691,-0.804320737299121
"21459","20074.16",21459,34964475,-0.181289362965612
"21460","20074.16",21460,34964900,0.388357088815265
"21461","20074.16",21461,34965552,-0.0447812458461732
"21462","20074.16",21462,34965858,-0.399389567811648
"21463","20074.16",21463,34975360,-0.281968833696046
"21464","20074.16",21464,34989374,0.0247137481934985
"21465","20074.16",21465,34989978,-0.536243780212303
"21466","20074.16",21466,34991352,-0.772387259378307
"21467","20074.16",21467,34995713,-0.494925029212076
"21468","20074.16",21468,35015074,-0.384076415199573
"21469","20074.16",21469,35021001,-0.788073472653522
"21470","20074.16",21470,35021919,0.256322877988947
"21471","20074.16",21471,35022688,-1.02634170442796
"21472","20074.16",21472,35026985,0.220695925479969
"21473","20074.16",21473,35027277,-1.12744800818572
"21474","20074.16",21474,35029959,-1.25321407373325
"21475","20074.16",21475,35032045,0.0114708601895073
"21476","20074.16",21476,35044387,-0.590187030802636
"21477","20074.16",21477,35046051,0.490103551646938
"21478","20074.16",21478,35046282,-1.58046219647156
"21479","20074.16",21479,35048451,-0.0741070525364558
"21480","20074.16",21480,35053065,-0.830778220498687
"21481","20074.16",21481,35053952,-0.346787634916334
"21482","20074.16",21482,35057224,-1.23050508718735
"21483","20074.16",21483,35058068,-1.00894546038889
"21484","20074.16",21484,35059329,-1.11530158306655
"21485","20074.16",21485,35069295,-0.203175062988826
"21486","20074.16",21486,35072433,0.550606959323672
"21487","20074.16",21487,35074249,-0.226482234241946
"21488","20074.16",21488,35076121,0.0762488893024171
"21489","20074.16",21489,35076563,-0.123541043054973
"21490","20074.16",21490,35076673,-0.212407660887473
"21491","20074.16",21491,35087691,-0.95618905509009
"21492","20074.16",21492,35088093,-0.421905469659206
"21493","20074.16",21493,35090200,0.25278991824366
"21494","20074.16",21494,35090491,-0.154154465593911
"21495","20074.16",21495,35090884,0.391585825457786
"21496","20074.16",21496,35092445,0.331145049626604
"21497","20074.16",21497,35096806,-0.67299986243018
"21498","20074.16",21498,35100294,0.0411959325853939
"21499","20074.16",21499,35100692,-0.704503371460952
"21500","20074.16",21500,35106638,-0.619257820263652
"21501","20074.16",21501,35107299,-0.185594969715821
"21502","20074.16",21502,35107916,-0.306191274792211
"21503","20074.16",21503,35111095,0.319543373870423
"21504","20074.16",21504,35111585,-0.377086509165316
"21505","20074.16",21505,35111721,0.671706295192272
"21506","20074.16",21506,35112052,0.216454042781341
"21507","20074.16",21507,35112617,0.123610401226037
"21508","20074.16",21508,35112736,0.445552069585061
"21509","20074.16",21509,35118612,-0.237028411595701
"21510","20074.16",21510,35118947,-0.767741656833413
"21511","20074.16",21511,35121721,-0.858236245376225
"21512","20074.16",21512,35122095,0.341971601106576
"21513","20074.16",21513,35124119,0.699109893288091
"21514","20074.16",21514,35124365,0.187252684040031
"21515","20074.16",21515,35127113,-0.6337739379882
"21516","20074.16",21516,35127352,0.275086689261726
"21517","20074.16",21517,35129922,0.254369911120677
"21518","20074.16",21518,35132156,-0.692416994879893
"21519","20074.16",21519,35133150,-1.08537381979127
"21520","20074.16",21520,35133555,-1.29170354280907
"21521","20074.16",21521,35139485,0.203907639500492
"21522","20074.16",21522,35139604,-1.08071075487823
"21523","20074.16",21523,35140839,-0.223353651012739
"21524","20074.16",21524,35145084,-1.58098847225906
"21525","20074.16",21525,35146349,0.499616308711205
"21526","20074.16",21526,35148082,-0.23802715017984
"21527","20074.16",21527,35158160,0.197655415628945
"21528","20074.16",21528,35158252,-0.545692090780333
"21529","20074.16",21529,35183794,0.340635449102687
"21530","20074.16",21530,35205717,0.142757399206289
"21531","20074.16",21531,35216049,-0.471849138342537
"21532","20074.16",21532,35223662,-0.844418754642183
"21533","20074.16",21533,35283227,0.635081546204984
"21534","20074.16",21534,46463783,-0.00707231201745717
"21535","20074.16",21535,46475899,0.309098379710151
"21536","20074.16",21536,46477928,1.34711736057825
"21537","20074.16",21537,46491387,-0.355252563297089
"21538","20074.16",21538,46497363,-0.19801242066669
"21539","20074.16",21539,46503207,-0.891675563384234
"21540","20074.16",21540,46504415,-0.351241762289757
"21541","20074.16",21541,46507666,-0.652867257857853
"21542","20074.16",21542,46507944,-0.168834934992469
"21543","20074.16",21543,46508461,0.380992973199095
"21544","20074.16",21544,46509918,-0.238702456625385
"21545","20074.16",21545,46515528,-0.544073198902143
"21546","20074.16",21546,46516496,-0.672895255595292
"21547","20074.16",21547,46523418,-0.496412558733793
"21548","20074.16",21548,46531988,0.67821248634147
"21549","20074.16",21549,46532025,-0.38747909176585
"21550","20074.16",21550,46534977,-0.216344197286287
"21551","20074.16",21551,46537956,-0.488411709846297
"21552","20074.16",21552,46539392,1.33359636232731
"21553","20074.16",21553,46539655,0.124475145519972
"21554","20074.16",21554,46540801,-1.0943408829505
"21555","20074.16",21555,46541476,-0.198984437800463
"21556","20074.16",21556,46544628,0.0896939570266584
"21557","20074.16",21557,46549082,-1.43615842430226
"21558","20074.16",21558,46549294,-0.280058054525703
"21559","20074.16",21559,46550413,-0.37086140442709
"21560","20074.16",21560,46552618,0.194667418286564
"21561","20074.16",21561,46554424,-0.132338748137638
"21562","20074.16",21562,46556656,0.0477268945272566
"21563","20074.16",21563,46557910,-0.278377007306182
"21564","20074.16",21564,46561552,-0.177621568720347
"21565","20074.16",21565,46563543,-0.0512801169751844
"21566","20074.16",21566,46565306,0.142370355129674
"21567","20074.16",21567,46565492,0.0329532077392631
"21568","20074.16",21568,46567166,-0.0744637435550359
"21569","20074.16",21569,46580767,-0.640010259508241
"21570","20074.16",21570,46583025,0.331465093243554
"21571","20074.16",21571,46584294,-0.597700862415445
"21572","20074.16",21572,46584781,-0.728680534644883
"21573","20074.16",21573,46591979,-0.686239397171069
"21574","20074.16",21574,46592457,-0.287784606322278
"21575","20074.16",21575,46592878,-1.08229466074468
"21576","20074.16",21576,46595815,-0.389776373959418
"21577","20074.16",21577,46596146,-0.248216930706594
"21578","20074.16",21578,46607452,-0.463766133508915
"21579","20074.16",21579,46609779,-1.58787731875652
"21580","20074.16",21580,46610175,0.680579458316024
"21581","20074.16",21581,46610187,0.662024091010527
"21582","20074.16",21582,46615332,-0.0989490507977182
"21583","20074.16",21583,46615362,-0.0629554260095171
"21584","20074.16",21584,46624792,0.837370593143647
"21585","20074.16",21585,46631586,-1.32714557619997
"21586","20074.16",21586,46634452,-0.696643899531099
"21587","20074.16",21587,46637781,-0.265678257255647
"21588","20074.16",21588,46638910,-0.858270188919454
"21589","20074.16",21589,46640695,0.718827153424198
"21590","20074.16",21590,46640973,-0.904922171804902
"21591","20074.16",21591,46642456,0.195456333023853
"21592","20074.16",21592,46646839,0.603409402107048
"21593","20074.16",21593,46649986,-0.977223407270483
"21594","20074.16",21594,46650890,0.874098350120252
"21595","20074.16",21595,46651786,0.623270394550471
"21596","20074.16",21596,46651948,0.88460679797485
"21597","20074.16",21597,46652142,-0.30709386714764
"21598","20074.16",21598,46655516,0.496945027885732
"21599","20074.16",21599,46665657,-0.667358288856131
"21600","20074.16",21600,46668370,-0.234959770209543
"21601","20074.16",21601,46668811,-0.337133209521531
"21602","20074.16",21602,46669332,0.34624629870861
"21603","20074.16",21603,46673412,0.129485894926701
"21604","20074.16",21604,46673985,-1.05048504320881
"21605","20074.16",21605,46680214,-0.732079320436945
"21606","20074.16",21606,46683318,0.0850230341793381
"21607","20074.16",21607,46683485,0.175249767937785
"21608","20074.16",21608,46686027,-0.101120103527667
"21609","20074.16",21609,46692720,-0.750959497130374
"21610","20074.16",21610,46692836,-0.0375556168396871
"21611","20074.16",21611,46693451,-0.158026680077479
"21612","20074.16",21612,46699218,-0.578895855464241
"21613","20074.16",21613,46699535,-0.112749225553692
"21614","20074.16",21614,46703632,0.673961400497467
"21615","20074.16",21615,46704949,0.946752637947056
"21616","20074.16",21616,46705576,0.779096214237136
"21617","20074.16",21617,46705660,-0.39335923779313
"21618","20074.16",21618,46708229,-0.00542012919368062
"21619","20074.16",21619,46709374,0.217604365482735
"21620","20074.16",21620,46715328,-0.0200354606756799
"21621","20074.16",21621,46723598,-0.377782115359961
"21622","20074.16",21622,46727256,0.631639523516822
"21623","20074.16",21623,46727680,-0.220487365462835
"21624","20074.16",21624,46729670,-0.320131312728328
"21625","20074.16",21625,46730080,-1.3964865526886
"21626","20074.16",21626,46737125,-0.609484978617528
"21627","20074.16",21627,46737510,0.180489165402034
"21628","20074.16",21628,46737755,0.230168155559961
"21629","20074.16",21629,46738893,-0.6319060300304
"21630","20074.16",21630,46740882,0.150587681872093
"21631","20074.16",21631,46741600,-0.157149158590347
"21632","20074.16",21632,46742684,-0.844897781859462
"21633","20074.16",21633,46745210,-0.303077016973508
"21634","20074.16",21634,46746387,0.203000742828049
"21635","20074.16",21635,46747826,-0.321673932850195
"21636","20074.16",21636,46749859,-0.784787997320562
"21637","20074.16",21637,46749945,0.79256461166055
"21638","20074.16",21638,46750010,0.202888059229341
"21639","20074.16",21639,46752117,0.641965911112327
"21640","20074.16",21640,46758163,-0.744529773120636
"21641","20074.16",21641,46758602,0.958000829740437
"21642","20074.16",21642,46761242,-1.0542573071192
"21643","20074.16",21643,46768115,-0.368335987506907
"21644","20074.16",21644,46772148,0.193476773269058
"21645","20074.16",21645,46772497,-0.8712176623009
"21646","20074.16",21646,46774390,-0.721127732044317
"21647","20074.16",21647,46777299,-0.132414294703675
"21648","20074.16",21648,46777501,0.521370238902828
"21649","20074.16",21649,46778832,0.209708855142369
"21650","20074.16",21650,46779786,-0.53000966288556
"21651","20074.16",21651,46780267,0.74372307919738
"21652","20074.16",21652,46782381,0.0442116901200382
"21653","20074.16",21653,46783360,0.383325738097882
"21654","20074.16",21654,46783989,-0.570366849464927
"21655","20074.16",21655,46784184,-0.578090492742338
"21656","20074.16",21656,46786503,-0.417055881336285
"21657","20074.16",21657,46786972,-0.0175339442704683
"21658","20074.16",21658,46789576,-0.330069638346172
"21659","20074.16",21659,46790519,0.570788429244604
"21660","20074.16",21660,46791218,-0.460566999462762
"21661","20074.16",21661,46792881,0.208416481264634
"21662","20074.16",21662,46793342,-0.850464975831058
"21663","20074.16",21663,46795162,-1.0069962899238
"21664","20074.16",21664,46796724,0.273945275821654
"21665","20074.16",21665,46797168,0.334076178751167
"21666","20074.16",21666,46799257,-0.793180649464839
"21667","20074.16",21667,46801990,-0.657742935275472
"21668","20074.16",21668,46825194,0.503108178957908
"21669","20074.16",21669,46830651,-0.140183582687923
"21670","20074.16",21670,46831114,0.417165716721205
"21671","20074.16",21671,46831180,-0.171882805559131
"21672","20074.16",21672,46833698,-0.916819839205918
"21673","20074.16",21673,46834612,-0.0282421022040866
"21674","20074.16",21674,46834940,0.375424669756163
"21675","20074.16",21675,46835563,-0.0611766856055747
"21676","20074.16",21676,46838743,0.388719256719798
"21677","20074.16",21677,46841399,-0.322711825754017
"21678","20074.16",21678,46842785,0.0791368945214632
"21679","20074.16",21679,46849859,0.217352914148631
"21680","20074.16",21680,46850406,-0.88105346828709
"21681","20074.16",21681,46854243,-0.7935431232048
"21682","20074.16",21682,46858138,-0.197257360490951
"21683","20074.16",21683,46859468,-0.311370670687394
"21684","20074.16",21684,46860535,-0.722553037575254
"21685","20074.16",21685,46863811,-0.803470111133304
"21686","20074.16",21686,46870852,-0.0397709154152173
"21687","20074.16",21687,46873564,-0.443461955289282
"21688","20074.16",21688,46874185,0.276901479593897
"21689","20074.16",21689,46874698,-0.556632232865104
"21690","20074.16",21690,46882059,-0.536369335805091
"21691","20074.16",21691,46882670,-0.565047035694327
"21692","20074.16",21692,46888411,0.317879010363554
"21693","20074.16",21693,46891147,-1.60081120600301
"21694","20074.16",21694,46891254,-0.380647229645773
"21695","20074.16",21695,46891727,-0.13976525136214
"21696","20074.16",21696,46894972,-1.76039408580398
"21697","20074.16",21697,46895859,-0.308657766073568
"21698","20074.16",21698,46896222,-0.0248952847611728
"21699","20074.16",21699,46900439,-1.14860395250217
"21700","20074.16",21700,46902927,-0.367349476851858
"21701","20074.16",21701,46904132,0.172155504046451
"21702","20074.16",21702,46906413,-0.0913548516920697
"21703","20074.16",21703,46907136,-0.266724267739081
"21704","20074.16",21704,46910876,0.73007103103833
"21705","20074.16",21705,46911949,-1.5899855451309
"21706","20074.16",21706,46916086,0.191367346135798
"21707","20074.16",21707,46916256,-0.229611504301493
"21708","20074.16",21708,46916594,-0.83824763534161
"21709","20074.16",21709,46922123,0.428138034458912
"21710","20074.16",21710,46924657,-0.58727498392199
"21711","20074.16",21711,46925088,-0.470644555886703
"21712","20074.16",21712,46929223,-0.187499237563332
"21713","20074.16",21713,46930636,0.615725745164803
"21714","20074.16",21714,46934918,-0.762609201822185
"21715","20074.16",21715,46939548,-0.608195091345012
"21716","20074.16",21716,46939600,0.544131652177737
"21717","20074.16",21717,46939852,0.504699937666179
"21718","20074.16",21718,46943706,-0.932328946797822
"21719","20074.16",21719,46947179,-0.208386846583028
"21720","20074.16",21720,46949483,0.217815817337469
"21721","20074.16",21721,46949903,-0.986860442623769
"21722","20074.16",21722,46952031,0.300667351522097
"21723","20074.16",21723,46954330,-0.314629912452097
"21724","20074.16",21724,46954348,0.178464722973557
"21725","20074.16",21725,46954674,-0.422760096162572
"21726","20074.16",21726,46957527,-0.223439866471523
"21727","20074.16",21727,46958053,0.326283292416112
"21728","20074.16",21728,46961703,-0.221948773024335
"21729","20074.16",21729,46963908,-0.191983755554998
"21730","20074.16",21730,46964864,-0.531433750927512
"21731","20074.16",21731,46966717,-1.72735180552226
"21732","20074.16",21732,46968728,-0.310802180433842
"21733","20074.16",21733,46970308,-1.03976131584979
"21734","20074.16",21734,46970839,-0.14355271447743
"21735","20074.16",21735,46972295,0.316458170197882
"21736","20074.16",21736,46972876,0.116533276998561
"21737","20074.16",21737,46974328,0.115786071145202
"21738","20074.16",21738,46977509,-1.04699064778884
"21739","20074.16",21739,46978805,-0.407755623194604
"21740","20074.16",21740,46982592,-0.58144917267833
"21741","20074.16",21741,46982816,0.189965588347802
"21742","20074.16",21742,46988741,0.200608938838805
"21743","20074.16",21743,46996663,-0.291220238737456
"21744","20074.16",21744,47000822,-0.434172163058339
"21745","20074.16",21745,47001547,-0.443913430180891
"21746","20074.16",21746,47001626,0.195611464189355
"21747","20074.16",21747,47002641,-0.304412669925496
"21748","20074.16",21748,47003285,0.0599257216732987
"21749","20074.16",21749,47004071,-0.337238429066036
"21750","20074.16",21750,47008723,0.228214701466986
"21751","20074.16",21751,47013254,0.139063569372776
"21752","20074.16",21752,47013805,-0.251953024640486
"21753","20074.16",21753,47021840,-1.27234251889471
"21754","20074.16",21754,47022778,0.555158573755386
"21755","20074.16",21755,47023415,-0.48339481000883
"21756","20074.16",21756,47024056,0.307416431936294
"21757","20074.16",21757,47028536,0.449835773675082
"21758","20074.16",21758,47030630,0.609447980561867
"21759","20074.16",21759,47032028,0.989817512173276
"21760","20074.16",21760,47035728,-0.0322411023167994
"21761","20074.16",21761,47036120,-1.86675084837601
"21762","20074.16",21762,47036253,-0.187679922247521
"21763","20074.16",21763,47046023,0.117241800763995
"21764","20074.16",21764,47054187,-1.09063826656093
"21765","20074.16",21765,47056547,-0.330023134194778
"21766","20074.16",21766,47059355,-0.712612029425924
"21767","20074.16",21767,47060464,-0.161671355686048
"21768","20074.16",21768,47060494,-0.119454084441513
"21769","20074.16",21769,47061557,0.133989576243971
"21770","20074.16",21770,47064538,0.314851955795185
"21771","20074.16",21771,47065731,-0.581603830331322
"21772","20074.16",21772,47068463,-0.316565371584977
"21773","20074.16",21773,47069629,0.989128463737042
"21774","20074.16",21774,47070347,0.578038553569626
"21775","20074.16",21775,47070697,-0.415944418776493
"21776","20074.16",21776,47075519,-0.924677415136514
"21777","20074.16",21777,47077459,-0.449160136824528
"21778","20074.16",21778,47077528,-0.837917050968785
"21779","20074.16",21779,47080077,-0.430793071350786
"21780","20074.16",21780,47080885,0.490007011406107
"21781","20074.16",21781,47083856,-1.00884967382657
"21782","20074.16",21782,47084352,0.467664584081422
"21783","20074.16",21783,47084989,-0.214125370968268
"21784","20074.16",21784,47087433,0.224410289253568
"21785","20074.16",21785,47091839,0.172388465941631
"21786","20074.16",21786,47092784,-0.415696703300134
"21787","20074.16",21787,47094850,-0.0312609418801451
"21788","20074.16",21788,47096516,-0.352198353685688
"21789","20074.16",21789,47098790,0.475193209257365
"21790","20074.16",21790,47099347,-1.08500655410416
"21791","20074.16",21791,47102963,-0.401121196453657
"21792","20074.16",21792,47104850,-0.572492461215853
"21793","20074.16",21793,47108674,-0.316849314259533
"21794","20074.16",21794,47114322,-0.252048498603414
"21795","20074.16",21795,47119149,-0.211207059176015
"21796","20074.16",21796,47120130,0.653748798171363
"21797","20074.16",21797,47122719,-0.00483874469472578
"21798","20074.16",21798,47126716,-1.2567954499913
"21799","20074.16",21799,47130593,0.273310214839735
"21800","20074.16",21800,47140287,0.377734947683691
"21801","20074.16",21801,47141214,0.226401653693537
"21802","20074.16",21802,47147186,0.241509384654237
"21803","20074.16",21803,47150385,-0.273491229843817
"21804","20074.16",21804,47155268,0.00315192391174524
"21805","20074.16",21805,47157370,0.299456489432687
"21806","20074.16",21806,47160283,-0.149375702702739
"21807","20074.16",21807,47163226,-1.11424038689277
"21808","20074.16",21808,47163315,-0.372856423148145
"21809","20074.16",21809,47163952,0.143652017847883
"21810","20074.16",21810,47166238,0.00696307486827052
"21811","20074.16",21811,47167469,1.15105576447467
"21812","20074.16",21812,47167597,-0.196344745064108
"21813","20074.16",21813,47167661,0.441246118929278
"21814","20074.16",21814,47168524,0.318313707731078
"21815","20074.16",21815,47171289,-0.297221027111333
"21816","20074.16",21816,47171333,-0.323601016623308
"21817","20074.16",21817,47173313,-0.0854269456372005
"21818","20074.16",21818,47173864,0.0576495666589993
"21819","20074.16",21819,47175837,-1.7822540016273
"21820","20074.16",21820,47176459,0.145589247245576
"21821","20074.16",21821,47189188,0.0587429593001376
"21822","20074.16",21822,47190596,-0.69368632693826
"21823","20074.16",21823,47194775,-0.473571218168716
"21824","20074.16",21824,47197205,0.306753020389109
"21825","20074.16",21825,47198731,-1.00580311307102
"21826","20074.16",21826,47200165,-0.37727895123554
"21827","20074.16",21827,47200183,0.555881244860854
"21828","20074.16",21828,47201080,-0.234049713306103
"21829","20074.16",21829,47203025,-0.0890513542086806
"21830","20074.16",21830,47204219,-0.28164086501986
"21831","20074.16",21831,47206968,0.652916809885082
"21832","20074.16",21832,47207548,0.360403065970218
"21833","20074.16",21833,47209997,0.15060038956109
"21834","20074.16",21834,47211104,-0.0932339759976868
"21835","20074.16",21835,47211232,0.167669566121097
"21836","20074.16",21836,47223066,-0.456509189154777
"21837","20074.16",21837,47223418,0.106489171963828
"21838","20074.16",21838,47224235,0.133676262149746
"21839","20074.16",21839,47224693,-0.289478362526977
"21840","20074.16",21840,47225168,-0.398228949197617
"21841","20074.16",21841,47229328,-0.357328707365927
"21842","20074.16",21842,47229974,1.27353591158698
"21843","20074.16",21843,47233294,0.00113022150006703
"21844","20074.16",21844,47235548,0.864758560043314
"21845","20074.16",21845,47235953,0.78113664807784
"21846","20074.16",21846,47237486,0.0231217464750699
"21847","20074.16",21847,47238177,0.263789929469614
"21848","20074.16",21848,47244505,-0.325993692156536
"21849","20074.16",21849,47246620,0.0119020223808368
"21850","20074.16",21850,47247698,-0.384177036932253
"21851","20074.16",21851,47250206,0.151115392512094
"21852","20074.16",21852,47258407,-0.397367642901508
"21853","20074.16",21853,47261512,-0.321043932459012
"21854","20074.16",21854,47268206,0.809304814634735
"21855","20074.16",21855,47268279,-0.094386017765551
"21856","20074.16",21856,47268609,0.525240459195897
"21857","20074.16",21857,47269958,-0.139564938618291
"21858","20074.16",21858,47270430,-1.27142112047614
"21859","20074.16",21859,47270524,0.247565985387729
"21860","20074.16",21860,47271188,0.0659980799282431
"21861","20074.16",21861,47275186,-0.496454645180623
"21862","20074.16",21862,47276881,-0.13027891759859
"21863","20074.16",21863,47277447,-0.0181553673562416
"21864","20074.16",21864,47284601,-0.26884577786297
"21865","20074.16",21865,47285065,-0.443700675939353
"21866","20074.16",21866,47287535,0.165817186343687
"21867","20074.16",21867,47290863,-0.747819238811785
"21868","20074.16",21868,47299469,-0.609932833061717
"21869","20074.16",21869,47299484,-1.18173843231598
"21870","20074.16",21870,47300648,-0.350467557724709
"21871","20074.16",21871,47303011,0.0824071768299435
"21872","20074.16",21872,47303635,-0.688537288771278
"21873","20074.16",21873,47303838,-0.453524914869442
"21874","20074.16",21874,47307616,-0.0796423903747678
"21875","20074.16",21875,47308679,-1.31315564293313
"21876","20074.16",21876,47308825,0.105196077780183
"21877","20074.16",21877,47311220,-0.455408566335337
"21878","20074.16",21878,47311571,-0.43078124764461
"21879","20074.16",21879,47312423,-0.216938286718565
"21880","20074.16",21880,47316353,-0.0910050861245102
"21881","20074.16",21881,47318021,0.0757843631869672
"21882","20074.16",21882,47318428,-0.169876493278724
"21883","20074.16",21883,47328951,-0.869183991521704
"21884","20074.16",21884,47331218,-0.19681794728846
"21885","20074.16",21885,47331622,-0.290267527547289
"21886","20074.16",21886,47331991,-0.171752556014966
"21887","20074.16",21887,47333009,-0.946717406008316
"21888","20074.16",21888,47333623,-0.469636779595232
"21889","20074.16",21889,47338123,0.0289842187369826
"21890","20074.16",21890,47341848,-0.94766176663972
"21891","20074.16",21891,47346257,-0.247164451491103
"21892","20074.16",21892,47350907,-0.120867130117444
"21893","20074.16",21893,47351032,0.525426796369156
"21894","20074.16",21894,47355684,-0.262148473843276
"21895","20074.16",21895,47356155,-1.00827971105889
"21896","20074.16",21896,47362110,0.00638694368172033
"21897","20074.16",21897,47363748,-0.669652354259068
"21898","20074.16",21898,47364615,-0.475007523663606
"21899","20074.16",21899,47368948,0.96821677996846
"21900","20074.16",21900,47371163,-1.07338903022702
"21901","20074.16",21901,47378789,-0.472781666200302
"21902","20074.16",21902,47379996,-0.609050670499996
"21903","20074.16",21903,47387177,-0.522069139123044
"21904","20074.16",21904,47387974,-0.627433444971373
"21905","20074.16",21905,47390600,0.517383185052036
"21906","20074.16",21906,47393625,-0.28496451888534
"21907","20074.16",21907,47393763,-0.663959414542266
"21908","20074.16",21908,47396137,-0.793306556438816
"21909","20074.16",21909,47397842,-1.06063420720022
"21910","20074.16",21910,47398453,-0.484770979659128
"21911","20074.16",21911,47399460,0.493698974321066
"21912","20074.16",21912,47399991,-0.33164736812147
"21913","20074.16",21913,47401804,0.480121824136687
"21914","20074.16",21914,47404915,-0.602650779747423
"21915","20074.16",21915,47406050,0.565422775345923
"21916","20074.16",21916,47409365,0.160487706568309
"21917","20074.16",21917,47411530,-0.946010764961349
"21918","20074.16",21918,47412517,-1.22110775261056
"21919","20074.16",21919,47414901,-0.93848339555032
"21920","20074.16",21920,47415885,-0.396320926927014
"21921","20074.16",21921,47427920,0.15359863205816
"21922","20074.16",21922,47428499,0.252370230456155
"21923","20074.16",21923,47430848,-0.204786213004049
"21924","20074.16",21924,47430993,-0.948484983765889
"21925","20074.16",21925,47433534,0.620585200535024
"21926","20074.16",21926,47433560,0.085446324715913
"21927","20074.16",21927,47434561,0.222311784394166
"21928","20074.16",21928,47438006,-0.91254660305157
"21929","20074.16",21929,47438990,0.776201261979208
"21930","20074.16",21930,47439217,-0.508280408992036
"21931","20074.16",21931,47444629,-0.0625564072802343
"21932","20074.16",21932,47444937,-0.628140718826613
"21933","20074.16",21933,47448528,0.044556976150302
"21934","20074.16",21934,47451468,-0.752653090654209
"21935","20074.16",21935,47451484,-0.99154453716189
"21936","20074.16",21936,47453114,-0.67204073477629
"21937","20074.16",21937,47453819,-0.616348016672926
"21938","20074.16",21938,47455519,-0.377523557399975
"21939","20074.16",21939,47458113,0.630706603004781
"21940","20074.16",21940,47462349,0.32447080182945
"21941","20074.16",21941,47462740,0.338473414089504
"21942","20074.16",21942,47462851,1.08277943868978
"21943","20074.16",21943,47463873,-0.297592782843416
"21944","20074.16",21944,47469013,0.0281329605382776
"21945","20074.16",21945,47470668,-0.817935569396596
"21946","20074.16",21946,47471681,-1.62140400657275
"21947","20074.16",21947,47477128,-0.254830030316359
"21948","20074.16",21948,47477876,-0.305568226417979
"21949","20074.16",21949,47478945,0.02304456030721
"21950","20074.16",21950,47483388,-0.738713314586898
"21951","20074.16",21951,47483854,-0.521867584054132
"21952","20074.16",21952,47484839,-0.231929606041502
"21953","20074.16",21953,47492064,-0.569957352683019
"21954","20074.16",21954,47494500,-0.433771971807316
"21955","20074.16",21955,47496630,-0.939896841099546
"21956","20074.16",21956,47497104,0.676588188064554
"21957","20074.16",21957,47502639,-1.17689847804909
"21958","20074.16",21958,47503904,0.381357671711576
"21959","20074.16",21959,47508936,-0.281047851603167
"21960","20074.16",21960,47509298,-0.672400069842205
"21961","20074.16",21961,47509318,-0.4376994858761
"21962","20074.16",21962,47509518,-0.163930236701386
"21963","20074.16",21963,47512443,-0.628768661477864
"21964","20074.16",21964,47518441,-0.250665950123425
"21965","20074.16",21965,47518608,-0.96866264134852
"21966","20074.16",21966,47520164,-0.469711969051699
"21967","20074.16",21967,47520795,-0.024737977620978
"21968","20074.16",21968,47521171,0.476355778761605
"21969","20074.16",21969,47521784,0.100196663029759
"21970","20074.16",21970,47524719,0.301437846662799
"21971","20074.16",21971,47526819,-0.128360886584337
"21972","20074.16",21972,47533822,-0.103494265778582
"21973","20074.16",21973,47541279,-0.455098113273319
"21974","20074.16",21974,47541927,0.155008609657211
"21975","20074.16",21975,47542432,-1.40469715337774
"21976","20074.16",21976,47544697,0.130733442069591
"21977","20074.16",21977,47545217,0.845363490604329
"21978","20074.16",21978,47546235,-0.288434440651637
"21979","20074.16",21979,47549203,-0.62135883025216
"21980","20074.16",21980,47550170,-0.483586610516949
"21981","20074.16",21981,47551096,-1.37971245250452
"21982","20074.16",21982,47554286,-1.21001868459589
"21983","20074.16",21983,47556819,-0.783566106088191
"21984","20074.16",21984,47556991,-0.494117883015888
"21985","20074.16",21985,47568653,0.00308271542651983
"21986","20074.16",21986,47569732,0.285523173716865
"21987","20074.16",21987,47569751,0.499732363975297
"21988","20074.16",21988,47572725,0.0939976268697515
"21989","20074.16",21989,47572747,0.427126261283832
"21990","20074.16",21990,47578525,-0.494262685909764
"21991","20074.16",21991,47578564,-0.372882645291419
"21992","20074.16",21992,47579603,0.0477258361544122
"21993","20074.16",21993,47581686,-0.662773957347246
"21994","20074.16",21994,47583684,-0.0860724940956272
"21995","20074.16",21995,47586348,-0.914895699457555
"21996","20074.16",21996,47592374,-0.176073673991271
"21997","20074.16",21997,47595005,0.483909083739928
"21998","20074.16",21998,47595241,0.155018336071816
"21999","20074.16",21999,47598480,0.377502558774128
"22000","20074.16",22000,47598511,0.210760829672353
"22001","20074.16",22001,47601255,-0.386793304783664
"22002","20074.16",22002,47601271,-0.0672457497800618
"22003","20074.16",22003,47605411,-0.68618486889681
"22004","20074.16",22004,47607553,-0.561944572686325
"22005","20074.16",22005,47608673,-1.33086801293154
"22006","20074.16",22006,47610325,-0.743727598084408
"22007","20074.16",22007,47611893,-0.355749333387929
"22008","20074.16",22008,47612694,0.59300196292799
"22009","20074.16",22009,47621889,0.414320947655447
"22010","20074.16",22010,47634573,-0.263624358211626
"22011","20074.16",22011,47637131,0.108550544755437
"22012","20074.16",22012,47640233,-0.0273488698728519
"22013","20074.16",22013,47640678,-0.906127788113772
"22014","20074.16",22014,47643064,-0.78664745354447
"22015","20074.16",22015,47645686,0.395115839178815
"22016","20074.16",22016,47645990,0.193334577566961
"22017","20074.16",22017,47646424,-0.427341827313595
"22018","20074.16",22018,47647211,0.154922018457938
"22019","20074.16",22019,47650228,-0.72060299256823
"22020","20074.16",22020,47653121,1.25722793637309
"22021","20074.16",22021,47653615,-0.0115228093057294
"22022","20074.16",22022,47654227,0.850193016320183
"22023","20074.16",22023,47658718,0.149240044445402
"22024","20074.16",22024,47661704,-0.466101955885443
"22025","20074.16",22025,47662551,-0.798284257003123
"22026","20074.16",22026,47664497,0.182259189442864
"22027","20074.16",22027,47665942,-0.0823929156595335
"22028","20074.16",22028,47666880,-0.477077687047222
"22029","20074.16",22029,47668557,-0.482905712153416
"22030","20074.16",22030,47669836,0.875976170770449
"22031","20074.16",22031,47672246,-0.121860219859786
"22032","20074.16",22032,47672479,-0.299224865162071
"22033","20074.16",22033,47673315,0.0779086796266881
"22034","20074.16",22034,47674201,-0.231190095233468
"22035","20074.16",22035,47676184,-0.305640558259809
"22036","20074.16",22036,47676441,0.117874990277924
"22037","20074.16",22037,47677636,0.524524581400668
"22038","20074.16",22038,47678699,0.0551877099305553
"22039","20074.16",22039,47686225,0.0174986285123229
"22040","20074.16",22040,47688087,-0.89808489304626
"22041","20074.16",22041,47690426,0.489946718069459
"22042","20074.16",22042,47692259,0.00669867423994575
"22043","20074.16",22043,47693361,0.265772098336993
"22044","20074.16",22044,47696200,0.120195721982935
"22045","20074.16",22045,47696290,-0.719908182666502
"22046","20074.16",22046,47699307,-0.688827096867046
"22047","20074.16",22047,47700755,-0.33725452103553
"22048","20074.16",22048,47703400,-0.741762398169965
"22049","20074.16",22049,47705466,0.157494139486511
"22050","20074.16",22050,47707212,0.0119945437808004
"22051","20074.16",22051,47707544,-0.521418998232092
"22052","20074.16",22052,47709597,0.227003203882711
"22053","20074.16",22053,47711942,0.330255256271223
"22054","20074.16",22054,47721631,-0.34990366993719
"22055","20074.16",22055,47722155,-0.00613243925915707
"22056","20074.16",22056,47725595,-0.92018160546991
"22057","20074.16",22057,47726574,-0.180112284334847
"22058","20074.16",22058,47728083,0.449486582676969
"22059","20074.16",22059,47728103,-0.386181612019604
"22060","20074.16",22060,47730612,0.611154463361726
"22061","20074.16",22061,47733142,-0.764200530658961
"22062","20074.16",22062,47733825,0.716029943499385
"22063","20074.16",22063,47735030,0.863033086750183
"22064","20074.16",22064,47738668,-1.38251790472026
"22065","20074.16",22065,47742695,-0.114558609714331
"22066","20074.16",22066,47744491,-0.864286792737187
"22067","20074.16",22067,47748806,-0.368015021105299
"22068","20074.16",22068,47749551,0.477956032947799
"22069","20074.16",22069,47752414,-0.0489997877016712
"22070","20074.16",22070,47752932,-0.393054998646289
"22071","20074.16",22071,47754709,0.146152066060086
"22072","20074.16",22072,47761483,-0.0648882612229436
"22073","20074.16",22073,47761885,1.17022097671899
"22074","20074.16",22074,47763842,0.860617351632391
"22075","20074.16",22075,47764516,0.220262135724476
"22076","20074.16",22076,47765174,0.902235969113813
"22077","20074.16",22077,47765415,0.351619194862438
"22078","20074.16",22078,47776851,-0.474959190196728
"22079","20074.16",22079,47781532,0.248456949590584
"22080","20074.16",22080,47781975,0.0582732889400486
"22081","20074.16",22081,47783275,0.76157543594169
"22082","20074.16",22082,47784956,1.4349341733858
"22083","20074.16",22083,47785030,0.292023911670085
"22084","20074.16",22084,47785534,-0.599032457250376
"22085","20074.16",22085,47787218,0.525333278637505
"22086","20074.16",22086,47787411,0.620985706746624
"22087","20074.16",22087,47787786,-0.553241847510085
"22088","20074.16",22088,47788263,0.541647374306256
"22089","20074.16",22089,47794197,0.322790479565056
"22090","20074.16",22090,47794988,-0.185862305381297
"22091","20074.16",22091,47800479,-0.112970959162009
"22092","20074.16",22092,47801200,-1.45575143947681
"22093","20074.16",22093,47802349,-0.499747994866935
"22094","20074.16",22094,47809509,-1.25182508802885
"22095","20074.16",22095,47815425,-0.335158584520906
"22096","20074.16",22096,47816257,0.00128225115488512
"22097","20074.16",22097,47816351,-0.474632931753836
"22098","20074.16",22098,47819324,0.954848552140015
"22099","20074.16",22099,47820572,-0.593914077950553
"22100","20074.16",22100,47824777,-1.19935265588407
"22101","20074.16",22101,47828049,-0.954252809192953
"22102","20074.16",22102,47828378,0.501145680328032
"22103","20074.16",22103,47834062,0.379779163418188
"22104","20074.16",22104,47834236,-0.729394396125268
"22105","20074.16",22105,47836335,-0.345924540953313
"22106","20074.16",22106,47836871,0.265573036728012
"22107","20074.16",22107,47837031,0.3154384785379
"22108","20074.16",22108,47838556,-0.625566637075628
"22109","20074.16",22109,47839990,0.270144228376807
"22110","20074.16",22110,47840349,-0.582743305919895
"22111","20074.16",22111,47849359,-1.30562404057751
"22112","20074.16",22112,47853289,0.653789123714863
"22113","20074.16",22113,47853524,-0.211786072451468
"22114","20074.16",22114,47858532,0.0807856009893673
"22115","20074.16",22115,47860167,-0.410229996924634
"22116","20074.16",22116,47860631,-0.389677330672725
"22117","20074.16",22117,47861814,-0.189766185382335
"22118","20074.16",22118,47863420,-0.0433999084656529
"22119","20074.16",22119,47863432,-0.0549912975071418
"22120","20074.16",22120,47867291,0.696342942547127
"22121","20074.16",22121,47867859,0.139389091279146
"22122","20074.16",22122,47875622,-0.283122473786322
"22123","20074.16",22123,47880062,0.129334564456228
"22124","20074.16",22124,47881233,0.0568294327376657
"22125","20074.16",22125,47881838,0.0894404404391125
"22126","20074.16",22126,47883557,-0.179368826656328
"22127","20074.16",22127,47886707,-0.647590062615043
"22128","20074.16",22128,47888255,-0.156558529899775
"22129","20074.16",22129,47888925,0.804882970916517
"22130","20074.16",22130,47892500,-1.16635249981728
"22131","20074.16",22131,47892890,0.426132228228451
"22132","20074.16",22132,47894697,-0.796445759085147
"22133","20074.16",22133,47895853,-0.156427415197441
"22134","20074.16",22134,47897047,0.181661684767838
"22135","20074.16",22135,47898170,-0.332996262798043
"22136","20074.16",22136,47903102,-0.159234305541262
"22137","20074.16",22137,47903618,-0.206128130291702
"22138","20074.16",22138,47903997,-0.311971214448559
"22139","20074.16",22139,47908917,0.76734148443165
"22140","20074.16",22140,47912764,0.140379937807801
"22141","20074.16",22141,47921856,-0.841103161518112
"22142","20074.16",22142,47921994,0.164487902441257
"22143","20074.16",22143,47922185,0.355169899045342
"22144","20074.16",22144,47922347,-0.0184304519912901
"22145","20074.16",22145,47922829,0.928429605446087
"22146","20074.16",22146,47923009,0.369824685159794
"22147","20074.16",22147,47925673,-0.483198269964479
"22148","20074.16",22148,47926261,0.284509785033596
"22149","20074.16",22149,47926698,0.526537382728969
"22150","20074.16",22150,47926889,-0.205175881903887
"22151","20074.16",22151,47928844,-0.523957785096218
"22152","20074.16",22152,47929159,0.00876367624838092
"22153","20074.16",22153,47932340,-1.39144879767427
"22154","20074.16",22154,47932956,-0.0862392870363538
"22155","20074.16",22155,47936855,-0.0205738404418758
"22156","20074.16",22156,47941569,0.170417179770209
"22157","20074.16",22157,47942210,0.0124336189277408
"22158","20074.16",22158,47950255,-0.0851115102377218
"22159","20074.16",22159,47950997,-0.0461247441772645
"22160","20074.16",22160,47953323,0.364326285945798
"22161","20074.16",22161,47953390,0.308830290816513
"22162","20074.16",22162,47954738,-0.161273338440907
"22163","20074.16",22163,47954831,-0.254299665106458
"22164","20074.16",22164,47955156,-0.0636527384238965
"22165","20074.16",22165,47957335,0.118719112698821
"22166","20074.16",22166,47959175,-0.355424705121911
"22167","20074.16",22167,47969707,-0.689339503518724
"22168","20074.16",22168,47970535,0.143905173297292
"22169","20074.16",22169,47971719,0.690596912255576
"22170","20074.16",22170,47973964,-1.02417250359842
"22171","20074.16",22171,47974580,-0.74953353729986
"22172","20074.16",22172,47979713,0.366060411752849
"22173","20074.16",22173,47980267,-0.738705449695718
"22174","20074.16",22174,47980386,0.194030865575973
"22175","20074.16",22175,47980557,-1.37610457956492
"22176","20074.16",22176,47982286,-0.142820964323354
"22177","20074.16",22177,47984503,0.760777964966254
"22178","20074.16",22178,47985898,0.808526874344099
"22179","20074.16",22179,47986157,0.643232290015264
"22180","20074.16",22180,47986828,0.339209342631407
"22181","20074.16",22181,47988803,-0.0767121308201677
"22182","20074.16",22182,47990932,0.283169342225805
"22183","20074.16",22183,47992163,0.26042421725668
"22184","20074.16",22184,47992548,0.381364698981275
"22185","20074.16",22185,47996332,-0.13079353842616
"22186","20074.16",22186,47998274,-0.759114083612106
"22187","20074.16",22187,47998940,0.465898873267999
"22188","20074.16",22188,48001619,0.0383288135085103
"22189","20074.16",22189,48002493,0.333877174350355
"22190","20074.16",22190,48003735,0.0137724298558677
"22191","20074.16",22191,48007859,-0.112245047077978
"22192","20074.16",22192,48008377,-0.656899200589478
"22193","20074.16",22193,48010273,-0.53385626257871
"22194","20074.16",22194,48011431,-1.30547784501738
"22195","20074.16",22195,48014090,0.136502916463328
"22196","20074.16",22196,48016604,0.0254709860844802
"22197","20074.16",22197,48018449,-0.704040975930463
"22198","20074.16",22198,48024457,-0.436512793271244
"22199","20074.16",22199,48025549,-0.126575126051203
"22200","20074.16",22200,48031020,0.244899115361872
"22201","20074.16",22201,48031478,-0.231100572960089
"22202","20074.16",22202,48032454,0.209599313940902
"22203","20074.16",22203,48033471,-0.231961803868399
"22204","20074.16",22204,48037549,0.449533676924456
"22205","20074.16",22205,48038099,0.460504591523578
"22206","20074.16",22206,48038342,-0.841176926695269
"22207","20074.16",22207,48039971,-0.34425401794544
"22208","20074.16",22208,48041841,0.0373741017665852
"22209","20074.16",22209,48044637,-0.583744226248752
"22210","20074.16",22210,48046061,-0.351667414701027
"22211","20074.16",22211,48047841,-0.55803732659001
"22212","20074.16",22212,48057184,-0.777532739841992
"22213","20074.16",22213,48057901,-0.644232643017585
"22214","20074.16",22214,48058951,0.208403447520687
"22215","20074.16",22215,48060221,0.232911215624029
"22216","20074.16",22216,48060427,-0.146506831882855
"22217","20074.16",22217,48061138,-0.319426591105636
"22218","20074.16",22218,48062983,0.341768913711271
"22219","20074.16",22219,48063628,0.0253868213503194
"22220","20074.16",22220,48063755,0.644120331092819
"22221","20074.16",22221,48066669,-0.0246909741121613
"22222","20074.16",22222,48067420,0.654452463083744
"22223","20074.16",22223,48068809,-0.394812245031425
"22224","20074.16",22224,48069114,0.770268822096477
"22225","20074.16",22225,48072803,-0.107015217124282
"22226","20074.16",22226,48073294,-0.287736839374418
"22227","20074.16",22227,48074981,-0.522671527877512
"22228","20074.16",22228,48075501,0.0446861724896355
"22229","20074.16",22229,48076128,0.596663932292681
"22230","20074.16",22230,48079134,0.573920023805029
"22231","20074.16",22231,48079573,-0.549964886632313
"22232","20074.16",22232,48079674,0.14936114438976
"22233","20074.16",22233,48080259,-0.645453462483476
"22234","20074.16",22234,48082735,0.155512576643966
"22235","20074.16",22235,48084371,-0.348596649335682
"22236","20074.16",22236,48085845,1.03474439057949
"22237","20074.16",22237,48093745,0.342984058713152
"22238","20074.16",22238,48095190,0.0438060084879313
"22239","20074.16",22239,48102515,-0.395027269541911
"22240","20074.16",22240,48103110,-0.282540758198466
"22241","20074.16",22241,48105250,-0.496508799014703
"22242","20074.16",22242,48106089,-1.0358525492216
"22243","20074.16",22243,48109728,0.270317521445405
"22244","20074.16",22244,48112894,-1.36006284213978
"22245","20074.16",22245,48114144,-0.783553300224938
"22246","20074.16",22246,48114512,-0.103587695918488
"22247","20074.16",22247,48118913,1.25320953552657
"22248","20074.16",22248,48120570,-0.141805816421212
"22249","20074.16",22249,48120697,0.709179256450056
"22250","20074.16",22250,48121449,-0.74048708611348
"22251","20074.16",22251,48125856,0.0773645874459801
"22252","20074.16",22252,48138259,0.362250173073877
"22253","20074.16",22253,48138272,-1.03721548928976
"22254","20074.16",22254,48139097,0.144026329470428
"22255","20074.16",22255,48139921,-0.598992042146842
"22256","20074.16",22256,48141468,0.0846027422599223
"22257","20074.16",22257,48148757,-0.498465001954601
"22258","20074.16",22258,48153166,-0.0475295539738694
"22259","20074.16",22259,48154099,0.453787403998628
"22260","20074.16",22260,48156872,0.341158813976318
"22261","20074.16",22261,48160142,-1.01748344569243
"22262","20074.16",22262,48160410,-0.0150596483062451
"22263","20074.16",22263,48161908,0.322768218607393
"22264","20074.16",22264,48162071,-0.399637987796257
"22265","20074.16",22265,48163345,-0.332911561068106
"22266","20074.16",22266,48163535,1.00670783000542
"22267","20074.16",22267,48163740,-0.539723411107372
"22268","20074.16",22268,48165578,1.0070674265461
"22269","20074.16",22269,48166393,0.11977192953181
"22270","20074.16",22270,48167574,0.353231382704357
"22271","20074.16",22271,48170025,0.138627628297182
"22272","20074.16",22272,48172553,-0.202124178283405
"22273","20074.16",22273,48173060,-0.0171717524127848
"22274","20074.16",22274,48173404,0.309660969656654
"22275","20074.16",22275,48173431,-0.309212183068072
"22276","20074.16",22276,48174087,0.6996071344923
"22277","20074.16",22277,48174332,0.303438580755757
"22278","20074.16",22278,48174559,0.393022475704274
"22279","20074.16",22279,48174766,-0.362667990394005
"22280","20074.16",22280,48175578,0.31263307608267
"22281","20074.16",22281,48176038,-0.1783854685296
"22282","20074.16",22282,48176496,0.476553995443154
"22283","20074.16",22283,48176643,-0.865644958584776
"22284","20074.16",22284,48176789,0.238644763539397
"22285","20074.16",22285,48179534,0.0737024863502365
"22286","20074.16",22286,48180110,0.15428299373662
"22287","20074.16",22287,48181471,-0.287703420947443
"22288","20074.16",22288,48186373,0.53171266221456
"22289","20074.16",22289,48186425,-0.242112552889642
"22290","20074.16",22290,48188040,-0.269094414358479
"22291","20074.16",22291,48189165,-0.81223850361512
"22292","20074.16",22292,48192534,0.0984738198523818
"22293","20074.16",22293,48194023,1.4789987016733
"22294","20074.16",22294,48194184,-0.8763460064108
"22295","20074.16",22295,48195368,-0.297943855852352
"22296","20074.16",22296,48199934,0.914645956160597
"22297","20074.16",22297,48200361,-0.103098716874999
"22298","20074.16",22298,48202503,1.00507794805321
"22299","20074.16",22299,48203212,-1.32726712144751
"22300","20074.16",22300,48203264,0.0494823322499807
"22301","20074.16",22301,48214904,-0.0259966023102249
"22302","20074.16",22302,48216223,-0.170112225925796
"22303","20074.16",22303,48217999,0.455420254927897
"22304","20074.16",22304,48222390,-0.361537304298193
"22305","20074.16",22305,48225268,-0.664055542752656
"22306","20074.16",22306,48226479,0.62632357350975
"22307","20074.16",22307,48226597,-0.36417014783974
"22308","20074.16",22308,48227862,0.80523043020156
"22309","20074.16",22309,48229309,-1.95290854754516
"22310","20074.16",22310,48229789,0.0246072741952359
"22311","20074.16",22311,48232359,-0.448244355346996
"22312","20074.16",22312,48232536,-0.654601389054458
"22313","20074.16",22313,48233123,0.0968163723662983
"22314","20074.16",22314,48236200,0.329516852024253
"22315","20074.16",22315,48236594,-0.0594746889965752
"22316","20074.16",22316,48236666,-0.837768328582135
"22317","20074.16",22317,48239687,-0.671663392179847
"22318","20074.16",22318,48240764,0.127960213164456
"22319","20074.16",22319,48242359,0.335773611506712
"22320","20074.16",22320,48242480,-0.324718772659425
"22321","20074.16",22321,48244485,-0.661775921459143
"22322","20074.16",22322,48244485,-0.67078119700062
"22323","20074.16",22323,48245754,-0.528572098772337
"22324","20074.16",22324,48246630,-1.30727274001451
"22325","20074.16",22325,48247391,0.76013739372607
"22326","20074.16",22326,48248116,0.381459664334955
"22327","20074.16",22327,48251601,0.485508157353927
"22328","20074.16",22328,48252828,0.554413920640955
"22329","20074.16",22329,48252973,0.144165916309139
"22330","20074.16",22330,48255539,0.24091512446542
"22331","20074.16",22331,48255627,-0.477128668724893
"22332","20074.16",22332,48256484,-0.662769235569508
"22333","20074.16",22333,48258049,0.377425103317564
"22334","20074.16",22334,48258198,-0.31694755551258
"22335","20074.16",22335,48258792,-0.228411488792911
"22336","20074.16",22336,48259195,-0.383258526221065
"22337","20074.16",22337,48263213,-0.501722750041585
"22338","20074.16",22338,48264094,0.344507874783196
"22339","20074.16",22339,48266527,-0.236736818234507
"22340","20074.16",22340,48266831,-0.336367157428882
"22341","20074.16",22341,48268929,0.550449214160815
"22342","20074.16",22342,48270574,0.544735327884942
"22343","20074.16",22343,48270721,0.539629593093202
"22344","20074.16",22344,48271462,0.644200908874569
"22345","20074.16",22345,48275285,-0.0985823419003573
"22346","20074.16",22346,48277850,-0.234511844651859
"22347","20074.16",22347,48279830,-0.367327406527172
"22348","20074.16",22348,48280404,0.9304905041768
"22349","20074.16",22349,48281586,-0.831371351983112
"22350","20074.16",22350,48281714,0.070857471616221
"22351","20074.16",22351,48283305,-0.51789787845069
"22352","20074.16",22352,48284449,-0.342954777099942
"22353","20074.16",22353,48288620,0.842560062847586
"22354","20074.16",22354,48289166,-0.26447352299352
"22355","20074.16",22355,48293515,-0.0832665521077258
"22356","20074.16",22356,48295783,-1.18054612644868
"22357","20074.16",22357,48296834,-0.215598161727857
"22358","20074.16",22358,48304703,-0.105533100458377
"22359","20074.16",22359,48305705,0.0833798908289838
"22360","20074.16",22360,48306394,0.506172325703372
"22361","20074.16",22361,48307968,-0.769655105767123
"22362","20074.16",22362,48308087,0.899473684754789
"22363","20074.16",22363,48308112,0.674511148416252
"22364","20074.16",22364,48308141,-0.606729447354153
"22365","20074.16",22365,48313519,-0.718346688915766
"22366","20074.16",22366,48315829,-0.528110432105497
"22367","20074.16",22367,48316699,-0.643241153256644
"22368","20074.16",22368,48318728,0.346095494280871
"22369","20074.16",22369,48318776,-0.102011917107291
"22370","20074.16",22370,48318958,0.166793513172974
"22371","20074.16",22371,48322534,0.138203508027151
"22372","20074.16",22372,48324467,-0.0444601602383399
"22373","20074.16",22373,48328155,-0.651605656519363
"22374","20074.16",22374,48333105,-1.62925541958363
"22375","20074.16",22375,48333355,-0.266578162829642
"22376","20074.16",22376,48341209,0.0112615632508444
"22377","20074.16",22377,48341744,0.48874786569673
"22378","20074.16",22378,48341764,0.497655556489497
"22379","20074.16",22379,48343836,0.53911840970076
"22380","20074.16",22380,48344209,-0.00226667886481824
"22381","20074.16",22381,48350545,-0.625299060417968
"22382","20074.16",22382,48350927,0.143332172329763
"22383","20074.16",22383,48351493,0.630560683080472
"22384","20074.16",22384,48352138,0.411763436798165
"22385","20074.16",22385,48352622,0.159701131312295
"22386","20074.16",22386,48356306,0.0694403278350029
"22387","20074.16",22387,48358368,-0.472579461358574
"22388","20074.16",22388,48359030,0.175179425372149
"22389","20074.16",22389,48369911,0.13550590731477
"22390","20074.16",22390,48369941,0.156032289270373
"22391","20074.16",22391,48371347,0.222316262704436
"22392","20074.16",22392,48372178,-0.320383505966851
"22393","20074.16",22393,48375415,-0.820420293725489
"22394","20074.16",22394,48376848,-0.429969096655719
"22395","20074.16",22395,48377057,0.0369257638941622
"22396","20074.16",22396,48377901,0.369457555443558
"22397","20074.16",22397,48379665,0.27310530498514
"22398","20074.16",22398,48379672,-0.159381511880653
"22399","20074.16",22399,48380165,0.318181771550354
"22400","20074.16",22400,48380332,0.531203840626175
"22401","20074.16",22401,48380350,0.32024984312883
"22402","20074.16",22402,48383205,-0.109727341177262
"22403","20074.16",22403,48384344,-0.860857718630197
"22404","20074.16",22404,48384344,0.00878699649592463
"22405","20074.16",22405,48384370,0.870315681301206
"22406","20074.16",22406,48384722,0.084040337810145
"22407","20074.16",22407,48391189,0.261248796608586
"22408","20074.16",22408,48392620,-2.69746469852645
"22409","20074.16",22409,48395928,0.084198444232503
"22410","20074.16",22410,48396176,-0.334748433076048
"22411","20074.16",22411,48396339,-0.0134439049259178
"22412","20074.16",22412,48401917,0.188474946419722
"22413","20074.16",22413,48402429,-1.35189815865704
"22414","20074.16",22414,48408967,0.0563621314709906
"22415","20074.16",22415,48409141,0.188101416702303
"22416","20074.16",22416,48409168,-0.262673302773169
"22417","20074.16",22417,48409500,-0.23835997775523
"22418","20074.16",22418,48414889,-0.36979978183815
"22419","20074.16",22419,48414905,-1.04329472854587
"22420","20074.16",22420,48422647,-0.805709507433371
"22421","20074.16",22421,48424473,0.522525140808429
"22422","20074.16",22422,48425390,-1.24116920159751
"22423","20074.16",22423,48426750,0.240390211274741
"22424","20074.16",22424,48429048,-0.401992380731747
"22425","20074.16",22425,48429685,-0.259207484223803
"22426","20074.16",22426,48433010,-1.05147406306921
"22427","20074.16",22427,48435364,-0.779880959920074
"22428","20074.16",22428,48436127,0.203678319333484
"22429","20074.16",22429,48440287,-0.579566635710878
"22430","20074.16",22430,48442352,-0.0734218049770705
"22431","20074.16",22431,48444372,0.259623394466117
"22432","20074.16",22432,48444553,0.50163222566795
"22433","20074.16",22433,48444690,0.185247081078006
"22434","20074.16",22434,48444796,0.505865874922381
"22435","20074.16",22435,48445365,0.449074188567789
"22436","20074.16",22436,48446759,-0.200616187703983
"22437","20074.16",22437,48447373,-0.492662690380028
"22438","20074.16",22438,48455087,-0.242585391796592
"22439","20074.16",22439,48455248,0.0769414590481059
"22440","20074.16",22440,48456713,-1.51424416121531
"22441","20074.16",22441,48458330,0.331513060303771
"22442","20074.16",22442,48459318,0.437293874343104
"22443","20074.16",22443,48459558,-0.0378814105723961
"22444","20074.16",22444,48460136,-1.23306229818888
"22445","20074.16",22445,48469017,0.153754609332807
"22446","20074.16",22446,48470246,0.0443088266313474
"22447","20074.16",22447,48471225,-0.610392836957816
"22448","20074.16",22448,48471392,-0.772662198681225
"22449","20074.16",22449,48473694,-1.22329213825146
"22450","20074.16",22450,48474162,-0.315304749321201
"22451","20074.16",22451,48474262,-0.0730299338582352
"22452","20074.16",22452,48475136,0.877304876736765
"22453","20074.16",22453,48475202,0.0352210028649971
"22454","20074.16",22454,48475220,-0.427360156654406
"22455","20074.16",22455,48477093,-0.427155803512878
"22456","20074.16",22456,48477559,-1.01171834472042
"22457","20074.16",22457,48477574,-1.16743495575235
"22458","20074.16",22458,48480734,-0.0627342344023756
"22459","20074.16",22459,48484202,-0.623964879641127
"22460","20074.16",22460,48484530,0.578910217918829
"22461","20074.16",22461,48492861,-0.139968305348804
"22462","20074.16",22462,48497836,0.403084563722341
"22463","20074.16",22463,48501116,-0.669222800790841
"22464","20074.16",22464,48502490,-0.24701461717363
"22465","20074.16",22465,48503595,-0.390655710710732
"22466","20074.16",22466,48506062,-1.49669233747765
"22467","20074.16",22467,48510611,-0.588146977556137
"22468","20074.16",22468,48512109,1.01235677382462
"22469","20074.16",22469,48512395,-0.325161650562274
"22470","20074.16",22470,48512692,0.0792280939142458
"22471","20074.16",22471,48512961,0.502427556399739
"22472","20074.16",22472,48512981,0.311518175742566
"22473","20074.16",22473,48513824,-0.269913899603391
"22474","20074.16",22474,48521421,0.409437067361531
"22475","20074.16",22475,48523443,0.358286467940359
"22476","20074.16",22476,48524162,0.604947691864859
"22477","20074.16",22477,48526768,-0.231988349010367
"22478","20074.16",22478,48526994,1.04255162287882
"22479","20074.16",22479,48527284,-0.313444624690828
"22480","20074.16",22480,48528038,-1.76837266491989
"22481","20074.16",22481,48528824,0.270186560538712
"22482","20074.16",22482,48531171,-0.17359074989777
"22483","20074.16",22483,48531329,0.222071635547225
"22484","20074.16",22484,48531408,0.412495540601964
"22485","20074.16",22485,48531937,-0.580331003288094
"22486","20074.16",22486,48537309,-0.00457702387650194
"22487","20074.16",22487,48537421,0.143516871831727
"22488","20074.16",22488,48537936,-0.218700943529867
"22489","20074.16",22489,48538232,-0.308794335559349
"22490","20074.16",22490,48539928,-0.464139596433243
"22491","20074.16",22491,48542183,-0.492089209365035
"22492","20074.16",22492,48543885,0.273941152717248
"22493","20074.16",22493,48549011,-1.16668274888689
"22494","20074.16",22494,48554249,0.484043237945627
"22495","20074.16",22495,48554267,-1.05093998321671
"22496","20074.16",22496,48556573,0.252095649922972
"22497","20074.16",22497,48557918,0.171070988792437
"22498","20074.16",22498,48558378,-0.0135028464223454
"22499","20074.16",22499,48559423,-0.00138235872951675
"22500","20074.16",22500,48559874,0.749246717332274
"22501","20074.16",22501,48560941,-0.953415415923845
"22502","20074.16",22502,48563888,0.395992591593374
"22503","20074.16",22503,48564054,0.249467963866267
"22504","20074.16",22504,48569238,0.25658985886714
"22505","20074.16",22505,48569815,-0.176910738775589
"22506","20074.16",22506,48571590,-0.440116421047024
"22507","20074.16",22507,48573079,0.45894961709205
"22508","20074.16",22508,48578101,-0.567633806519956
"22509","20074.16",22509,48580923,-0.782373247645169
"22510","20074.16",22510,48581611,0.259043330867532
"22511","20074.16",22511,48583547,-0.145618909509864
"22512","20074.16",22512,48584288,-1.45205404257152
"22513","20074.16",22513,48589062,-0.308116032353792
"22514","20074.16",22514,48589236,-0.0898856580576819
"22515","20074.16",22515,48589346,-0.494058890071616
"22516","20074.16",22516,48589770,-0.254188340657016
"22517","20074.16",22517,48590588,0.0454338277144446
"22518","20074.16",22518,48596692,-0.45159409993702
"22519","20074.16",22519,48602660,0.467523853866855
"22520","20074.16",22520,48603192,-0.067209947937048
"22521","20074.16",22521,48603227,-0.0279095107360625
"22522","20074.16",22522,48604096,0.629246899846415
"22523","20074.16",22523,48606595,-0.689504805353828
"22524","20074.16",22524,48606657,-0.211463184777696
"22525","20074.16",22525,48608942,0.811745937565457
"22526","20074.16",22526,48609155,-0.0783856980184963
"22527","20074.16",22527,48609395,0.239962565383933
"22528","20074.16",22528,48609596,-0.401151677640645
"22529","20074.16",22529,48612361,-0.276229911275673
"22530","20074.16",22530,48614705,0.333221699367528
"22531","20074.16",22531,48615298,0.0955315407206179
"22532","20074.16",22532,48615928,-0.39627815456463
"22533","20074.16",22533,48617721,-0.439959030259761
"22534","20074.16",22534,48619941,0.846475174599965
"22535","20074.16",22535,48620154,0.0861371783665161
"22536","20074.16",22536,48620290,-0.0724734467920252
"22537","20074.16",22537,48622535,-0.269805017359486
"22538","20074.16",22538,48626229,0.631755912834293
"22539","20074.16",22539,48626731,-0.622074624200382
"22540","20074.16",22540,48629934,0.469465951351268
"22541","20074.16",22541,48631889,0.144639057954224
"22542","20074.16",22542,48633829,0.0315351848387548
"22543","20074.16",22543,48636014,-1.34889237343763
"22544","20074.16",22544,48638564,-0.100509148216521
"22545","20074.16",22545,48638776,0.0984511458315929
"22546","20074.16",22546,48646024,0.391447219682148
"22547","20074.16",22547,48646852,0.131490755174597
"22548","20074.16",22548,48646904,1.14542209027594
"22549","20074.16",22549,48654007,-0.499367750137861
"22550","20074.16",22550,48654075,0.480489899362571
"22551","20074.16",22551,48654221,0.0523851999152027
"22552","20074.16",22552,48654782,-0.49867883699834
"22553","20074.16",22553,48658911,1.13060038448509
"22554","20074.16",22554,48659695,-0.0120702369033516
"22555","20074.16",22555,48662675,0.307957846242991
"22556","20074.16",22556,48666500,-0.0111658531986869
"22557","20074.16",22557,48666560,0.174795625451496
"22558","20074.16",22558,48666629,-1.68062865638289
"22559","20074.16",22559,48670637,0.105686518876528
"22560","20074.16",22560,48671274,0.195649453260024
"22561","20074.16",22561,48672986,-0.869848345435498
"22562","20074.16",22562,48674297,1.04412232584029
"22563","20074.16",22563,48674382,0.68045754551725
"22564","20074.16",22564,48676523,0.397097053621791
"22565","20074.16",22565,48680541,0.240637547884039
"22566","20074.16",22566,48682585,-0.447003096928117
"22567","20074.16",22567,48682834,-0.05294759319173
"22568","20074.16",22568,48683093,0.229039096204558
"22569","20074.16",22569,48686548,-0.507712304488674
"22570","20074.16",22570,48687014,0.581529111155406
"22571","20074.16",22571,48687354,0.154337221889622
"22572","20074.16",22572,48688029,-0.184976721349247
"22573","20074.16",22573,48692916,-0.364707399558161
"22574","20074.16",22574,48695312,-0.906144694180917
"22575","20074.16",22575,48696331,-0.113861352003229
"22576","20074.16",22576,48700662,0.864900174543064
"22577","20074.16",22577,48702525,-0.990770321606006
"22578","20074.16",22578,48702538,0.363964935038886
"22579","20074.16",22579,48705542,-0.0891853618122145
"22580","20074.16",22580,48708091,-0.488527921278584
"22581","20074.16",22581,48711674,-0.323515159739246
"22582","20074.16",22582,48713920,0.669453962563678
"22583","20074.16",22583,48720955,-0.45575386671845
"22584","20074.16",22584,48721394,-0.930828671433469
"22585","20074.16",22585,48723627,-0.0125321392211708
"22586","20074.16",22586,48725580,-0.274857609692359
"22587","20074.16",22587,48725893,0.308000427536045
"22588","20074.16",22588,48727130,-0.78852897355789
"22589","20074.16",22589,48727957,0.290893411389416
"22590","20074.16",22590,48729383,0.614967899982125
"22591","20074.16",22591,48730459,0.105174785559949
"22592","20074.16",22592,48731099,0.0885681789175452
"22593","20074.16",22593,48731283,-0.732874778799129
"22594","20074.16",22594,48734645,-0.119584000507737
"22595","20074.16",22595,48737337,-0.687366075438662
"22596","20074.16",22596,48737717,-0.612864665349197
"22597","20074.16",22597,48740312,0.254668194740824
"22598","20074.16",22598,48740708,0.322152383015779
"22599","20074.16",22599,48741023,-0.166385730773926
"22600","20074.16",22600,48742262,0.105789656105619
"22601","20074.16",22601,48748515,0.595906790630784
"22602","20074.16",22602,48748888,0.946485902944015
"22603","20074.16",22603,48749050,1.06567229227726
"22604","20074.16",22604,48759072,-0.612199847003708
"22605","20074.16",22605,48759544,0.15931746007845
"22606","20074.16",22606,48761379,0.263962294061028
"22607","20074.16",22607,48762853,-0.0246781513783381
"22608","20074.16",22608,48763325,-0.459601571324122
"22609","20074.16",22609,48763480,-0.683734168873836
"22610","20074.16",22610,48766450,0.10867349462399
"22611","20074.16",22611,48766892,-0.125449504072527
"22612","20074.16",22612,48766892,0.219438938621677
"22613","20074.16",22613,48767524,-0.0605274091987775
"22614","20074.16",22614,48767557,0.256979019093655
"22615","20074.16",22615,48767603,0.386671065356913
"22616","20074.16",22616,48767731,0.480238367775807
"22617","20074.16",22617,48768246,0.122098622463424
"22618","20074.16",22618,48771381,0.15025619654924
"22619","20074.16",22619,48771468,0.664025465845346
"22620","20074.16",22620,48773871,-0.332409514089224
"22621","20074.16",22621,48776368,-0.693382039082678
"22622","20074.16",22622,48776927,0.105173824708994
"22623","20074.16",22623,48777617,-0.565109767753665
"22624","20074.16",22624,48777898,0.0064322946621509
"22625","20074.16",22625,48779778,0.411306802285552
"22626","20074.16",22626,48780452,0.738460579597526
"22627","20074.16",22627,48780468,-0.109024253131524
"22628","20074.16",22628,48788528,-0.285389621019035
"22629","20074.16",22629,48788886,0.0569513663942507
"22630","20074.16",22630,48789075,0.368868166742812
"22631","20074.16",22631,48789525,-0.328976442531704
"22632","20074.16",22632,48792310,0.155620275510511
"22633","20074.16",22633,48794040,-1.00909489637956
"22634","20074.16",22634,48798499,-0.916972464953837
"22635","20074.16",22635,48798871,-0.142429639651864
"22636","20074.16",22636,48799874,0.0555507148460546
"22637","20074.16",22637,48802020,-1.31739665619961
"22638","20074.16",22638,48809759,-0.311347586777263
"22639","20074.16",22639,48809957,-0.118269547580254
"22640","20074.16",22640,48814499,-0.296552191890672
"22641","20074.16",22641,48819201,-0.235920873743547
"22642","20074.16",22642,48822877,0.416423567657144
"22643","20074.16",22643,48822939,-0.772122006284173
"22644","20074.16",22644,48823015,0.487300487196443
"22645","20074.16",22645,48823062,0.105774675939359
"22646","20074.16",22646,48824099,0.688912336645006
"22647","20074.16",22647,48824785,0.311252173589776
"22648","20074.16",22648,48825417,-0.411430987042218
"22649","20074.16",22649,48825504,0.259837571871754
"22650","20074.16",22650,48829070,-0.0938621680375027
"22651","20074.16",22651,48832371,-0.258407779594569
"22652","20074.16",22652,48834377,-0.708533742389942
"22653","20074.16",22653,48834851,-0.245108308975602
"22654","20074.16",22654,48834879,-0.581960741637534
"22655","20074.16",22655,48838793,-0.566528186592323
"22656","20074.16",22656,48839342,-0.464164453643512
"22657","20074.16",22657,48848400,-0.434414345666659
"22658","20074.16",22658,48848849,0.0107101655692095
"22659","20074.16",22659,48848875,-0.949046782307804
"22660","20074.16",22660,48853775,0.112494402380917
"22661","20074.16",22661,48854311,0.151141491759826
"22662","20074.16",22662,48858977,-0.0874313817250894
"22663","20074.16",22663,48859532,0.292788030572161
"22664","20074.16",22664,48859595,-0.788840900031458
"22665","20074.16",22665,48860075,0.24812769084098
"22666","20074.16",22666,48860216,-0.0636915984402933
"22667","20074.16",22667,48860930,0.43787479892204
"22668","20074.16",22668,48862224,0.0840299744507442
"22669","20074.16",22669,48862650,-0.177829550403204
"22670","20074.16",22670,48862879,0.210781924968487
"22671","20074.16",22671,48864323,-0.318568756863498
"22672","20074.16",22672,48864786,-0.630318472753364
"22673","20074.16",22673,48866788,-0.0899400791463574
"22674","20074.16",22674,48868713,-0.506139319605299
"22675","20074.16",22675,48868725,0.203168333144035
"22676","20074.16",22676,48870932,0.724187548054464
"22677","20074.16",22677,48871962,-0.48492462844009
"22678","20074.16",22678,48871992,0.122011439343729
"22679","20074.16",22679,48872078,0.991259993016224
"22680","20074.16",22680,48872346,-0.0362229102270524
"22681","20074.16",22681,48872412,0.403979817104301
"22682","20074.16",22682,48872650,0.603504395976887
"22683","20074.16",22683,48872736,1.13962122871863
"22684","20074.16",22684,48879305,-0.256446873087703
"22685","20074.16",22685,48879322,0.333613934859707
"22686","20074.16",22686,48879453,0.582446746936692
"22687","20074.16",22687,48881429,-0.0133939242204066
"22688","20074.16",22688,48882797,-0.585209197334856
"22689","20074.16",22689,48884073,-0.0692910933063091
"22690","20074.16",22690,48884356,0.566808161396536
"22691","20074.16",22691,48887628,0.21475500802558
"22692","20074.16",22692,48888005,-0.740488250040359
"22693","20074.16",22693,48888272,-0.211233480961427
"22694","20074.16",22694,48889294,0.0693321773666451
"22695","20074.16",22695,48889500,-0.0693006114176047
"22696","20074.16",22696,48890184,0.771513025047324
"22697","20074.16",22697,48890475,0.868981499782259
"22698","20074.16",22698,48890770,0.140875530897447
"22699","20074.16",22699,48891621,0.806216794716934
"22700","20074.16",22700,48891843,0.349072095826979
"22701","20074.16",22701,48893109,0.813002777033971
"22702","20074.16",22702,48893266,0.22637748065489
"22703","20074.16",22703,48894046,-0.267809210983881
"22704","20074.16",22704,48895146,0.043676289658829
"22705","20074.16",22705,48895425,0.726177329828631
"22706","20074.16",22706,48896237,-0.313764260942707
"22707","20074.16",22707,48896991,0.382279134749637
"22708","20074.16",22708,48899937,0.324347917750143
"22709","20074.16",22709,48900346,-0.00145397692120941
"22710","20074.16",22710,48901748,0.548551541089844
"22711","20074.16",22711,48902467,-0.343031067839415
"22712","20074.16",22712,48904155,-0.161037924492132
"22713","20074.16",22713,48905140,0.0568940517637557
"22714","20074.16",22714,48906950,0.361529585457576
"22715","20074.16",22715,48907238,0.302120574375079
"22716","20074.16",22716,48907300,0.247056091857005
"22717","20074.16",22717,48907840,1.12054025155322
"22718","20074.16",22718,48908183,-0.00902217825109286
"22719","20074.16",22719,48910263,-0.41611380399432
"22720","20074.16",22720,48910697,0.981272691626846
"22721","20074.16",22721,48910734,1.03924821752507
"22722","20074.16",22722,48912659,0.248849486846164
"22723","20074.16",22723,48916292,-0.156400854830818
"22724","20074.16",22724,48916542,-0.367250842305287
"22725","20074.16",22725,48916554,0.459535115885299
"22726","20074.16",22726,48922351,0.259732794007644
"22727","20074.16",22727,48922658,0.524444752257735
"22728","20074.16",22728,48925335,0.248088379062289
"22729","20074.16",22729,48925558,0.318032235258575
"22730","20074.16",22730,48927218,0.519442018607251
"22731","20074.16",22731,48929997,-0.1828899066909
"22732","20074.16",22732,48931766,-0.267128355335625
"22733","20074.16",22733,48932383,-0.118801054801222
"22734","20074.16",22734,48933250,-0.115771161317884
"22735","20074.16",22735,48937878,-0.0997492926577506
"22736","20074.16",22736,48938238,0.201884186251818
"22737","20074.16",22737,48938287,-0.28889094401312
"22738","20074.16",22738,48940166,-1.22805980054401
"22739","20074.16",22739,48941006,0.581827073646674
"22740","20074.16",22740,48943450,0.390078806429545
"22741","20074.16",22741,48944267,-0.385510211444105
"22742","20074.16",22742,48947156,0.20105814579491
"22743","20074.16",22743,48947267,-0.83667150584041
"22744","20074.16",22744,48947267,0.00573742269067878
"22745","20074.16",22745,48948875,-2.20849967165595
"22746","20074.16",22746,48951092,0.154306046549665
"22747","20074.16",22747,48955061,-0.0634340311133483
"22748","20074.16",22748,48958150,-1.13928742856381
"22749","20074.16",22749,48960983,-0.445375717537734
"22750","20074.16",22750,48961499,0.191728308575775
"22751","20074.16",22751,48961821,-0.304582299602319
"22752","20074.16",22752,48961952,-0.263992724772477
"22753","20074.16",22753,48963040,0.251908815088039
"22754","20074.16",22754,48963425,-0.412958065870234
"22755","20074.16",22755,48966093,0.984505953141505
"22756","20074.16",22756,48966461,0.639610779449888
"22757","20074.16",22757,48967141,0.788418820176001
"22758","20074.16",22758,48967277,0.68627118530361
"22759","20074.16",22759,48967687,0.697126404864437
"22760","20074.16",22760,48967734,0.551989531068387
"22761","20074.16",22761,48968099,-0.0227475157436619
"22762","20074.16",22762,48968166,-0.194158762271772
"22763","20074.16",22763,48968414,-0.0167716127971982
"22764","20074.16",22764,48970550,-0.458138195892623
"22765","20074.16",22765,48975044,-0.70415018733402
"22766","20074.16",22766,48975804,-0.0235119703351367
"22767","20074.16",22767,48976470,-1.17473035689809
"22768","20074.16",22768,48976489,0.305553063696434
"22769","20074.16",22769,48976567,0.47748675126691
"22770","20074.16",22770,48976879,0.424872585462082
"22771","20074.16",22771,48976960,0.397880841193147
"22772","20074.16",22772,48976992,0.882853704824028
"22773","20074.16",22773,48978414,-0.511457689507347
"22774","20074.16",22774,48980713,0.130357081383014
"22775","20074.16",22775,48981998,0.253201508150311
"22776","20074.16",22776,48983776,-0.953241176439153
"22777","20074.16",22777,48984243,0.177475454098954
"22778","20074.16",22778,48987937,0.826152675122391
"22779","20074.16",22779,48988044,1.25432764529143
"22780","20074.16",22780,48988495,0.591031379500156
"22781","20074.16",22781,48989170,0.300136206363173
"22782","20074.16",22782,48993358,-0.00555291612166631
"22783","20074.16",22783,48994413,-0.298374052362947
"22784","20074.16",22784,48994674,-0.0863155258862847
"22785","20074.16",22785,48998252,0.660016120757423
"22786","20074.16",22786,48999221,-0.118553508514175
"22787","20074.16",22787,49000147,-0.319898937207973
"22788","20074.16",22788,49000322,0.533866437263273
"22789","20074.16",22789,49001119,-0.258829205452957
"22790","20074.16",22790,49002003,0.774590791421706
"22791","20074.16",22791,49002435,-0.128426520755608
"22792","20074.16",22792,49003778,-0.622822370057656
"22793","20074.16",22793,49004313,-1.4839961330383
"22794","20074.16",22794,49005266,-0.375415794079034
"22795","20074.16",22795,49006684,0.198016952977957
"22796","20074.16",22796,49007874,0.0960863964810876
"22797","20074.16",22797,49008164,0.157085683389041
"22798","20074.16",22798,49011249,-0.189299351625503
"22799","20074.16",22799,49011628,-0.284118316661534
"22800","20074.16",22800,49011986,-0.163355850420738
"22801","20074.16",22801,49015218,0.125687838627049
"22802","20074.16",22802,49016192,0.401100093219179
"22803","20074.16",22803,49016529,-0.518352989078776
"22804","20074.16",22804,49017308,-0.446605746932939
"22805","20074.16",22805,49017560,-0.323821741002663
"22806","20074.16",22806,49017747,-0.273382574740768
"22807","20074.16",22807,49019194,0.253136175627218
"22808","20074.16",22808,49019985,-0.518999919374162
"22809","20074.16",22809,49021135,0.610579946445656
"22810","20074.16",22810,49022390,-0.0113624526251401
"22811","20074.16",22811,49024191,-0.392440602703172
"22812","20074.16",22812,49025495,-0.149071306887291
"22813","20074.16",22813,49025766,-0.189252453228292
"22814","20074.16",22814,49031941,0.771296147058997
"22815","20074.16",22815,49032872,0.187144620839807
"22816","20074.16",22816,49033325,1.1967573106932
"22817","20074.16",22817,49033384,-0.396979369810888
"22818","20074.16",22818,49036573,0.140303314111282
"22819","20074.16",22819,49037298,0.0176022961766229
"22820","20074.16",22820,49042391,0.524104061127647
"22821","20074.16",22821,49042545,0.000678772586909737
"22822","20074.16",22822,49044242,0.60655045621053
"22823","20074.16",22823,49045569,0.282070613718468
"22824","20074.16",22824,49046411,0.325107606264106
"22825","20074.16",22825,49046985,-0.250276575092847
"22826","20074.16",22826,49048885,-0.812747205218436
"22827","20074.16",22827,49048972,-0.167363309726873
"22828","20074.16",22828,49049031,-0.314953672010548
"22829","20074.16",22829,49050627,-0.375083414704783
"22830","20074.16",22830,49050645,-0.0413688304491968
"22831","20074.16",22831,49051655,-0.957101711638408
"22832","20074.16",22832,49054994,-0.550363685149758
"22833","20074.16",22833,49055361,-0.687851061660115
"22834","20074.16",22834,49056268,0.387243621824935
"22835","20074.16",22835,49056557,0.117785578469046
"22836","20074.16",22836,49057672,-0.404631485586989
"22837","20074.16",22837,49067734,-0.954623409935224
"22838","20074.16",22838,49067861,-1.18781450188892
"22839","20074.16",22839,49068941,-0.053484713711871
"22840","20074.16",22840,49069003,-0.387111301555073
"22841","20074.16",22841,49069018,-0.302032958800749
"22842","20074.16",22842,49071042,-0.551277568879358
"22843","20074.16",22843,49071424,-0.323922204433114
"22844","20074.16",22844,49071688,-0.78243944393231
"22845","20074.16",22845,49071932,0.37894480934765
"22846","20074.16",22846,49072134,-0.797323597142185
"22847","20074.16",22847,49075486,-0.0448428228456512
"22848","20074.16",22848,49075648,0.13612909395887
"22849","20074.16",22849,49075678,0.473994043397671
"22850","20074.16",22850,49078680,-0.262668805448452
"22851","20074.16",22851,49081796,-0.110367699902971
"22852","20074.16",22852,49081862,0.192265650551575
"22853","20074.16",22853,49081874,0.00823592613143731
"22854","20074.16",22854,49081955,-0.686378911501135
"22855","20074.16",22855,49082574,0.339173605349454
"22856","20074.16",22856,49082930,0.664855448016234
"22857","20074.16",22857,49084024,0.152542216149961
"22858","20074.16",22858,49084039,-0.106215172032464
"22859","20074.16",22859,49084052,0.0475344965039257
"22860","20074.16",22860,49085893,-0.334938865190723
"22861","20074.16",22861,49088005,0.0431944988972628
"22862","20074.16",22862,49088151,0.549800318780483
"22863","20074.16",22863,49088551,0.593591593855584
"22864","20074.16",22864,49088612,0.112321016826453
"22865","20074.16",22865,49088823,0.285517846495501
"22866","20074.16",22866,49089138,-0.522335662906327
"22867","20074.16",22867,49089422,0.770742348001575
"22868","20074.16",22868,49090442,0.694500214635794
"22869","20074.16",22869,49095287,-0.535962870171404
"22870","20074.16",22870,49095458,-0.219161509601655
"22871","20074.16",22871,49095474,-0.0232300656752615
"22872","20074.16",22872,49095503,-0.258583384375451
"22873","20074.16",22873,49095591,0.0966347811456982
"22874","20074.16",22874,49096460,0.520491249105206
"22875","20074.16",22875,49097277,0.0883670262420839
"22876","20074.16",22876,49098679,-0.118754223516973
"22877","20074.16",22877,49099182,-0.408294079456246
"22878","20074.16",22878,49100329,-0.428668233103163
"22879","20074.16",22879,49100699,0.238242109448128
"22880","20074.16",22880,49102987,-0.828371373523849
"22881","20074.16",22881,49105481,-0.795949918062178
"22882","20074.16",22882,49105496,-0.184401211648304
"22883","20074.16",22883,49107365,-0.781237856109419
"22884","20074.16",22884,49107424,0.289437258818317
"22885","20074.16",22885,49107787,-0.177160827642024
"22886","20074.16",22886,49107816,0.317122390176992
"22887","20074.16",22887,49108205,-0.692760254027275
"22888","20074.16",22888,49109026,-0.108331651190364
"22889","20074.16",22889,49112781,0.260735636058736
"22890","20074.16",22890,49113163,0.34206504429856
"22891","20074.16",22891,49113247,0.508225502861316
"22892","20074.16",22892,49113263,0.690281471127299
"22893","20074.16",22893,49113287,0.84620105606398
"22894","20074.16",22894,49113301,0.215633485282217
"22895","20074.16",22895,49114867,0.0298187978029141
"22896","20074.16",22896,49115007,-0.690003513743503
"22897","20074.16",22897,49115276,-0.23746306460844
"22898","20074.16",22898,49115353,-0.0872369954074843
"22899","20074.16",22899,49115636,0.278663545520165
"22900","20074.16",22900,49115681,-0.321247608794003
"22901","20074.16",22901,49115708,0.106326949984536
"22902","20074.16",22902,49115911,-0.20816715438994
"22903","20074.16",22903,49115962,-0.379999886790621
"22904","20074.16",22904,49117311,-0.0182906390095168
"22905","20074.16",22905,49118099,0.0860583597463362
"22906","20074.16",22906,49118498,0.188244252323543
"22907","20074.16",22907,49118517,0.782687235620563
"22908","20074.16",22908,49119425,-0.919357475622499
"22909","20074.16",22909,49119449,0.110151386509292
"22910","20074.16",22910,49119463,-0.240829925168978
"22911","20074.16",22911,49121863,0.219717594449341
"22912","20074.16",22912,49122574,0.100092638269996
"22913","20074.16",22913,49123518,0.793553830156859
"22914","20074.16",22914,49124825,-0.0815394512961714
"22915","20074.16",22915,49125200,-0.750864412073281
"22916","20074.16",22916,49125344,0.714348205247094
"22917","20074.16",22917,49126988,0.408507584501199
"22918","20074.16",22918,49127468,0.854605602152795
"22919","20074.16",22919,49127642,-0.123663953736602
"22920","20074.16",22920,49128860,0.122343541037158
"22921","20074.16",22921,49128897,0.567614492015397
"22922","20074.16",22922,49129073,-0.0678188450431634
"22923","20074.16",22923,49129114,-0.264883880178596
"22924","20074.16",22924,49129129,-0.0350842322114824
"22925","20074.16",22925,49130063,0.905195581112324
"22926","20074.16",22926,49130231,1.10911313884546
"22927","20074.16",22927,49130358,1.08722342121189
"22928","20074.16",22928,49130438,-0.703217914352254
"22929","20074.16",22929,49130964,0.335199998033615
"22930","20074.16",22930,49132003,-0.414286257440755
"22931","20074.16",22931,49132820,-0.633059855617816
"22932","20074.16",22932,49134480,0.355633537179496
"22933","20074.16",22933,49134512,0.642748077560443
"22934","20074.16",22934,49136065,0.228820358818293
"22935","20074.16",22935,49144755,0.182782864718895
"22936","20074.16",22936,49146783,0.186520196211352
"22937","20074.16",22937,49148402,-1.10612944415697
"22938","20074.16",22938,49150833,0.307224014724947
"22939","20074.16",22939,49150855,0.870821456821907
"22940","20074.16",22940,49151139,0.287754098913317
"22941","20074.16",22941,49151804,-0.271502400049596
"22942","20074.16",22942,49154389,-0.257620812088869
"22943","20074.16",22943,49154808,0.0740585954410795
"22944","20074.16",22944,49154935,0.268285746521705
"22945","20074.16",22945,49155513,0.784537232352664
"22946","20074.16",22946,49155701,-0.033941681335123
"22947","20074.16",22947,49156192,-0.490051330527028
"22948","20074.16",22948,49156813,-0.184947902037162
"22949","20074.16",22949,49157503,-0.576275571361873
"22950","20074.16",22950,49158098,-0.208276363456399
"22951","20074.16",22951,49158249,-0.0215266496450024
"22952","20074.16",22952,49159377,-0.408608002363611
"22953","20074.16",22953,49160959,-0.701837541711797
"22954","20074.16",22954,49163122,0.0117719379183692
"22955","20074.16",22955,49164641,-1.04988902610827
"22956","20074.16",22956,49164848,0.0816570801908272
"22957","20074.16",22957,49165495,0.04875843810707
"22958","20074.16",22958,49165719,-0.0935699878505165
"22959","20074.16",22959,49166802,0.46974078685514
"22960","20074.16",22960,49167274,-0.319305660297889
"22961","20074.16",22961,49167500,0.0205202123907426
"22962","20074.16",22962,49167789,0.0736642506198146
"22963","20074.16",22963,49172776,0.1281738030569
"22964","20074.16",22964,49174079,-0.724951171039363
"22965","20074.16",22965,49179231,-0.168375545727498
"22966","20074.16",22966,49179411,-0.131078109292224
"22967","20074.16",22967,49180038,-0.626668101996233
"22968","20074.16",22968,49180335,0.0936546532321136
"22969","20074.16",22969,49180536,0.294797956813828
"22970","20074.16",22970,49181360,0.186719725779961
"22971","20074.16",22971,49181896,0.48368707662813
"22972","20074.16",22972,49182196,0.832911773829538
"22973","20074.16",22973,49183515,0.477393700248304
"22974","20074.16",22974,49184546,-1.44467502427684
"22975","20074.16",22975,49185701,0.183998309124918
"22976","20074.16",22976,49187169,0.759816604666503
"22977","20074.16",22977,49188220,-0.122927826621002
"22978","20074.16",22978,49188295,-1.00832406495689
"22979","20074.16",22979,49192300,0.776198000598417
"22980","20074.16",22980,49198966,0.206078159422237
"22981","20074.16",22981,49199334,-0.421364256210325
"22982","20074.16",22982,49204665,-0.18419232080887
"22983","20074.16",22983,49205462,0.556552638646273
"22984","20074.16",22984,49206271,0.705687544486689
"22985","20074.16",22985,49206295,0.138101466281055
"22986","20074.16",22986,49206414,-0.187898971518925
"22987","20074.16",22987,49206941,0.165998105081502
"22988","20074.16",22988,49209676,0.293800452908324
"22989","20074.16",22989,49210544,0.217215688489786
"22990","20074.16",22990,49212013,-0.896324388486897
"22991","20074.16",22991,49215177,0.00887485519414088
"22992","20074.16",22992,49215428,0.408994231956602
"22993","20074.16",22993,49215934,0.606562957151156
"22994","20074.16",22994,49216129,0.152047348462517
"22995","20074.16",22995,49216162,0.950155125487796
"22996","20074.16",22996,49218174,-0.245793711514323
"22997","20074.16",22997,49219484,0.372305676575317
"22998","20074.16",22998,49219747,0.521237298812372
"22999","20074.16",22999,49221105,-0.212937709691201
"23000","20074.16",23000,49223716,-0.940892869261594
"23001","20074.16",23001,49224503,0.368348444393612
"23002","20074.16",23002,49224637,0.154354748443861
"23003","20074.16",23003,49225995,-0.791397946020487
"23004","20074.16",23004,49228296,0.186940323993761
"23005","20074.16",23005,49228486,-0.043835874253503
"23006","20074.16",23006,49229978,-0.280844001389336
"23007","20074.16",23007,49230505,0.265526252645075
"23008","20074.16",23008,49231020,0.304826624860334
"23009","20074.16",23009,49231122,-0.86429854734555
"23010","20074.16",23010,49232352,-0.161535253297898
"23011","20074.16",23011,49232459,1.03490297368483
"23012","20074.16",23012,49232545,-0.415688227184421
"23013","20074.16",23013,49232736,1.08930096401028
"23014","20074.16",23014,49233136,-0.0124776646283884
"23015","20074.16",23015,49234910,-0.572449850179565
"23016","20074.16",23016,49236413,-0.631923138424971
"23017","20074.16",23017,49237038,0.612674785833476
"23018","20074.16",23018,49237112,0.430465438308027
"23019","20074.16",23019,49237384,0.334568673503724
"23020","20074.16",23020,49237724,0.29616936658691
"23021","20074.16",23021,49237750,1.22191731628233
"23022","20074.16",23022,49241775,-0.365611666652909
"23023","20074.16",23023,49241890,-0.143196724949934
"23024","20074.16",23024,49249895,-1.20795508741706
"23025","20074.16",23025,49250093,-0.273907214109555
"23026","20074.16",23026,49250620,-0.503720843105855
"23027","20074.16",23027,49251298,-0.664143467930046
"23028","20074.16",23028,49251614,0.880960688588606
"23029","20074.16",23029,49251743,0.156750030598243
"23030","20074.16",23030,49251905,-0.213409423154553
"23031","20074.16",23031,49251979,-0.158548029257704
"23032","20074.16",23032,49252295,0.112043934371621
"23033","20074.16",23033,49253024,0.491281397355062
"23034","20074.16",23034,49254944,0.817534784376437
"23035","20074.16",23035,49254996,0.246058692513247
"23036","20074.16",23036,49255097,-0.975396528369148
"23037","20074.16",23037,49255503,0.361515279052539
"23038","20074.16",23038,49255738,0.401490312408291
"23039","20074.16",23039,49258663,-0.106553912497231
"23040","20074.16",23040,49260623,0.585161745667214
"23041","20074.16",23041,49263877,-0.834708692302
"23042","20074.16",23042,49270667,0.367748528970135
"23043","20074.16",23043,49271113,0.0680712321492987
"23044","20074.16",23044,49272196,-0.00704027785157546
"23045","20074.16",23045,49273265,-0.0573984775527832
"23046","20074.16",23046,49273539,0.582278346967455
"23047","20074.16",23047,49273988,-0.344691712490447
"23048","20074.16",23048,49274065,-0.0859664945145937
"23049","20074.16",23049,49277821,-0.947155457307826
"23050","20074.16",23050,49278111,0.444609286434898
"23051","20074.16",23051,49278502,0.32853996899038
"23052","20074.16",23052,49278520,0.712911900148735
"23053","20074.16",23053,49279002,0.525631474750159
"23054","20074.16",23054,49279248,0.0828072080484059
"23055","20074.16",23055,49281088,-0.0336467977052521
"23056","20074.16",23056,49282175,0.611979524951706
"23057","20074.16",23057,49285517,-0.608284985726234
"23058","20074.16",23058,49287361,-0.12854896524294
"23059","20074.16",23059,49287366,-0.903271599848714
"23060","20074.16",23060,49288083,-0.353335484365342
"23061","20074.16",23061,49288187,-0.0752761088161789
"23062","20074.16",23062,49290127,0.419364358828804
"23063","20074.16",23063,49294571,-1.21830841549815
"23064","20074.16",23064,49295465,-0.273423375143659
"23065","20074.16",23065,49295607,0.204008857960883
"23066","20074.16",23066,49296610,0.637207622524735
"23067","20074.16",23067,49298146,-0.536462271695564
"23068","20074.16",23068,49301038,-0.985692410172093
"23069","20074.16",23069,49301375,0.573508080919832
"23070","20074.16",23070,49301791,0.160734927403241
"23071","20074.16",23071,49302509,0.448593496824704
"23072","20074.16",23072,49302672,0.563563295727223
"23073","20074.16",23073,49302826,0.235519422414703
"23074","20074.16",23074,49303311,0.474284244635396
"23075","20074.16",23075,49303349,1.40259332793342
"23076","20074.16",23076,49303401,0.462933542453505
"23077","20074.16",23077,49304706,-1.28630514029031
"23078","20074.16",23078,49305298,-0.370747329068067
"23079","20074.16",23079,49305447,0.302275538504508
"23080","20074.16",23080,49307494,0.179068245424738
"23081","20074.16",23081,49309959,-0.796929246713802
"23082","20074.16",23082,49312016,-0.366747957393149
"23083","20074.16",23083,49312673,0.0201650602195347
"23084","20074.16",23084,49320695,-0.0787802283060302
"23085","20074.16",23085,49321122,-1.15282826149909
"23086","20074.16",23086,49321334,-0.102079343514183
"23087","20074.16",23087,49322685,0.134288307801988
"23088","20074.16",23088,49323820,0.35873637544931
"23089","20074.16",23089,49324288,-0.119316536158372
"23090","20074.16",23090,49324739,-0.0388972486999588
"23091","20074.16",23091,49325898,-0.354971632523423
"23092","20074.16",23092,49326782,-1.50211624113564
"23093","20074.16",23093,49327081,1.39873044692815
"23094","20074.16",23094,49327271,0.240995990102242
"23095","20074.16",23095,49329163,0.0995469201027808
"23096","20074.16",23096,49330144,-1.16822535492859
"23097","20074.16",23097,49330884,0.418134943647734
"23098","20074.16",23098,49331140,0.177604372157013
"23099","20074.16",23099,49331429,0.0142179233030069
"23100","20074.16",23100,49331528,0.331620571720143
"23101","20074.16",23101,49332546,0.213027238079954
"23102","20074.16",23102,49334009,0.163340788190697
"23103","20074.16",23103,49334638,0.771980950905708
"23104","20074.16",23104,49335782,-0.453414044403124
"23105","20074.16",23105,49337400,-0.695792224870028
"23106","20074.16",23106,49338082,0.43405214936378
"23107","20074.16",23107,49338331,0.502832447707092
"23108","20074.16",23108,49338500,0.547178730270784
"23109","20074.16",23109,49342363,-0.460304125069501
"23110","20074.16",23110,49343536,-0.177952125830922
"23111","20074.16",23111,49343792,-0.202417873489951
"23112","20074.16",23112,49345437,-0.000140353361487655
"23113","20074.16",23113,49346093,0.258979070957461
"23114","20074.16",23114,49348754,-0.0901946596877483
"23115","20074.16",23115,49353272,-1.48692834301364
"23116","20074.16",23116,49353504,-0.0489644538062199
"23117","20074.16",23117,49354212,0.836053226479945
"23118","20074.16",23118,49355661,-0.805790551510499
"23119","20074.16",23119,49356011,0.282894338876612
"23120","20074.16",23120,49359176,-0.683532857711568
"23121","20074.16",23121,49359907,-1.00654057713556
"23122","20074.16",23122,49360358,0.512715532389412
"23123","20074.16",23123,49360429,-0.664752271503825
"23124","20074.16",23124,49361270,0.0539035318283796
"23125","20074.16",23125,49362409,-0.073350907651462
"23126","20074.16",23126,49363512,-1.37185260817497
"23127","20074.16",23127,49364516,-0.420727086852088
"23128","20074.16",23128,49364934,-0.325962223753915
"23129","20074.16",23129,49365056,-0.266545778481269
"23130","20074.16",23130,49365493,-0.540238252292952
"23131","20074.16",23131,49365661,0.664254879425225
"23132","20074.16",23132,49366082,0.818331858661142
"23133","20074.16",23133,49366706,-0.206794881820721
"23134","20074.16",23134,49367627,0.311931830170832
"23135","20074.16",23135,49367737,0.337687476951966
"23136","20074.16",23136,49369832,-0.541997613221513
"23137","20074.16",23137,49370802,0.129495497674166
"23138","20074.16",23138,49374623,0.3283424116543
"23139","20074.16",23139,49378925,-0.509586441779771
"23140","20074.16",23140,49380135,-0.804410354164178
"23141","20074.16",23141,49381763,-0.52137534451366
"23142","20074.16",23142,49382177,0.395508055089842
"23143","20074.16",23143,49390132,-0.74418733001857
"23144","20074.16",23144,49391968,0.25407160473483
"23145","20074.16",23145,49394276,0.0711780932319739
"23146","20074.16",23146,49395521,-1.24077266456421
"23147","20074.16",23147,49396164,-0.493428100107145
"23148","20074.16",23148,49397524,0.130219901587989
"23149","20074.16",23149,49403920,-0.0450238249129766
"23150","20074.16",23150,49404519,-0.587630006506069
"23151","20074.16",23151,49404789,0.786030889756646
"23152","20074.16",23152,49407769,-0.754579445200733
"23153","20074.16",23153,49410998,-1.52230698517521
"23154","20074.16",23154,49412608,0.0619876508798036
"23155","20074.16",23155,49414236,-0.119158131305013
"23156","20074.16",23156,49417011,-0.168825027342884
"23157","20074.16",23157,49418845,0.00238930214127464
"23158","20074.16",23158,49419433,-0.167773706404568
"23159","20074.16",23159,49420972,0.00202113147497496
"23160","20074.16",23160,49421339,-0.189359357952758
"23161","20074.16",23161,49422088,0.870848426953613
"23162","20074.16",23162,49422103,0.990078267649923
"23163","20074.16",23163,49422928,0.40048401332625
"23164","20074.16",23164,49425234,1.04677197847838
"23165","20074.16",23165,49425246,-0.593902169798286
"23166","20074.16",23166,49426689,-0.304171822063457
"23167","20074.16",23167,49427090,0.106799569822456
"23168","20074.16",23168,49429112,-1.31729734523114
"23169","20074.16",23169,49429258,-0.24845742465627
"23170","20074.16",23170,49429625,-0.0749351424290863
"23171","20074.16",23171,49430229,0.623709713396813
"23172","20074.16",23172,49430641,0.0247045009014135
"23173","20074.16",23173,49430931,0.794770166055625
"23174","20074.16",23174,49430946,0.589658691725956
"23175","20074.16",23175,49431049,0.143790621554074
"23176","20074.16",23176,49431259,-0.154147392199424
"23177","20074.16",23177,49433527,0.485167157647026
"23178","20074.16",23178,49433962,-0.44680623776239
"23179","20074.16",23179,49436065,-0.459283055378599
"23180","20074.16",23180,49436433,1.20242784138781
"23181","20074.16",23181,49438040,0.369791765816696
"23182","20074.16",23182,49438983,0.209144783661023
"23183","20074.16",23183,49441485,-0.28861887460331
"23184","20074.16",23184,49442261,0.106752179744644
"23185","20074.16",23185,49442841,0.119283991755544
"23186","20074.16",23186,49443006,0.509457040795364
"23187","20074.16",23187,49443969,0.274305932970731
"23188","20074.16",23188,49444746,-0.757336857847681
"23189","20074.16",23189,49445957,0.530300393415113
"23190","20074.16",23190,49446115,0.178669008717736
"23191","20074.16",23191,49446168,0.94853555985596
"23192","20074.16",23192,49446514,-0.26997335084496
"23193","20074.16",23193,49447695,-0.253340435322432
"23194","20074.16",23194,49448368,0.228580273340189
"23195","20074.16",23195,49449738,-0.14471085250814
"23196","20074.16",23196,49450047,-0.280115117456018
"23197","20074.16",23197,49450152,-0.688570524450369
"23198","20074.16",23198,49450571,-0.603162699327073
"23199","20074.16",23199,49452087,-0.29868079112234
"23200","20074.16",23200,49452158,0.197112829349333
"23201","20074.16",23201,49452617,0.440130133380072
"23202","20074.16",23202,49453876,-0.478892472971401
"23203","20074.16",23203,49454463,-0.63658300386359
"23204","20074.16",23204,49455232,0.0795278257117467
"23205","20074.16",23205,49456291,-0.307104489365529
"23206","20074.16",23206,49458056,0.606201321198571
"23207","20074.16",23207,49458361,0.414849470542214
"23208","20074.16",23208,49458981,0.666978521991195
"23209","20074.16",23209,49460239,0.461077172552094
"23210","20074.16",23210,49463951,0.631375889195056
"23211","20074.16",23211,49463998,0.81620112589603
"23212","20074.16",23212,49466636,0.314679136094868
"23213","20074.16",23213,49468995,0.311927860751799
"23214","20074.16",23214,49469134,-0.100755242230776
"23215","20074.16",23215,49469598,-0.379475512241612
"23216","20074.16",23216,49469892,-2.00012896163233
"23217","20074.16",23217,49472372,0.349457201103983
"23218","20074.16",23218,49476172,0.390652853460439
"23219","20074.16",23219,49476626,0.17367496017067
"23220","20074.16",23220,49477196,-0.320765739945822
"23221","20074.16",23221,49477920,-0.70576263706104
"23222","20074.16",23222,49477962,0.397342582327906
"23223","20074.16",23223,49481069,0.258995152799273
"23224","20074.16",23224,49484538,-1.04501659324508
"23225","20074.16",23225,49485427,-0.977179957777817
"23226","20074.16",23226,49488151,0.641992671742437
"23227","20074.16",23227,49488903,-0.922047456348704
"23228","20074.16",23228,49489555,-0.00446581005082347
"23229","20074.16",23229,49492267,-0.186163349188941
"23230","20074.16",23230,49493503,-0.084821782344477
"23231","20074.16",23231,49496965,-0.492650321684303
"23232","20074.16",23232,49497674,0.752789701805113
"23233","20074.16",23233,49505444,-0.356206782339378
"23234","20074.16",23234,49507002,-0.774605197820303
"23235","20074.16",23235,49507364,0.327042251502463
"23236","20074.16",23236,49509181,0.527334249181137
"23237","20074.16",23237,49510076,0.359285262291501
"23238","20074.16",23238,49515294,-0.264808761541193
"23239","20074.16",23239,49515428,-0.147587335643345
"23240","20074.16",23240,49515575,0.165811724273433
"23241","20074.16",23241,49515877,0.231836179986194
"23242","20074.16",23242,49519945,0.429687590078847
"23243","20074.16",23243,49520070,-0.599797932333831
"23244","20074.16",23244,49520570,0.392279518100721
"23245","20074.16",23245,49520874,0.0309656736036148
"23246","20074.16",23246,49520936,-0.0570526576021715
"23247","20074.16",23247,49521293,0.339732967844061
"23248","20074.16",23248,49521308,0.8972257399453
"23249","20074.16",23249,49522434,0.389666439349237
"23250","20074.16",23250,49525211,-0.891888877053522
"23251","20074.16",23251,49535657,-1.54651506247456
"23252","20074.16",23252,49536024,0.207968522237488
"23253","20074.16",23253,49537065,-0.218528060144857
"23254","20074.16",23254,49538822,-0.48675664166025
"23255","20074.16",23255,49540093,-0.787095926479162
"23256","20074.16",23256,49540613,0.378973073719254
"23257","20074.16",23257,49543179,0.334482777925772
"23258","20074.16",23258,49543611,-1.19706567111068
"23259","20074.16",23259,49544240,0.438459379607017
"23260","20074.16",23260,49544422,0.267667629548327
"23261","20074.16",23261,49545566,-0.919161451150181
"23262","20074.16",23262,49545836,-0.211820424972024
"23263","20074.16",23263,49546142,-0.168441282560746
"23264","20074.16",23264,49546356,0.283863013210358
"23265","20074.16",23265,49547497,0.257172799604931
"23266","20074.16",23266,49548633,-0.151039793784288
"23267","20074.16",23267,49551746,0.494288548453302
"23268","20074.16",23268,49552382,-0.0298189151829549
"23269","20074.16",23269,49552574,0.73771524358688
"23270","20074.16",23270,49554016,-0.396275298908256
"23271","20074.16",23271,49554185,0.642754655909076
"23272","20074.16",23272,49556230,0.267117613436091
"23273","20074.16",23273,49559688,-0.306821442914453
"23274","20074.16",23274,49560369,-0.894984855243153
"23275","20074.16",23275,49561605,0.216568371323149
"23276","20074.16",23276,49565021,-0.55132929097315
"23277","20074.16",23277,49565261,-0.0868230486616186
"23278","20074.16",23278,49566975,-0.48537406181829
"23279","20074.16",23279,49572671,-0.262464281833978
"23280","20074.16",23280,49573058,-0.283232079056144
"23281","20074.16",23281,49573848,0.353907923303528
"23282","20074.16",23282,49575667,-0.990428270173658
"23283","20074.16",23283,49579252,-0.311667136441751
"23284","20074.16",23284,49581207,0.47658222937381
"23285","20074.16",23285,49581886,0.756937200880015
"23286","20074.16",23286,49582103,-0.105805825802229
"23287","20074.16",23287,49582834,0.259452091974071
"23288","20074.16",23288,49586727,-0.840972773837335
"23289","20074.16",23289,49587866,-0.0115048850498756
"23290","20074.16",23290,49588587,-0.545509808768189
"23291","20074.16",23291,49588606,0.31511067759658
"23292","20074.16",23292,49588673,0.288130200257918
"23293","20074.16",23293,49589286,0.0826417664282744
"23294","20074.16",23294,49589395,0.0699366342689105
"23295","20074.16",23295,49590434,0.594991773613871
"23296","20074.16",23296,49591785,-0.929778885873027
"23297","20074.16",23297,49593118,-1.2443787353266
"23298","20074.16",23298,49593526,0.5505073466534
"23299","20074.16",23299,49594419,0.576727556144678
"23300","20074.16",23300,49595183,-0.0894431587349347
"23301","20074.16",23301,49597231,-0.111288514014589
"23302","20074.16",23302,49598262,0.0346157263361695
"23303","20074.16",23303,49601768,-0.651335935657523
"23304","20074.16",23304,49602130,0.420699051683225
"23305","20074.16",23305,49602440,0.119106170007808
"23306","20074.16",23306,49602712,-0.0718954304641235
"23307","20074.16",23307,49604429,-0.131582816994851
"23308","20074.16",23308,49605287,-0.149650040673219
"23309","20074.16",23309,49605530,0.168309874576732
"23310","20074.16",23310,49605741,-1.22549715635796
"23311","20074.16",23311,49607491,-0.467951384193722
"23312","20074.16",23312,49609203,0.151039109793176
"23313","20074.16",23313,49609488,-0.61452197733534
"23314","20074.16",23314,49612461,-0.282041856030498
"23315","20074.16",23315,49614038,0.527633134036491
"23316","20074.16",23316,49614518,0.762360896837389
"23317","20074.16",23317,49614717,0.0377650505526894
"23318","20074.16",23318,49615121,0.585034809644452
"23319","20074.16",23319,49615387,0.611654654236287
"23320","20074.16",23320,49615538,0.246832887874322
"23321","20074.16",23321,49615587,-0.402087225878925
"23322","20074.16",23322,49615755,-0.201722375316529
"23323","20074.16",23323,49616441,0.0418488345940728
"23324","20074.16",23324,49616858,0.0752916244615003
"23325","20074.16",23325,49617060,-0.0689587941327021
"23326","20074.16",23326,49618943,-1.3962659038369
"23327","20074.16",23327,49619709,0.377966170799401
"23328","20074.16",23328,49619863,0.0523108071220308
"23329","20074.16",23329,49620629,-0.407193141455216
"23330","20074.16",23330,49620687,0.144301639910746
"23331","20074.16",23331,49620960,0.333570105850398
"23332","20074.16",23332,49620988,0.168777358371532
"23333","20074.16",23333,49621223,-0.149213554919923
"23334","20074.16",23334,49623833,-0.198077220182606
"23335","20074.16",23335,49624819,-0.079155088503116
"23336","20074.16",23336,49626650,-0.433265916072093
"23337","20074.16",23337,49629375,-0.739981085320991
"23338","20074.16",23338,49630102,-0.402756631360905
"23339","20074.16",23339,49630324,-1.52284502414091
"23340","20074.16",23340,49631979,0.5510837120271
"23341","20074.16",23341,49632029,1.15793216440589
"23342","20074.16",23342,49632358,0.103990547423938
"23343","20074.16",23343,49632832,0.645498137672058
"23344","20074.16",23344,49634640,0.0539724664271919
"23345","20074.16",23345,49636936,0.440290881068583
"23346","20074.16",23346,49639661,-1.48649366433479
"23347","20074.16",23347,49642859,-0.909768017143914
"23348","20074.16",23348,49648645,0.0475180884423558
"23349","20074.16",23349,49650729,-0.19269767110818
"23350","20074.16",23350,49651165,-1.66140576089302
"23351","20074.16",23351,49654520,-0.0674390744793145
"23352","20074.16",23352,49655242,-0.136939350668597
"23353","20074.16",23353,49656098,0.869193931998448
"23354","20074.16",23354,49656747,-0.633182573604237
"23355","20074.16",23355,49658524,0.187820496655466
"23356","20074.16",23356,49659297,-0.311684279922657
"23357","20074.16",23357,49659681,0.939895786968449
"23358","20074.16",23358,49663019,-0.155529447092966
"23359","20074.16",23359,49664511,0.177419319856151
"23360","20074.16",23360,49664721,-0.348021056105233
"23361","20074.16",23361,49668955,0.097495622570266
"23362","20074.16",23362,49670369,-0.487209401344524
"23363","20074.16",23363,49670390,0.22168428085682
"23364","20074.16",23364,49670815,-1.64024561429776
"23365","20074.16",23365,49671218,-0.0399584671149533
"23366","20074.16",23366,49674564,-1.10640953512512
"23367","20074.16",23367,49675807,0.0556528947761965
"23368","20074.16",23368,49676337,0.0695727613719326
"23369","20074.16",23369,49676386,0.0982692707508681
"23370","20074.16",23370,49676564,-0.235793631710651
"23371","20074.16",23371,49676666,0.549112046906809
"23372","20074.16",23372,49679073,-0.14946315742242
"23373","20074.16",23373,49679462,-0.175060689820205
"23374","20074.16",23374,49681911,0.64822790586597
"23375","20074.16",23375,49683010,0.621361533144122
"23376","20074.16",23376,49683938,-0.157547436714871
"23377","20074.16",23377,49684321,1.09099209808138
"23378","20074.16",23378,49685684,0.210136172680201
"23379","20074.16",23379,49685963,0.257598694193399
"23380","20074.16",23380,49685986,-0.334184331907301
"23381","20074.16",23381,49686055,-0.306277338966793
"23382","20074.16",23382,49686558,-0.908576648715832
"23383","20074.16",23383,49686642,-0.235394227186083
"23384","20074.16",23384,49687824,0.00519813348539255
"23385","20074.16",23385,49687871,-0.574351630178614
"23386","20074.16",23386,49688918,1.00998819812435
"23387","20074.16",23387,49688949,0.113033407372315
"23388","20074.16",23388,49689476,-0.539614351845933
"23389","20074.16",23389,49689787,0.0355144795513578
"23390","20074.16",23390,49692171,-0.792249203934505
"23391","20074.16",23391,49695330,0.201631053717929
"23392","20074.16",23392,49695615,-0.394881506647182
"23393","20074.16",23393,49695845,0.335297434780077
"23394","20074.16",23394,49696492,-0.255652569987582
"23395","20074.16",23395,49700255,-0.933490435769986
"23396","20074.16",23396,49702719,0.779078798534791
"23397","20074.16",23397,49704629,0.932865769868314
"23398","20074.16",23398,49704757,0.387440719264345
"23399","20074.16",23399,49706896,-0.0347407374989475
"23400","20074.16",23400,49708845,0.0570679215545962
"23401","20074.16",23401,49709584,0.100779356944785
"23402","20074.16",23402,49710044,-0.0304408912788627
"23403","20074.16",23403,49710090,0.267767006047447
"23404","20074.16",23404,49710809,-0.27015111044576
"23405","20074.16",23405,49713901,0.478107664315504
"23406","20074.16",23406,49719696,-0.254904127600066
"23407","20074.16",23407,49719913,0.549044167622188
"23408","20074.16",23408,49720856,-1.27732611649218
"23409","20074.16",23409,49721463,0.511391918328347
"23410","20074.16",23410,49726950,-0.0739067800438198
"23411","20074.16",23411,49727981,0.279870303010424
"23412","20074.16",23412,49735338,-0.831884781460485
"23413","20074.16",23413,49736329,-0.694525178227943
"23414","20074.16",23414,49737095,-0.129901463865258
"23415","20074.16",23415,49738512,0.510511157038581
"23416","20074.16",23416,49739038,0.652547768549666
"23417","20074.16",23417,49741002,-1.5102109959338
"23418","20074.16",23418,49743164,0.529467517823625
"23419","20074.16",23419,49743339,0.475549674716373
"23420","20074.16",23420,49744442,-0.706811203407808
"23421","20074.16",23421,49744681,0.176929316481842
"23422","20074.16",23422,49748947,0.382447329011316
"23423","20074.16",23423,49750559,1.09422201518822
"23424","20074.16",23424,49750724,0.133311246404996
"23425","20074.16",23425,49750790,0.396257237117957
"23426","20074.16",23426,49754585,0.946557999158208
"23427","20074.16",23427,49755177,0.577923478387725
"23428","20074.16",23428,49755299,0.0414831145267129
"23429","20074.16",23429,49755875,-0.193224054106186
"23430","20074.16",23430,49756459,-0.691877508821958
"23431","20074.16",23431,49757217,-0.0112771669939011
"23432","20074.16",23432,49758291,-1.23280723477216
"23433","20074.16",23433,49759347,-1.70315967702578
"23434","20074.16",23434,49761054,0.321065735844964
"23435","20074.16",23435,49762512,-0.299843914978998
"23436","20074.16",23436,49763476,-0.575122568622855
"23437","20074.16",23437,49763867,-0.324936493988861
"23438","20074.16",23438,49764948,0.98875166655796
"23439","20074.16",23439,49765348,0.615156018795475
"23440","20074.16",23440,49766909,0.851743767034061
"23441","20074.16",23441,49768046,0.42269605010081
"23442","20074.16",23442,49771744,-0.0752486725543884
"23443","20074.16",23443,49772773,0.104218551311687
"23444","20074.16",23444,49773128,-0.191445615465313
"23445","20074.16",23445,49773179,0.87594777379391
"23446","20074.16",23446,49774755,0.881267151481903
"23447","20074.16",23447,49775755,0.216265483883338
"23448","20074.16",23448,49777966,-0.769983514599791
"23449","20074.16",23449,49778065,-0.658006063105182
"23450","20074.16",23450,49778147,0.142505137811503
"23451","20074.16",23451,49778704,1.19895662020235
"23452","20074.16",23452,49789384,0.641155450595929
"23453","20074.16",23453,49791094,-0.587459201938926
"23454","20074.16",23454,49791526,0.303840749497295
"23455","20074.16",23455,49793688,-0.343904132678518
"23456","20074.16",23456,49795195,0.38311924115622
"23457","20074.16",23457,49795877,0.400085703002511
"23458","20074.16",23458,49796831,0.377844450285642
"23459","20074.16",23459,49801330,0.34478885951052
"23460","20074.16",23460,49802291,-0.751860856625718
"23461","20074.16",23461,49802802,0.294595336363433
"23462","20074.16",23462,49804502,0.417232390295315
"23463","20074.16",23463,49805037,0.687534498127115
"23464","20074.16",23464,49807722,0.785187076840585
"23465","20074.16",23465,49808136,-1.38207733299053
"23466","20074.16",23466,49808532,-0.342303955332572
"23467","20074.16",23467,49808617,0.275946285442561
"23468","20074.16",23468,49808685,-0.808312984175474
"23469","20074.16",23469,49809563,-0.0713071102608991
"23470","20074.16",23470,49810843,0.724825085512761
"23471","20074.16",23471,49811433,0.053294322107976
"23472","20074.16",23472,49811632,-0.771814881201651
"23473","20074.16",23473,49812963,-0.729117553879799
"23474","20074.16",23474,49814175,-0.159989543389798
"23475","20074.16",23475,49814256,-0.40031295505043
"23476","20074.16",23476,49816383,-0.746012438975051
"23477","20074.16",23477,49821380,-0.40011704851525
"23478","20074.16",23478,49821501,1.13916476000063
"23479","20074.16",23479,49821740,-0.202409979858671
"23480","20074.16",23480,49822427,-0.825084409194275
"23481","20074.16",23481,49824257,-0.10888313304824
"23482","20074.16",23482,49824897,1.16160577951654
"23483","20074.16",23483,49825482,0.160404861736377
"23484","20074.16",23484,49826410,-0.245590372079652
"23485","20074.16",23485,49827905,0.387602368136512
"23486","20074.16",23486,49828640,-0.263460035011807
"23487","20074.16",23487,49829984,-0.600389642825799
"23488","20074.16",23488,49830204,-0.240102587482707
"23489","20074.16",23489,49830641,0.0880755625151366
"23490","20074.16",23490,49831588,0.421217658667863
"23491","20074.16",23491,49835709,0.51839616082762
"23492","20074.16",23492,49836319,0.0544994325233557
"23493","20074.16",23493,49837312,0.5254995796313
"23494","20074.16",23494,49839248,0.262614526809462
"23495","20074.16",23495,49839989,-0.40667156440017
"23496","20074.16",23496,49841577,0.271394829491192
"23497","20074.16",23497,49842277,-0.324819562584299
"23498","20074.16",23498,49843249,-0.251335849972194
"23499","20074.16",23499,49844664,0.495775866602089
"23500","20074.16",23500,49847069,-0.820844588373538
"23501","20074.16",23501,49851005,-0.183614851027429
"23502","20074.16",23502,49851992,0.104744539468851
"23503","20074.16",23503,49853206,-0.0288112860381489
"23504","20074.16",23504,49856691,0.080905081626006
"23505","20074.16",23505,49856787,0.0585463471685124
"23506","20074.16",23506,49859389,-0.814891269698463
"23507","20074.16",23507,49860349,0.226401585601291
"23508","20074.16",23508,49862249,0.19023210428338
"23509","20074.16",23509,49863631,0.067082906332395
"23510","20074.16",23510,49864791,0.908130067716754
"23511","20074.16",23511,49865956,0.427717046028316
"23512","20074.16",23512,49867224,-0.88657140022817
"23513","20074.16",23513,49867568,-0.868769732304456
"23514","20074.16",23514,49873825,-0.724412615789999
"23515","20074.16",23515,49874333,0.923767938937131
"23516","20074.16",23516,49874348,-0.708978440015684
"23517","20074.16",23517,49877102,0.611896424227223
"23518","20074.16",23518,49879009,-0.546122139780485
"23519","20074.16",23519,49879371,-0.790202865564344
"23520","20074.16",23520,49884431,0.353359944450811
"23521","20074.16",23521,49885016,0.137067967334429
"23522","20074.16",23522,49885509,0.420548665898827
"23523","20074.16",23523,49894065,-0.446122104805469
"23524","20074.16",23524,49896680,-0.0228463659947629
"23525","20074.16",23525,49898441,-0.348839664129011
"23526","20074.16",23526,49903486,0.700458724917303
"23527","20074.16",23527,49903904,0.372746939839163
"23528","20074.16",23528,49905246,-0.205290898626785
"23529","20074.16",23529,49906105,-0.884397006613696
"23530","20074.16",23530,49912030,-0.306815988223294
"23531","20074.16",23531,49913093,0.109189719061439
"23532","20074.16",23532,49913220,0.765405828960065
"23533","20074.16",23533,49913771,0.247672512397009
"23534","20074.16",23534,49914045,0.460421316431348
"23535","20074.16",23535,49914323,1.16470695718346
"23536","20074.16",23536,49914382,-0.0533027592930226
"23537","20074.16",23537,49916730,-0.0590642380769593
"23538","20074.16",23538,49919543,0.313048049240511
"23539","20074.16",23539,49920547,-0.219207599142051
"23540","20074.16",23540,49921308,0.50070793897583
"23541","20074.16",23541,49921324,-0.0723558889767748
"23542","20074.16",23542,49921355,-0.574713623384027
"23543","20074.16",23543,49922321,0.178640261236732
"23544","20074.16",23544,49924276,-0.511846193068822
"23545","20074.16",23545,49924699,0.531572031910309
"23546","20074.16",23546,49926374,-0.417138105067752
"23547","20074.16",23547,49927513,-0.225356033775334
"23548","20074.16",23548,49927731,0.365649303752376
"23549","20074.16",23549,49928443,-0.0976999358528383
"23550","20074.16",23550,49928466,-0.181187206946361
"23551","20074.16",23551,49929681,0.280795125145512
"23552","20074.16",23552,49932806,-0.152742422917579
"23553","20074.16",23553,49934675,-0.960879992564209
"23554","20074.16",23554,49934695,-0.295400231513605
"23555","20074.16",23555,49938811,-0.0445860017253281
"23556","20074.16",23556,49939203,-0.198061657506098
"23557","20074.16",23557,49942377,-1.11285674451553
"23558","20074.16",23558,49942434,0.337361222391155
"23559","20074.16",23559,49943804,0.0682434885924659
"23560","20074.16",23560,49944276,-0.162620622746718
"23561","20074.16",23561,49945404,-1.6444631112217
"23562","20074.16",23562,49946893,0.959127823887937
"23563","20074.16",23563,49947734,-0.342523013825101
"23564","20074.16",23564,49948632,0.173659348146763
"23565","20074.16",23565,49950942,-0.0941004394340652
"23566","20074.16",23566,49951248,0.590444731513087
"23567","20074.16",23567,49951958,-0.221205311013999
"23568","20074.16",23568,49954663,-0.828984109233818
"23569","20074.16",23569,49955122,0.0487819826664815
"23570","20074.16",23570,49956819,-0.836987874073782
"23571","20074.16",23571,49958102,0.255551070663665
"23572","20074.16",23572,49958723,0.113292450540596
"23573","20074.16",23573,49958835,-0.125152690896722
"23574","20074.16",23574,49960257,0.498755628866697
"23575","20074.16",23575,49961451,-0.136090992584981
"23576","20074.16",23576,49961507,-0.506739768759293
"23577","20074.16",23577,49962449,0.28792795291731
"23578","20074.16",23578,49969772,0.0344182312724923
"23579","20074.16",23579,49969937,0.118894349561916
"23580","20074.16",23580,49976941,0.166444619414378
"23581","20074.16",23581,49981329,-0.995074286313671
"23582","20074.16",23582,49981665,-0.324514565368291
"23583","20074.16",23583,49982015,-0.214154250158946
"23584","20074.16",23584,49982174,0.988922445931295
"23585","20074.16",23585,49983527,0.365126453190794
"23586","20074.16",23586,49984168,-0.452797492936056
"23587","20074.16",23587,49984353,0.27962899696644
"23588","20074.16",23588,49991504,0.286696877106354
"23589","20074.16",23589,49995175,0.459376973831875
"23590","20074.16",23590,49997941,0.98218329442883
"23591","20074.16",23591,49998184,0.734803178990265
"23592","20074.16",23592,49998917,1.50294052006033
"23593","20074.16",23593,49998980,0.209692964795593
"23594","20074.16",23594,49999150,-0.033643000160656
"23595","20074.16",23595,49999589,0.127707309728541
"23596","20074.16",23596,50000933,0.344265575881022
"23597","20074.16",23597,50001105,-0.557424890022038
"23598","20074.16",23598,50005528,0.121108172602677
"23599","20074.16",23599,50006020,0.0649974596057685
"23600","20074.16",23600,50006452,0.168382181287106
"23601","20074.16",23601,50010632,-0.877729185515497
"23602","20074.16",23602,50010776,-0.773324063981581
"23603","20074.16",23603,50013374,-0.91180694601757
"23604","20074.16",23604,50013967,0.276733046955022
"23605","20074.16",23605,50014914,0.478095196891448
"23606","20074.16",23606,50018260,-0.260318640876258
"23607","20074.16",23607,50020324,-0.294718279816164
"23608","20074.16",23608,50028500,-0.266749187418411
"23609","20074.16",23609,50028605,0.0714794522201556
"23610","20074.16",23610,50031294,-0.233383256037827
"23611","20074.16",23611,50033635,-0.824749770376761
"23612","20074.16",23612,50034147,0.384677377781974
"23613","20074.16",23613,50034680,0.647533922920632
"23614","20074.16",23614,50034723,0.558799853730178
"23615","20074.16",23615,50034867,0.00883257733324072
"23616","20074.16",23616,50034904,-0.0678343349586914
"23617","20074.16",23617,50034945,-0.289893863123606
"23618","20074.16",23618,50038612,0.0708791094524601
"23619","20074.16",23619,50038846,0.078363258653357
"23620","20074.16",23620,50040911,-0.101377452119991
"23621","20074.16",23621,50043435,0.750929864799626
"23622","20074.16",23622,50043856,0.499355420159181
"23623","20074.16",23623,50045839,0.183245552470043
"23624","20074.16",23624,50046053,-0.974957251534017
"23625","20074.16",23625,50048951,0.536824554890537
"23626","20074.16",23626,50050010,-0.967808828562945
"23627","20074.16",23627,50051795,-0.194223208846426
"23628","20074.16",23628,50054258,-0.0615520869651736
"23629","20074.16",23629,50055650,-0.147765454347534
"23630","20074.16",23630,50057948,-0.26656088361481
"23631","20074.16",23631,50058330,-1.33104237040893
"23632","20074.16",23632,50062313,-0.310238787815807
"23633","20074.16",23633,50062572,-0.0835763463778028
"23634","20074.16",23634,50062611,0.111295771822597
"23635","20074.16",23635,50064867,0.207741831213745
"23636","20074.16",23636,50069228,-0.00254085112503688
"23637","20074.16",23637,50070520,-0.215684611659866
"23638","20074.16",23638,50071116,-0.425225608473981
"23639","20074.16",23639,50071230,0.812846591816395
"23640","20074.16",23640,50074596,-0.0631628404276547
"23641","20074.16",23641,50074929,-0.337071363062583
"23642","20074.16",23642,50079810,-0.887770123516948
"23643","20074.16",23643,50081535,-0.59286647126483
"23644","20074.16",23644,50081779,-0.531566477766464
"23645","20074.16",23645,50086298,0.144477846122729
"23646","20074.16",23646,50087000,-0.193322007971237
"23647","20074.16",23647,50089771,0.243135478805063
"23648","20074.16",23648,50090366,0.41477132948273
"23649","20074.16",23649,50091335,0.304425450814811
"23650","20074.16",23650,50091557,-0.232728989436919
"23651","20074.16",23651,50094615,0.910850134121854
"23652","20074.16",23652,50096130,0.00767883199654484
"23653","20074.16",23653,50096222,0.578579234402654
"23654","20074.16",23654,50097444,0.475501879093103
"23655","20074.16",23655,50098282,-0.779341602027777
"23656","20074.16",23656,50101769,-0.64556574138667
"23657","20074.16",23657,50102503,0.334523908497007
"23658","20074.16",23658,50103734,0.160585707724802
"23659","20074.16",23659,50105005,-0.240371544122589
"23660","20074.16",23660,50113773,-0.378734578832521
"23661","20074.16",23661,50114098,0.632502575230927
"23662","20074.16",23662,50114615,-0.432152941552359
"23663","20074.16",23663,50115495,0.778418756932385
"23664","20074.16",23664,50117411,-0.122417767569415
"23665","20074.16",23665,50117876,0.592234887172922
"23666","20074.16",23666,50118245,-0.112856716478782
"23667","20074.16",23667,50121221,-0.113477129976343
"23668","20074.16",23668,50121531,-1.18711566352522
"23669","20074.16",23669,50122249,-1.39556511894297
"23670","20074.16",23670,50128234,-0.630785385205257
"23671","20074.16",23671,50129454,-0.0777431529214647
"23672","20074.16",23672,50129618,0.0543694356101447
"23673","20074.16",23673,50134162,-0.951140619724814
"23674","20074.16",23674,50134445,-1.16881409889212
"23675","20074.16",23675,50135329,0.198044938645443
"23676","20074.16",23676,50135541,0.0779699366407787
"23677","20074.16",23677,50141237,-0.651736898382986
"23678","20074.16",23678,50141471,-0.558465404651809
"23679","20074.16",23679,50148408,0.535514195798004
"23680","20074.16",23680,50148508,-0.911130805533271
"23681","20074.16",23681,50148508,-0.120139028386854
"23682","20074.16",23682,50149686,-1.68652934021121
"23683","20074.16",23683,50150526,0.606161289195785
"23684","20074.16",23684,50150547,1.41579924737587
"23685","20074.16",23685,50152931,-0.440010540861195
"23686","20074.16",23686,50155838,-0.000620316839317958
"23687","20074.16",23687,50156272,-0.438820309600247
"23688","20074.16",23688,50158778,-1.00718167254014
"23689","20074.16",23689,50160081,0.0224994146421187
"23690","20074.16",23690,50163656,0.126861717377366
"23691","20074.16",23691,50164049,0.328499575286407
"23692","20074.16",23692,50164422,0.31212962480661
"23693","20074.16",23693,50168537,-0.0424828378570119
"23694","20074.16",23694,50169810,0.116017104658066
"23695","20074.16",23695,50170466,-0.205942980000318
"23696","20074.16",23696,50171338,0.521970556098865
"23697","20074.16",23697,50171461,0.0550296771973278
"23698","20074.16",23698,50173102,-0.691045731843327
"23699","20074.16",23699,50174683,-0.654377681076971
"23700","20074.16",23700,50176979,-0.230675559120034
"23701","20074.16",23701,50178524,0.694839199629985
"23702","20074.16",23702,50180746,-0.302061777255372
"23703","20074.16",23703,50181561,-0.0214669715871674
"23704","20074.16",23704,50185310,-0.0537666282857847
"23705","20074.16",23705,50185564,-1.05991195832334
"23706","20074.16",23706,50189505,0.277642401618459
"23707","20074.16",23707,50189594,-0.121581875940643
"23708","20074.16",23708,50193609,0.24837968261409
"23709","20074.16",23709,50195817,-0.264853386895769
"23710","20074.16",23710,50196443,0.119237113856753
"23711","20074.16",23711,50199955,-0.412070446355483
"23712","20074.16",23712,50200440,0.255728167306851
"23713","20074.16",23713,50203171,-0.115412177165361
"23714","20074.16",23714,50203193,0.332914398888712
"23715","20074.16",23715,50204283,-0.309784076747279
"23716","20074.16",23716,50204429,0.822899067498327
"23717","20074.16",23717,50206631,0.81853005341702
"23718","20074.16",23718,50208809,-0.0838897191089085
"23719","20074.16",23719,50211469,-0.132794941249682
"23720","20074.16",23720,50212567,-0.81153298472539
"23721","20074.16",23721,50214847,-0.0314328489293434
"23722","20074.16",23722,50215934,-1.36791890310093
"23723","20074.16",23723,50216564,-1.50255527149745
"23724","20074.16",23724,50217609,-0.135028599485898
"23725","20074.16",23725,50221941,-0.89555574898118
"23726","20074.16",23726,50222093,0.1954991738225
"23727","20074.16",23727,50222223,0.412228712217829
"23728","20074.16",23728,50222926,-0.596021888192093
"23729","20074.16",23729,50224127,-0.518680274894145
"23730","20074.16",23730,50224383,0.213786118669257
"23731","20074.16",23731,50229916,0.382866351655081
"23732","20074.16",23732,50237330,-0.935612858941603
"23733","20074.16",23733,50237613,0.188695688132926
"23734","20074.16",23734,50238851,-0.705968646892641
"23735","20074.16",23735,50239378,-0.211343605621282
"23736","20074.16",23736,50240033,0.00848815143250459
"23737","20074.16",23737,50248019,-0.171937465734603
"23738","20074.16",23738,50249080,-0.102796822593774
"23739","20074.16",23739,50251558,0.365093408455555
"23740","20074.16",23740,50251590,1.15081735881916
"23741","20074.16",23741,50255980,-1.53429578870479
"23742","20074.16",23742,50256165,-0.129848762002648
"23743","20074.16",23743,50259207,0.381448497553698
"23744","20074.16",23744,50259483,-0.225977339641952
"23745","20074.16",23745,50259548,-0.666326904918736
"23746","20074.16",23746,50259576,-0.177475935892166
"23747","20074.16",23747,50261081,0.68341180237849
"23748","20074.16",23748,50261407,-1.16536404966966
"23749","20074.16",23749,50264265,0.082386652045007
"23750","20074.16",23750,50270495,-0.36068215138337
"23751","20074.16",23751,50272567,0.414070240223933
"23752","20074.16",23752,50274451,0.573925531585533
"23753","20074.16",23753,50274669,0.0831158491771484
"23754","20074.16",23754,50276425,-1.23783168393322
"23755","20074.16",23755,50277119,0.675919850188227
"23756","20074.16",23756,50281697,-0.284778941189645
"23757","20074.16",23757,50286351,0.0182939219839859
"23758","20074.16",23758,50287651,0.0484292035143232
"23759","20074.16",23759,50291896,0.50760970437917
"23760","20074.16",23760,50291984,0.170451025345526
"23761","20074.16",23761,50292898,-0.293861896802476
"23762","20074.16",23762,50292957,-0.0810815058090597
"23763","20074.16",23763,50297927,-0.300918166359667
"23764","20074.16",23764,50299138,0.311083485435671
"23765","20074.16",23765,50302560,0.0944639879893607
"23766","20074.16",23766,50303027,0.549230756774031
"23767","20074.16",23767,50303143,0.198128190500056
"23768","20074.16",23768,50303514,0.12723371873181
"23769","20074.16",23769,50303814,-0.527850471800282
"23770","20074.16",23770,50307191,-0.249687836688917
"23771","20074.16",23771,50310591,-0.928241918496123
"23772","20074.16",23772,50311032,-0.0400634776577657
"23773","20074.16",23773,50319058,0.0993272040751974
"23774","20074.16",23774,50320656,-0.692552679963045
"23775","20074.16",23775,50322160,-0.498220153022498
"23776","20074.16",23776,50322695,-0.585542246153737
"23777","20074.16",23777,50326213,0.287218771778476
"23778","20074.16",23778,50329416,-0.382315200595765
"23779","20074.16",23779,50329878,-0.53552680950165
"23780","20074.16",23780,50331131,0.3086738306218
"23781","20074.16",23781,50332460,-0.262946233851103
"23782","20074.16",23782,50335422,-0.188916747634197
"23783","20074.16",23783,50337418,-0.700109032785289
"23784","20074.16",23784,50340154,0.636525579264794
"23785","20074.16",23785,50340217,0.924282382986758
"23786","20074.16",23786,50348409,1.30578140600714
"23787","20074.16",23787,50349144,-0.0734302137425056
"23788","20074.16",23788,50350416,0.236994433738476
"23789","20074.16",23789,50354646,-0.3124963078266
"23790","20074.16",23790,50355041,-0.0957962912534658
"23791","20074.16",23791,50355741,0.222598014069079
"23792","20074.16",23792,50355996,0.54236247172163
"23793","20074.16",23793,50356161,0.674350338882486
"23794","20074.16",23794,50359579,-0.429270212440622
"23795","20074.16",23795,50359901,0.678831262182443
"23796","20074.16",23796,50360134,0.44716109098619
"23797","20074.16",23797,50363559,0.651927613835832
"23798","20074.16",23798,50363931,0.248695240646586
"23799","20074.16",23799,50370919,-0.122970025421877
"23800","20074.16",23800,50371738,0.595458637653988
"23801","20074.16",23801,50372166,0.652525313139495
"23802","20074.16",23802,50372900,0.0679877853896196
"23803","20074.16",23803,50373531,0.314165362667556
"23804","20074.16",23804,50378388,-1.76907112725473
"23805","20074.16",23805,50378507,-0.00781889115964507
"23806","20074.16",23806,50383045,0.356558794077544
"23807","20074.16",23807,50383759,0.14644176545602
"23808","20074.16",23808,50384505,0.370748934058919
"23809","20074.16",23809,50392739,-0.270554962544476
"23810","20074.16",23810,50393396,0.0308829222360947
"23811","20074.16",23811,50394082,0.372019310220566
"23812","20074.16",23812,50396737,0.422642246784819
"23813","20074.16",23813,50398167,0.235601805038992
"23814","20074.16",23814,50403893,0.474637820206877
"23815","20074.16",23815,50405155,-0.0267599495975857
"23816","20074.16",23816,50407880,0.217524952165746
"23817","20074.16",23817,50409141,-0.329092199647299
"23818","20074.16",23818,50413232,0.592449217727299
"23819","20074.16",23819,50414228,-0.0146842696079199
"23820","20074.16",23820,50414984,1.1540268685488
"23821","20074.16",23821,50415241,0.538902300622442
"23822","20074.16",23822,50415252,-0.849191935006625
"23823","20074.16",23823,50417177,-0.173657744758009
"23824","20074.16",23824,50419204,0.717480615382686
"23825","20074.16",23825,50419608,0.0963145033336552
"23826","20074.16",23826,50420145,0.126878979978289
"23827","20074.16",23827,50422792,-1.17467589961808
"23828","20074.16",23828,50422996,1.05862153002261
"23829","20074.16",23829,50423195,0.175516544536431
"23830","20074.16",23830,50423815,-0.31772696934033
"23831","20074.16",23831,50426054,-0.447173285505015
"23832","20074.16",23832,50427554,-0.134005021547465
"23833","20074.16",23833,50427919,0.257087684761415
"23834","20074.16",23834,50428082,0.422033197359844
"23835","20074.16",23835,50433366,0.426906632950694
"23836","20074.16",23836,50434450,-0.633774581753092
"23837","20074.16",23837,50436394,-0.108170695060173
"23838","20074.16",23838,50436523,-0.462450618439293
"23839","20074.16",23839,50437391,-0.380129009629016
"23840","20074.16",23840,50440909,0.852044380863021
"23841","20074.16",23841,50441179,0.18141018256788
"23842","20074.16",23842,50441208,-0.264942031443073
"23843","20074.16",23843,50443200,0.749218318584751
"23844","20074.16",23844,50443284,-0.847984514050044
"23845","20074.16",23845,50443391,0.507282124334471
"23846","20074.16",23846,50443407,0.330823891430433
"23847","20074.16",23847,50444932,-0.0489205572157294
"23848","20074.16",23848,50445352,0.23668159746747
"23849","20074.16",23849,50447215,-0.35080349628767
"23850","20074.16",23850,50449787,-1.45418083351589
"23851","20074.16",23851,50454940,-0.916418253208131
"23852","20074.16",23852,50455740,-0.322256476940565
"23853","20074.16",23853,50457073,-0.0772113885955878
"23854","20074.16",23854,50458822,-0.22864587066064
"23855","20074.16",23855,50460114,0.502855146315167
"23856","20074.16",23856,50460474,0.227695182183483
"23857","20074.16",23857,50460697,-0.0657625541688507
"23858","20074.16",23858,50461051,-0.230311574202733
"23859","20074.16",23859,50461700,0.0809219353592683
"23860","20074.16",23860,50463530,0.127412318949045
"23861","20074.16",23861,50464872,0.225037721520472
"23862","20074.16",23862,50466445,0.0172655782692193
"23863","20074.16",23863,50473548,0.195786756618422
"23864","20074.16",23864,50473561,0.590950562899674
"23865","20074.16",23865,50473580,-0.418400948974636
"23866","20074.16",23866,50474125,-0.398584568769573
"23867","20074.16",23867,50475226,0.130665292467814
"23868","20074.16",23868,50477113,-0.706097619231108
"23869","20074.16",23869,50478983,0.972033108307738
"23870","20074.16",23870,50479760,0.168014279157409
"23871","20074.16",23871,50480027,-0.475628720505623
"23872","20074.16",23872,50480794,0.125949911353485
"23873","20074.16",23873,50484581,0.305771370497991
"23874","20074.16",23874,50487839,0.534141802909525
"23875","20074.16",23875,50488483,-0.86531696001882
"23876","20074.16",23876,50488573,-0.240680982595787
"23877","20074.16",23877,50492522,0.508793151561927
"23878","20074.16",23878,50493861,-0.0986173056419712
"23879","20074.16",23879,50495017,0.628176272073108
"23880","20074.16",23880,50495018,0.488323579554016
"23881","20074.16",23881,50497002,0.108222221345734
"23882","20074.16",23882,50498801,-1.28726804994722
"23883","20074.16",23883,50500380,-1.584108869987
"23884","20074.16",23884,50502844,-0.0309213559189327
"23885","20074.16",23885,50504575,-0.409550041269883
"23886","20074.16",23886,50505335,-0.356386222853119
"23887","20074.16",23887,50507857,-0.843508132969047
"23888","20074.16",23888,50508101,0.892840595060844
"23889","20074.16",23889,50509235,-0.150865807624388
"23890","20074.16",23890,50511660,-0.923817523598563
"23891","20074.16",23891,50518018,-0.576338176033828
"23892","20074.16",23892,50518036,0.147480253157821
"23893","20074.16",23893,50518636,0.448958043476115
"23894","20074.16",23894,50521466,-2.31075694927632
"23895","20074.16",23895,50523194,-0.0364012516531522
"23896","20074.16",23896,50528380,0.739460393550133
"23897","20074.16",23897,50532094,-0.231261385227555
"23898","20074.16",23898,50532171,0.0813951808849493
"23899","20074.16",23899,50532229,-0.311629701698901
"23900","20074.16",23900,50532442,0.730703822246952
"23901","20074.16",23901,50533077,0.739035438257056
"23902","20074.16",23902,50533305,-0.63675805086908
"23903","20074.16",23903,50533656,0.617203162500435
"23904","20074.16",23904,50533742,1.09513819217906
"23905","20074.16",23905,50536609,-0.103374519382271
"23906","20074.16",23906,50546293,-0.200079380983606
"23907","20074.16",23907,50546611,0.283858384329588
"23908","20074.16",23908,50550741,0.419677110202671
"23909","20074.16",23909,50554596,0.134425378578803
"23910","20074.16",23910,50555778,-0.0638206117821589
"23911","20074.16",23911,50555884,0.300571412785751
"23912","20074.16",23912,50556266,-0.830272312662069
"23913","20074.16",23913,50558024,-0.32089479234507
"23914","20074.16",23914,50560101,0.484103098913219
"23915","20074.16",23915,50560950,-0.0334999403810734
"23916","20074.16",23916,50562758,-0.950986888705278
"23917","20074.16",23917,50563647,0.645329660242091
"23918","20074.16",23918,50563877,-0.223961641930721
"23919","20074.16",23919,50565672,-0.179920081177974
"23920","20074.16",23920,50566137,-0.445971302208217
"23921","20074.16",23921,50570606,0.0449568018621589
"23922","20074.16",23922,50571658,-0.360901536986969
"23923","20074.16",23923,50575152,-0.356552461179009
"23924","20074.16",23924,50576890,0.24127715700275
"23925","20074.16",23925,50577112,0.496675412690291
"23926","20074.16",23926,50578449,0.461590762135384
"23927","20074.16",23927,50578535,-1.12029774815411
"23928","20074.16",23928,50585125,-1.39704727844705
"23929","20074.16",23929,50586941,0.134063324675707
"23930","20074.16",23930,50587976,0.230964270145333
"23931","20074.16",23931,50588492,0.505439879777403
"23932","20074.16",23932,50589243,0.0653572815371994
"23933","20074.16",23933,50590847,0.301081915981904
"23934","20074.16",23934,50591675,-0.295924958600425
"23935","20074.16",23935,50593173,-0.764670599411732
"23936","20074.16",23936,50595346,-0.548732710403256
"23937","20074.16",23937,50596128,0.260380120544421
"23938","20074.16",23938,50600738,-0.392735549116266
"23939","20074.16",23939,50607000,0.440293822507786
"23940","20074.16",23940,50608016,-0.467733318057741
"23941","20074.16",23941,50609185,-0.641816151686213
"23942","20074.16",23942,50611116,-0.407270259424576
"23943","20074.16",23943,50615553,0.0189187500314949
"23944","20074.16",23944,50618737,0.5148082799914
"23945","20074.16",23945,50619872,0.136012828057281
"23946","20074.16",23946,50623479,-2.11136066603072
"23947","20074.16",23947,50624089,-0.457757924379314
"23948","20074.16",23948,50624229,-0.113063749121676
"23949","20074.16",23949,50626543,-1.23925767304673
"23950","20074.16",23950,50627378,0.23295160211668
"23951","20074.16",23951,50629852,0.0822759603584977
"23952","20074.16",23952,50633494,0.0568406869132829
"23953","20074.16",23953,50634801,0.322740422632628
"23954","20074.16",23954,50637646,0.282399573561015
"23955","20074.16",23955,50638252,0.719508642497067
"23956","20074.16",23956,50640383,0.34628072713364
"23957","20074.16",23957,50641708,0.0971271521089676
"23958","20074.16",23958,50641988,-0.102964914262052
"23959","20074.16",23959,50642137,0.666308662508063
"23960","20074.16",23960,50642201,-0.567361108380306
"23961","20074.16",23961,50642496,-1.40168005577889
"23962","20074.16",23962,50645833,0.268280881722236
"23963","20074.16",23963,50648098,0.850698219231293
"23964","20074.16",23964,50648896,-1.59761576151131
"23965","20074.16",23965,50649185,0.7307624615483
"23966","20074.16",23966,50649286,0.472599424865209
"23967","20074.16",23967,50657805,-0.387777989486012
"23968","20074.16",23968,50658617,-1.2798079911581
"23969","20074.16",23969,50660899,0.390752082651917
"23970","20074.16",23970,50660962,0.251560405975741
"23971","20074.16",23971,50661273,-0.377179706022078
"23972","20074.16",23972,50662844,-0.543650206917127
"23973","20074.16",23973,50665089,0.161334781041535
"23974","20074.16",23974,50665271,0.282233030438396
"23975","20074.16",23975,50666424,0.268276180148583
"23976","20074.16",23976,50669883,0.380283697859087
"23977","20074.16",23977,50669978,-1.03958561248492
"23978","20074.16",23978,50670182,0.0416387154804152
"23979","20074.16",23979,50673651,0.332787681093387
"23980","20074.16",23980,50674960,-0.792670859971945
"23981","20074.16",23981,50676514,-0.278457044160405
"23982","20074.16",23982,50677571,0.493708903302916
"23983","20074.16",23983,50678032,-0.425554694303377
"23984","20074.16",23984,50678188,-0.498637781622083
"23985","20074.16",23985,50678675,0.152523778040726
"23986","20074.16",23986,50679364,-0.0957514177409653
"23987","20074.16",23987,50681087,0.552641282868824
"23988","20074.16",23988,50686557,-0.398678009839447
"23989","20074.16",23989,50686959,0.99206361668644
"23990","20074.16",23990,50687015,0.578412408595082
"23991","20074.16",23991,50687255,-1.07534974493616
"23992","20074.16",23992,50687673,-0.802490836647346
"23993","20074.16",23993,50689824,0.0523908318239767
"23994","20074.16",23994,50690434,-0.381080274512176
"23995","20074.16",23995,50691200,0.312357935363388
"23996","20074.16",23996,50692364,0.657561443802229
"23997","20074.16",23997,50693661,-1.72229950427543
"23998","20074.16",23998,50694011,0.407384523558723
"23999","20074.16",23999,50696176,-0.792939545048803
"24000","20074.16",24000,50698354,-0.768293848380599
"24001","20074.16",24001,50702148,-0.000222089341506582
"24002","20074.16",24002,50703105,0.593043209478021
"24003","20074.16",24003,50703574,-0.24205805286858
"24004","20074.16",24004,50703698,-0.0419436226303374
"24005","20074.16",24005,50708853,-0.29674548245694
"24006","20074.16",24006,50709723,-0.656965002939419
"24007","20074.16",24007,50710857,0.862342938965381
"24008","20074.16",24008,50711665,0.323811384753756
"24009","20074.16",24009,50714029,-0.848685107518742
"24010","20074.16",24010,50719573,0.0110884528152013
"24011","20074.16",24011,50720367,-0.368585637558392
"24012","20074.16",24012,50723074,0.397147369675072
"24013","20074.16",24013,50723978,-0.426525661279509
"24014","20074.16",24014,50724087,0.95117584326095
"24015","20074.16",24015,50724471,0.255349203083614
"24016","20074.16",24016,50724789,0.633822602040749
"24017","20074.16",24017,50726263,-0.484871930349863
"24018","20074.16",24018,50730865,0.0398384659796474
"24019","20074.16",24019,50730881,0.0767839012420053
"24020","20074.16",24020,50731096,-0.154380192925968
"24021","20074.16",24021,50733374,0.111370372632381
"24022","20074.16",24022,50735455,0.680680799583347
"24023","20074.16",24023,50737112,-0.176621586196218
"24024","20074.16",24024,50737980,0.433743336588463
"24025","20074.16",24025,50738052,-0.657483419913389
"24026","20074.16",24026,50739582,-0.506913629779569
"24027","20074.16",24027,50741462,0.721762042652073
"24028","20074.16",24028,50741477,-0.221699221065278
"24029","20074.16",24029,50741935,-1.10415927987595
"24030","20074.16",24030,50742062,1.26224882421738
"24031","20074.16",24031,50744696,-0.0144785688097482
"24032","20074.16",24032,50745199,-0.0553345550534701
"24033","20074.16",24033,50745583,0.788776799750733
"24034","20074.16",24034,50747704,-0.20846136779806
"24035","20074.16",24035,50750954,-0.626022871527214
"24036","20074.16",24036,50751175,-0.35434148493287
"24037","20074.16",24037,50751398,0.129095480170412
"24038","20074.16",24038,50751787,-0.374452825193267
"24039","20074.16",24039,50752337,0.330737397519045
"24040","20074.16",24040,50756881,-0.95102512584495
"24041","20074.16",24041,50757276,0.56902954887386
"24042","20074.16",24042,50757736,-0.0228484191084197
"24043","20074.16",24043,50759547,-0.114958239569983
"24044","20074.16",24044,50759615,-1.31904365869062
"24045","20074.16",24045,50763790,-0.353234028164835
"24046","20074.16",24046,50766071,-0.0986337512747015
"24047","20074.16",24047,50766127,-0.0593426105218331
"24048","20074.16",24048,50766676,-0.666835477148949
"24049","20074.16",24049,50773341,0.0350614730152019
"24050","20074.16",24050,50777218,-1.05080748469308
"24051","20074.16",24051,50777302,-0.262368807389195
"24052","20074.16",24052,50777456,0.0502165038462676
"24053","20074.16",24053,50778220,-0.0982977768570459
"24054","20074.16",24054,50781731,0.4978928581432
"24055","20074.16",24055,50781802,0.164340944395558
"24056","20074.16",24056,50787147,0.435919951428128
"24057","20074.16",24057,50787448,0.54262151184676
"24058","20074.16",24058,50787483,0.172024407671682
"24059","20074.16",24059,50791033,-0.258024552954827
"24060","20074.16",24060,50791250,0.905397350879926
"24061","20074.16",24061,50791948,0.561498834154706
"24062","20074.16",24062,50792268,0.940910095354417
"24063","20074.16",24063,50792662,0.0822084776385319
"24064","20074.16",24064,50796984,0.44287447158105
"24065","20074.16",24065,50800647,0.0202057319355253
"24066","20074.16",24066,50800817,-0.628293565940505
"24067","20074.16",24067,50803756,-0.353318158880919
"24068","20074.16",24068,50806683,0.216446821592474
"24069","20074.16",24069,50807526,0.10930539458827
"24070","20074.16",24070,50810235,0.216524979593091
"24071","20074.16",24071,50810359,-1.18011079050758
"24072","20074.16",24072,50819910,-0.719574329754853
"24073","20074.16",24073,50827518,-0.540982811932365
"24074","20074.16",24074,50827601,0.406706237486275
"24075","20074.16",24075,50828424,-0.453915142278977
"24076","20074.16",24076,50829158,-0.215744580095932
"24077","20074.16",24077,50831256,-0.427998096075465
"24078","20074.16",24078,50832026,-0.68322800767196
"24079","20074.16",24079,50832733,-0.415252548080446
"24080","20074.16",24080,50841795,-0.430143106314908
"24081","20074.16",24081,50842197,-0.0295140308026722
"24082","20074.16",24082,50843409,-0.262835386529846
"24083","20074.16",24083,50844301,0.340989510196196
"24084","20074.16",24084,50844773,0.257126512291513
"24085","20074.16",24085,50845612,-0.398917663439035
"24086","20074.16",24086,50850847,1.21621746320532
"24087","20074.16",24087,50851326,-0.0623615701543878
"24088","20074.16",24088,50851531,0.40085983203413
"24089","20074.16",24089,50851576,0.371962533374968
"24090","20074.16",24090,50851829,-0.046331200916871
"24091","20074.16",24091,50852432,0.270504206397532
"24092","20074.16",24092,50852536,0.0734231811333332
"24093","20074.16",24093,50853896,0.0360432290230062
"24094","20074.16",24094,50857590,0.795517947242346
"24095","20074.16",24095,50857693,0.960897216204958
"24096","20074.16",24096,50858061,-0.333886183626532
"24097","20074.16",24097,50863089,0.182687441856213
"24098","20074.16",24098,50863349,-0.280386691227684
"24099","20074.16",24099,50863729,0.439426410377055
"24100","20074.16",24100,50864839,-0.183313855323373
"24101","20074.16",24101,50865549,-0.0572190196413418
"24102","20074.16",24102,50866060,1.38821956149405
"24103","20074.16",24103,50866166,-1.32726357952271
"24104","20074.16",24104,50866572,-0.0454715360009068
"24105","20074.16",24105,50870447,-1.21524165186198
"24106","20074.16",24106,50871076,0.0211885888559067
"24107","20074.16",24107,50871242,-1.39223758312045
"24108","20074.16",24108,50873808,-0.641513213045274
"24109","20074.16",24109,50874410,-0.791065066821477
"24110","20074.16",24110,50874755,0.281068159758626
"24111","20074.16",24111,50874826,0.59979154924691
"24112","20074.16",24112,50875102,0.202759048279702
"24113","20074.16",24113,50877462,0.216304175230549
"24114","20074.16",24114,50877758,-0.0324269382336579
"24115","20074.16",24115,50878021,0.657271608313034
"24116","20074.16",24116,50878281,0.127887290657061
"24117","20074.16",24117,50878430,0.233151142923217
"24118","20074.16",24118,50880366,-0.630832321122294
"24119","20074.16",24119,50883054,0.00598374286778558
"24120","20074.16",24120,50883310,0.3281595148932
"24121","20074.16",24121,50883475,0.503746620993199
"24122","20074.16",24122,50885624,0.336773762887828
"24123","20074.16",24123,50885803,0.687991134610013
"24124","20074.16",24124,50886003,-0.224676581433639
"24125","20074.16",24125,50889180,0.163827744023471
"24126","20074.16",24126,50889520,-0.412129824289441
"24127","20074.16",24127,50892305,0.448214553467319
"24128","20074.16",24128,50892358,-0.65366376057463
"24129","20074.16",24129,50893380,-1.25991607996735
"24130","20074.16",24130,50895174,0.640595083488635
"24131","20074.16",24131,50896231,-0.756066730649669
"24132","20074.16",24132,50897294,0.007904850037729
"24133","20074.16",24133,50900311,-0.668692430539056
"24134","20074.16",24134,50900511,-0.352244321758897
"24135","20074.16",24135,50903329,-0.0342119536009537
"24136","20074.16",24136,50904272,0.142061545436358
"24137","20074.16",24137,50908950,0.20453125666969
"24138","20074.16",24138,50909328,-0.0200015275382013
"24139","20074.16",24139,50911031,0.180320226144279
"24140","20074.16",24140,50911920,0.470125136203696
"24141","20074.16",24141,50911946,0.625352438079287
"24142","20074.16",24142,50912801,0.244095625113135
"24143","20074.16",24143,50913535,-0.691682055348813
"24144","20074.16",24144,50913577,0.226291848922394
"24145","20074.16",24145,50915574,-0.453817201452837
"24146","20074.16",24146,50915814,0.97327604182373
"24147","20074.16",24147,50915984,0.209172771379404
"24148","20074.16",24148,50916435,-0.178979738505385
"24149","20074.16",24149,50919143,-0.784106251544157
"24150","20074.16",24150,50919601,0.778417600335735
"24151","20074.16",24151,50919783,0.183337474300721
"24152","20074.16",24152,50920274,-0.439502379195467
"24153","20074.16",24153,50920607,0.60962762537948
"24154","20074.16",24154,50921549,-0.252859405880474
"24155","20074.16",24155,50922594,-0.632592201729601
"24156","20074.16",24156,50922786,-0.392255523207272
"24157","20074.16",24157,50925543,0.746080532515278
"24158","20074.16",24158,50927409,-0.0612028760479939
"24159","20074.16",24159,50928704,-0.145532975571872
"24160","20074.16",24160,50928855,0.444116584523926
"24161","20074.16",24161,50929580,0.05170666724388
"24162","20074.16",24162,50932584,0.057742746795979
"24163","20074.16",24163,50932729,-0.519662919112593
"24164","20074.16",24164,50932779,0.488350199325869
"24165","20074.16",24165,50932797,0.275181083549525
"24166","20074.16",24166,50935200,-0.575573057152448
"24167","20074.16",24167,50935442,0.548460235231846
"24168","20074.16",24168,50937346,0.63442612407769
"24169","20074.16",24169,50939067,0.64448911074672
"24170","20074.16",24170,50939435,0.683347064263061
"24171","20074.16",24171,50939748,-0.32162610955514
"24172","20074.16",24172,50940100,-1.16890410313749
"24173","20074.16",24173,50941223,-0.0334647084281077
"24174","20074.16",24174,50941889,0.678200221334719
"24175","20074.16",24175,50942035,-0.0266193618977955
"24176","20074.16",24176,50942951,1.19091833228401
"24177","20074.16",24177,50943181,-0.384503672811684
"24178","20074.16",24178,50943813,-0.355353432618958
"24179","20074.16",24179,50943987,0.164483483510063
"24180","20074.16",24180,50944098,0.339796285379898
"24181","20074.16",24181,50946932,0.113505193980112
"24182","20074.16",24182,50947204,0.752169751312288
"24183","20074.16",24183,50948106,-0.64235323152737
"24184","20074.16",24184,50949161,0.93481155487559
"24185","20074.16",24185,50954820,0.473200582920758
"24186","20074.16",24186,50955012,0.304334344063443
"24187","20074.16",24187,50956172,0.577651355786645
"24188","20074.16",24188,50957249,-0.0879086550864026
"24189","20074.16",24189,50957643,-0.276691461398152
"24190","20074.16",24190,50963120,0.649496085347088
"24191","20074.16",24191,50963148,-0.567766906600679
"24192","20074.16",24192,50963403,-0.214808010393398
"24193","20074.16",24193,50966720,0.320574662621103
"24194","20074.16",24194,50967022,0.694515095467938
"24195","20074.16",24195,50967161,0.500423468682325
"24196","20074.16",24196,50967343,0.0403383205170469
"24197","20074.16",24197,50968227,0.673808272711988
"24198","20074.16",24198,50970422,-0.0666885462252642
"24199","20074.16",24199,50970474,-0.17535814272359
"24200","20074.16",24200,50971006,0.361144728378352
"24201","20074.16",24201,50971021,-0.375874371855087
"24202","20074.16",24202,50973078,0.0249335752998237
"24203","20074.16",24203,50973656,0.134050031689325
"24204","20074.16",24204,50975724,-0.186497256914219
"24205","20074.16",24205,50976307,0.743011492288923
"24206","20074.16",24206,50977155,0.217780000394462
"24207","20074.16",24207,50977187,0.649619579446198
"24208","20074.16",24208,50978590,0.231173356595886
"24209","20074.16",24209,50979745,0.2312584697093
"24210","20074.16",24210,50983361,0.504117064936486
"24211","20074.16",24211,50985422,-0.0594576514791907
"24212","20074.16",24212,50986308,0.472457896755066
"24213","20074.16",24213,50986325,0.260252591123664
"24214","20074.16",24214,50986905,0.0416229066438163
"24215","20074.16",24215,50990219,-0.623961054763469
"24216","20074.16",24216,50992045,-0.285828370968801
"24217","20074.16",24217,50992500,0.326820225571749
"24218","20074.16",24218,50993199,-1.27695340913955
"24219","20074.16",24219,50993764,0.269429427449359
"24220","20074.16",24220,50994321,0.270652291519711
"24221","20074.16",24221,50994566,-0.0313650870610882
"24222","20074.16",24222,50997420,0.717490887014747
"24223","20074.16",24223,50999201,-0.599086942504065
"24224","20074.16",24224,50999386,0.0875262962625563
"24225","20074.16",24225,51000146,-0.71157563197881
"24226","20074.16",24226,51001760,0.473904760344911
"24227","20074.16",24227,51005098,-0.0770031151873782
"24228","20074.16",24228,51006035,0.866402954065594
"24229","20074.16",24229,51006118,0.44656007726305
"24230","20074.16",24230,51007008,-0.306208150673901
"24231","20074.16",24231,51007044,-0.424547394380351
"24232","20074.16",24232,51007359,0.629364569145644
"24233","20074.16",24233,51008255,0.350566673218785
"24234","20074.16",24234,51008515,0.33968147189431
"24235","20074.16",24235,51013568,0.494440562084038
"24236","20074.16",24236,51014950,-0.256087508055471
"24237","20074.16",24237,51015161,0.524107625601837
"24238","20074.16",24238,51018747,-0.651337737377575
"24239","20074.16",24239,51020556,0.41444056529217
"24240","20074.16",24240,51021559,-0.289408558937938
"24241","20074.16",24241,51021873,-0.360286558252568
"24242","20074.16",24242,51022693,-0.0685901138413616
"24243","20074.16",24243,51022851,-0.237301468543518
"24244","20074.16",24244,51022923,0.121176900970361
"24245","20074.16",24245,51023863,0.579726102513338
"24246","20074.16",24246,51024770,-0.10121907591797
"24247","20074.16",24247,51025933,-0.00970412085147387
"24248","20074.16",24248,51028084,0.404489984780299
"24249","20074.16",24249,51028590,0.0858932592615123
"24250","20074.16",24250,51031486,0.0380551100362378
"24251","20074.16",24251,51031709,0.0624902360626116
"24252","20074.16",24252,51031783,-0.0983184569187552
"24253","20074.16",24253,51033708,-0.92666977552538
"24254","20074.16",24254,51033918,-0.183090475369401
"24255","20074.16",24255,51035412,-0.72573109634576
"24256","20074.16",24256,51037009,-0.203401091525577
"24257","20074.16",24257,51038056,-1.22816535916793
"24258","20074.16",24258,51040525,-0.207604630107641
"24259","20074.16",24259,51041758,0.58815760052673
"24260","20074.16",24260,51042633,-0.555270919773346
"24261","20074.16",24261,51043549,-0.42830784840187
"24262","20074.16",24262,51044795,0.142157702213761
"24263","20074.16",24263,51046088,0.629488777040332
"24264","20074.16",24264,51047142,-0.317389291463455
"24265","20074.16",24265,51048029,-0.277674041220549
"24266","20074.16",24266,51049988,-0.255323913854689
"24267","20074.16",24267,51051145,-0.0708842582581601
"24268","20074.16",24268,51051566,0.714480558890579
"24269","20074.16",24269,51057567,0.442660825813118
"24270","20074.16",24270,51057736,0.597040173097247
"24271","20074.16",24271,51058084,-0.0859895733611475
"24272","20074.16",24272,51059240,0.886226557452743
"24273","20074.16",24273,51059339,0.57830939747853
"24274","20074.16",24274,51059534,0.653025749069768
"24275","20074.16",24275,51060651,-0.908181641056761
"24276","20074.16",24276,51061406,0.338005403422325
"24277","20074.16",24277,51062052,0.65377850954997
"24278","20074.16",24278,51063914,-0.586671634844141
"24279","20074.16",24279,51064083,-0.246563227366282
"24280","20074.16",24280,51064172,-0.114699575340595
"24281","20074.16",24281,51064572,0.07597714061178
"24282","20074.16",24282,51066965,0.66864295135604
"24283","20074.16",24283,51069013,0.0942753248339265
"24284","20074.16",24284,51072166,0.2114427777498
"24285","20074.16",24285,51073109,-0.540334553427995
"24286","20074.16",24286,51073229,-0.55476233613061
"24287","20074.16",24287,51074093,-0.29084901656775
"24288","20074.16",24288,51075461,1.49007154547361
"24289","20074.16",24289,51075827,1.30078950612339
"24290","20074.16",24290,51076474,-0.708464110953098
"24291","20074.16",24291,51078271,0.212701945502712
"24292","20074.16",24292,51078285,-0.344385776144936
"24293","20074.16",24293,51078392,-0.270102556228674
"24294","20074.16",24294,51078650,-0.362887750767713
"24295","20074.16",24295,51078756,0.596660946434656
"24296","20074.16",24296,51079160,0.341142573956476
"24297","20074.16",24297,51079810,0.441343610948535
"24298","20074.16",24298,51080214,0.536051929742306
"24299","20074.16",24299,51083092,0.0697689697404327
"24300","20074.16",24300,51083980,0.0857546619441187
"24301","20074.16",24301,51084296,-0.502934668021664
"24302","20074.16",24302,51084325,1.09979704164895
"24303","20074.16",24303,51084705,0.0700529994607528
"24304","20074.16",24304,51085916,-0.121799452102561
"24305","20074.16",24305,51090102,0.480441362179
"24306","20074.16",24306,51093801,0.31872012201528
"24307","20074.16",24307,51098275,-0.0659082983988384
"24308","20074.16",24308,51098427,-0.0149944604588148
"24309","20074.16",24309,51098427,1.17821524358477
"24310","20074.16",24310,51104225,0.248163636445324
"24311","20074.16",24311,51105255,0.441652035062881
"24312","20074.16",24312,51105441,0.097985208577855
"24313","20074.16",24313,51106209,-0.186739925666545
"24314","20074.16",24314,51106859,-0.339122169801769
"24315","20074.16",24315,51106979,0.339185801790937
"24316","20074.16",24316,51108034,-0.188385306693112
"24317","20074.16",24317,51108237,0.155768739864824
"24318","20074.16",24318,51108301,-0.247860182328545
"24319","20074.16",24319,51109492,0.255466611368944
"24320","20074.16",24320,51109639,1.22011439698055
"24321","20074.16",24321,51110042,0.25005124605519
"24322","20074.16",24322,51110649,0.784437431628635
"24323","20074.16",24323,51110826,0.34391775861245
"24324","20074.16",24324,51113337,0.166298093284554
"24325","20074.16",24325,51113574,1.60072169219972
"24326","20074.16",24326,51114092,-0.0732530013327528
"24327","20074.16",24327,51114611,0.485927913987672
"24328","20074.16",24328,51115247,-0.340427059550496
"24329","20074.16",24329,51115366,-0.745307941320758
"24330","20074.16",24330,51118916,0.134824799884113
"24331","20074.16",24331,51124309,0.57065516723669
"24332","20074.16",24332,51124520,-0.177422246786491
"24333","20074.16",24333,51132132,0.178564906774305
"24334","20074.16",24334,51132971,0.0874584627552188
"24335","20074.16",24335,51133202,0.898993128644395
"24336","20074.16",24336,51133648,0.328268832631466
"24337","20074.16",24337,51134708,0.27436804726137
"24338","20074.16",24338,51135075,0.422738408033179
"24339","20074.16",24339,51135103,0.266272605243613
"24340","20074.16",24340,51135297,-0.301470674256048
"24341","20074.16",24341,51136007,0.468482812959633
"24342","20074.16",24342,51136400,-0.325122170626498
"24343","20074.16",24343,51136552,-0.0508325386412247
"24344","20074.16",24344,51136885,0.0654899769462807
"24345","20074.16",24345,51138255,0.00596994918331983
"24346","20074.16",24346,51139289,0.110596935527733
"24347","20074.16",24347,51139315,0.500377209698978
"24348","20074.16",24348,51141388,0.81074212503317
"24349","20074.16",24349,51141632,0.458438097368462
"24350","20074.16",24350,51141756,-0.125438758605251
"24351","20074.16",24351,51143073,-0.159668175790819
"24352","20074.16",24352,51149339,0.0540789335355489
"24353","20074.16",24353,51152334,-0.222614318386412
"24354","20074.16",24354,51154979,-1.21833541431475
"24355","20074.16",24355,51155043,-0.489670434765147
"24356","20074.16",24356,51155618,-0.269872347353374
"24357","20074.16",24357,51156984,-0.951119951419014
"24358","20074.16",24358,51159566,-1.00675251617409
"24359","20074.16",24359,51161299,0.953304714661832
"24360","20074.16",24360,51161738,-0.83136321377197
"24361","20074.16",24361,51162392,-1.34655240002235
"24362","20074.16",24362,51162605,-0.102951284155228
"24363","20074.16",24363,51164409,0.552277353034017
"24364","20074.16",24364,51165245,0.0750997842291321
"24365","20074.16",24365,51165510,0.150508861211313
"24366","20074.16",24366,51169864,0.900892827378285
"24367","20074.16",24367,51170347,-0.170432664454482
"24368","20074.16",24368,51171154,-1.59689280501813
"24369","20074.16",24369,51172677,0.326783365296714
"24370","20074.16",24370,51173559,0.405359101223994
"24371","20074.16",24371,51177113,-0.300497195839063
"24372","20074.16",24372,51177163,-0.34831123078541
"24373","20074.16",24373,51177646,-0.26837873190614
"24374","20074.16",24374,51178833,0.0263553696137411
"24375","20074.16",24375,51183222,0.459467886993971
"24376","20074.16",24376,51187916,0.106749455226558
"24377","20074.16",24377,51189472,-0.894780491384504
"24378","20074.16",24378,51192712,0.0948319263650577
"24379","20074.16",24379,51193340,-0.442314323839206
"24380","20074.16",24380,51197095,-0.0087683194440329
"24381","20074.16",24381,51197503,0.275759738805061
"24382","20074.16",24382,51197641,0.37492375204939
"24383","20074.16",24383,51198077,0.499052912552329
"24384","20074.16",24384,51201052,0.145323743066275
"24385","20074.16",24385,51201503,-0.0330076002894018
"24386","20074.16",24386,51204887,0.00974532250491222
"24387","20074.16",24387,51205759,0.296623059924097
"24388","20074.16",24388,51206060,-0.64606508329765
"24389","20074.16",24389,51208694,0.0623798470438963
"24390","20074.16",24390,51208892,-0.412531701199284
"24391","20074.16",24391,51211979,0.0526138542224066
"24392","20074.16",24392,51212154,0.421593693491164
"24393","20074.16",24393,51212226,-0.28989928334124
"24394","20074.16",24394,51218493,0.499903779901309
"24395","20074.16",24395,51218784,0.649032880067179
"24396","20074.16",24396,51221549,-0.50147745474455
"24397","20074.16",24397,51222939,-0.164212874174728
"24398","20074.16",24398,51224521,0.0232778946491159
"24399","20074.16",24399,51225621,0.0770197344992214
"24400","20074.16",24400,51225810,0.305853824663569
"24401","20074.16",24401,51226736,-0.441162034412515
"24402","20074.16",24402,51226770,0.0566596366323653
"24403","20074.16",24403,51229557,-0.54456930789323
"24404","20074.16",24404,51233483,-0.410719568153443
"24405","20074.16",24405,51234717,0.559282675084039
"24406","20074.16",24406,51235002,-0.249731353858365
"24407","20074.16",24407,51235807,-0.338870240011663
"24408","20074.16",24408,51235921,0.976815939158832
"24409","20074.16",24409,51236129,0.527400141026084
"24410","20074.16",24410,51237776,0.0114740681115215
"24411","20074.16",24411,51239417,0.0215261197769809
"24412","20074.16",24412,51239509,-0.243717446236169
"24413","20074.16",24413,51240399,-1.90775413810535
"24414","20074.16",24414,51243089,0.0074047881021686
"24415","20074.16",24415,51243626,-0.733191859498112
"24416","20074.16",24416,51244129,0.105194463584423
"24417","20074.16",24417,51245654,-0.753804102827192
"24418","20074.16",24418,51247436,-0.525334790850936
"24419","20074.16",24419,51248508,0.139477223623901
"24420","20074.16",24420,51248536,-0.245116656065038
"24421","20074.16",24421,51249469,-0.127035193116079
"24422","20074.16",24422,51252721,1.0061274637613
"24423","20074.16",24423,51258826,-0.138633324452694
"24424","20074.16",24424,51261438,-0.245730767399696
"24425","20074.16",24425,51264919,-0.391845663724061
"24426","20074.16",24426,51267446,-0.555252098016093
"24427","20074.16",24427,51269466,-0.107362499922689
"24428","20074.16",24428,51269494,0.276856484990977
"24429","20074.16",24429,51270727,-0.203279908762829
"24430","20074.16",24430,51279056,-1.14047692623246
"24431","20074.16",24431,51279553,0.233522216757152
"24432","20074.16",24432,51279775,-0.473091560069785
"24433","20074.16",24433,51279824,0.708977573221193
"24434","20074.16",24434,51280169,0.267513939145448
"24435","20074.16",24435,51280767,-1.76864222859255
"24436","20074.16",24436,51283391,-1.98541674783632
"24437","20074.16",24437,51289593,0.0345797610505851
"24438","20074.16",24438,51291030,0.567778869669554
"24439","20074.16",24439,51291371,0.287738248840532
"24440","20074.16",24440,51292242,0.335896228684775
"24441","20074.16",24441,51293472,-0.161038375904161
"24442","20074.16",24442,51294419,-0.149308381660313
"24443","20074.16",24443,51298335,-0.247751651018004
"24444","20074.16",24444,51299627,-1.23480905426284
"24445","20074.16",24445,51300012,0.0115338348818481
"24446","20074.16",24446,51305121,0.412259019862478
"24447","20074.16",24447,51305207,-0.154070783568821
"24448","20074.16",24448,51305695,-0.2756233917121
"24449","20074.16",24449,51306158,0.252338715254695
"24450","20074.16",24450,51306386,-0.742208850426515
"24451","20074.16",24451,51306980,0.143333541147716
"24452","20074.16",24452,51309872,-0.0914771441528179
"24453","20074.16",24453,51312248,-0.202557825894337
"24454","20074.16",24454,51312542,0.330548587834397
"24455","20074.16",24455,51313130,-0.288996509094204
"24456","20074.16",24456,51313374,0.409500657803497
"24457","20074.16",24457,51314404,-0.673486469873943
"24458","20074.16",24458,51317775,-0.215859388362412
"24459","20074.16",24459,51319986,0.45641566421962
"24460","20074.16",24460,51320672,0.840697062606135
"24461","20074.16",24461,51321561,-0.62026168619558
"24462","20074.16",24462,51324715,0.395547354465635
"24463","20074.16",24463,51325569,0.109497864013102
"24464","20074.16",24464,51327351,-0.408063341195219
"24465","20074.16",24465,51329685,0.0386887879978399
"24466","20074.16",24466,51329887,-0.0117845832377022
"24467","20074.16",24467,51332126,0.70938276841009
"24468","20074.16",24468,51333557,-0.793009935867907
"24469","20074.16",24469,51336569,0.236078357535782
"24470","20074.16",24470,51337611,-0.138976555629028
"24471","20074.16",24471,51337683,-0.0148001357368273
"24472","20074.16",24472,51337927,-0.000602800550771221
"24473","20074.16",24473,51337970,0.646165140655302
"24474","20074.16",24474,51338188,0.448114810530995
"24475","20074.16",24475,51338381,-0.3394683471783
"24476","20074.16",24476,51341328,-0.205336615419442
"24477","20074.16",24477,51341771,0.179556096044921
"24478","20074.16",24478,51342031,-0.361920884107864
"24479","20074.16",24479,51342973,-0.124313205593698
"24480","20074.16",24480,51344859,0.250545723352329
"24481","20074.16",24481,51346929,0.41575868386536
"24482","20074.16",24482,51347177,0.157392515323656
"24483","20074.16",24483,51347683,0.84196853942474
"24484","20074.16",24484,51347975,0.134006268137367
"24485","20074.16",24485,51351009,1.1760890874211
"24486","20074.16",24486,51351260,-0.0814274927862009
"24487","20074.16",24487,51352193,0.546353891017742
"24488","20074.16",24488,51352247,0.59395932672929
"24489","20074.16",24489,51356832,-0.860384512253465
"24490","20074.16",24490,51357210,1.05260068932618
"24491","20074.16",24491,51357286,-0.171331553850263
"24492","20074.16",24492,51357322,-0.146859749162124
"24493","20074.16",24493,51357482,0.121485193784716
"24494","20074.16",24494,51358247,-0.144434708830859
"24495","20074.16",24495,51358447,-0.201886473253534
"24496","20074.16",24496,51358689,-0.855787797564594
"24497","20074.16",24497,51359644,0.156026042922865
"24498","20074.16",24498,51361268,0.624915508948964
"24499","20074.16",24499,51361645,-1.19172549111599
"24500","20074.16",24500,51369429,-0.653081439707592
"24501","20074.16",24501,51370225,-0.405026966864979
"24502","20074.16",24502,51370241,-0.546210088599196
"24503","20074.16",24503,51372014,0.108856933769162
"24504","20074.16",24504,51372817,-0.528110794113496
"24505","20074.16",24505,51373048,0.722539820610769
"24506","20074.16",24506,51374018,-0.678481311462168
"24507","20074.16",24507,51374733,1.00470451887783
"24508","20074.16",24508,51377466,-0.619359581328997
"24509","20074.16",24509,51377700,1.02724590493851
"24510","20074.16",24510,51377911,0.726262051612012
"24511","20074.16",24511,51378261,-0.936765423481455
"24512","20074.16",24512,51379568,0.09950482835308
"24513","20074.16",24513,51380065,-0.362850435353957
"24514","20074.16",24514,51380241,0.377821655301983
"24515","20074.16",24515,51382296,0.193514386122356
"24516","20074.16",24516,51383030,0.42830753759532
"24517","20074.16",24517,51383208,1.01427028858043
"24518","20074.16",24518,51383661,-0.81513550709109
"24519","20074.16",24519,51385984,0.288481490965245
"24520","20074.16",24520,51386884,0.00510103053444055
"24521","20074.16",24521,51387048,0.038087498078526
"24522","20074.16",24522,51387837,0.47213848654382
"24523","20074.16",24523,51389029,0.524577746753065
"24524","20074.16",24524,51389350,-0.824489053786439
"24525","20074.16",24525,51389553,-0.929510284103714
"24526","20074.16",24526,51393200,-0.252109918778522
"24527","20074.16",24527,51394656,0.10180425169612
"24528","20074.16",24528,51398269,-0.652782614944682
"24529","20074.16",24529,51400263,-1.04177172276679
"24530","20074.16",24530,51401504,-0.473320462214981
"24531","20074.16",24531,51404737,0.76156034404635
"24532","20074.16",24532,51404937,-0.33664338752056
"24533","20074.16",24533,51408266,-1.16959940122953
"24534","20074.16",24534,51408734,-0.203695894848549
"24535","20074.16",24535,51408850,0.282724724354087
"24536","20074.16",24536,51409078,0.899415325716105
"24537","20074.16",24537,51410113,-0.781348278109025
"24538","20074.16",24538,51410330,-0.392842547966826
"24539","20074.16",24539,51416235,-0.198136454256894
"24540","20074.16",24540,51416326,0.0298025937827795
"24541","20074.16",24541,51416422,0.735171148928367
"24542","20074.16",24542,51416730,0.0951608705178728
"24543","20074.16",24543,51416842,0.241925240569091
"24544","20074.16",24544,51418013,0.748682830050934
"24545","20074.16",24545,51418409,-0.0697628979747495
"24546","20074.16",24546,51418833,0.228510866076325
"24547","20074.16",24547,51419165,0.0579258172523218
"24548","20074.16",24548,51419901,0.00120476796079938
"24549","20074.16",24549,51420145,-1.25359403888301
"24550","20074.16",24550,51422254,0.470873528920712
"24551","20074.16",24551,51422281,0.661995702780893
"24552","20074.16",24552,51422686,0.366706997694428
"24553","20074.16",24553,51422750,-0.678955776686611
"24554","20074.16",24554,51425599,-0.284135618300723
"24555","20074.16",24555,51426808,-0.519730980765564
"24556","20074.16",24556,51428814,0.175168208805201
"24557","20074.16",24557,51428947,1.08465379063759
"24558","20074.16",24558,51429974,-1.00837275118365
"24559","20074.16",24559,51432498,-0.230948715460981
"24560","20074.16",24560,51432713,-0.0136767916934728
"24561","20074.16",24561,51433638,-0.604384531300634
"24562","20074.16",24562,51433844,-0.066471638101615
"24563","20074.16",24563,51434373,0.116677704329533
"24564","20074.16",24564,51434807,-1.33350423083575
"24565","20074.16",24565,51435951,-1.05657020476316
"24566","20074.16",24566,51439692,0.677613860886122
"24567","20074.16",24567,51441559,0.578103008090571
"24568","20074.16",24568,51443975,-0.530843703910335
"24569","20074.16",24569,51446020,-0.0918215053700298
"24570","20074.16",24570,51446083,0.828645090044085
"24571","20074.16",24571,51446763,0.5234550645561
"24572","20074.16",24572,51448933,0.432766470944215
"24573","20074.16",24573,51449008,-0.487551539014549
"24574","20074.16",24574,51449451,-0.170631965221366
"24575","20074.16",24575,51449543,-0.0221623459619051
"24576","20074.16",24576,51451482,-0.495542748008257
"24577","20074.16",24577,51451518,-0.25949408222752
"24578","20074.16",24578,51452565,-0.238745335718519
"24579","20074.16",24579,51453905,0.27459343067127
"24580","20074.16",24580,51454123,0.106547935430433
"24581","20074.16",24581,51456999,0.110522735742848
"24582","20074.16",24582,51457948,-0.735631978596271
"24583","20074.16",24583,51458290,0.064387566817171
"24584","20074.16",24584,51460315,-1.32551765074045
"24585","20074.16",24585,51461663,-0.287353021698753
"24586","20074.16",24586,51463710,0.11783753392695
"24587","20074.16",24587,51464820,0.118896282986488
"24588","20074.16",24588,51466372,0.0143231522028993
"24589","20074.16",24589,51466548,-0.569731797098577
"24590","20074.16",24590,51466956,0.0208396119073155
"24591","20074.16",24591,51468005,0.0349906039182484
"24592","20074.16",24592,51468892,0.8058430333905
"24593","20074.16",24593,51469209,0.246997060383374
"24594","20074.16",24594,51469346,0.411469024781062
"24595","20074.16",24595,51471432,0.737320062455233
"24596","20074.16",24596,51472130,-0.685554066608751
"24597","20074.16",24597,51472512,0.244288908255329
"24598","20074.16",24598,51472572,-0.904921644131464
"24599","20074.16",24599,51475186,-0.0288213933403458
"24600","20074.16",24600,51477995,0.499976113889818
"24601","20074.16",24601,51478953,0.241808678877377
"24602","20074.16",24602,51479113,-0.530876955148929
"24603","20074.16",24603,51479551,-0.546864307818262
"24604","20074.16",24604,51479949,0.161099592905386
"24605","20074.16",24605,51481400,0.225029982472576
"24606","20074.16",24606,51486540,0.775428410356407
"24607","20074.16",24607,51489377,-0.419888749659047
"24608","20074.16",24608,51493551,-0.124019001143655
"24609","20074.16",24609,51494856,0.258994658484217
"24610","20074.16",24610,51495009,0.20187455624438
"24611","20074.16",24611,51495068,0.62707452960519
"24612","20074.16",24612,51495742,0.444202159481926
"24613","20074.16",24613,51495797,0.551955923085882
"24614","20074.16",24614,51497459,0.235866112307241
"24615","20074.16",24615,51498016,0.282771804841729
"24616","20074.16",24616,51498426,-0.585646461695497
"24617","20074.16",24617,51499023,0.445954711222538
"24618","20074.16",24618,51499207,0.0958097829971685
"24619","20074.16",24619,51499330,1.12208463567793
"24620","20074.16",24620,51502326,0.124684204215677
"24621","20074.16",24621,51502669,-0.362007588503874
"24622","20074.16",24622,51505624,-0.4144545218986
"24623","20074.16",24623,51506561,-0.125334068946468
"24624","20074.16",24624,51506745,1.18687287951455
"24625","20074.16",24625,51509796,-0.195484771302683
"24626","20074.16",24626,51512922,-0.0251465723157018
"24627","20074.16",24627,51517711,1.1950521730232
"24628","20074.16",24628,51517820,0.298091453087078
"24629","20074.16",24629,51518183,0.662489617872505
"24630","20074.16",24630,51519471,-0.162582695039284
"24631","20074.16",24631,51526617,0.520234405791334
"24632","20074.16",24632,51527320,-0.204527548332117
"24633","20074.16",24633,51527499,-0.0159633537462662
"24634","20074.16",24634,51531068,-0.923854090515704
"24635","20074.16",24635,51531732,0.687119513237316
"24636","20074.16",24636,51531839,0.0751437079601942
"24637","20074.16",24637,51533835,1.01357044846332
"24638","20074.16",24638,51534433,-0.22011382022068
"24639","20074.16",24639,51535063,0.211707017357468
"24640","20074.16",24640,51536035,-0.71994519660313
"24641","20074.16",24641,51536056,0.439521658966453
"24642","20074.16",24642,51538763,0.361801576415805
"24643","20074.16",24643,51539762,0.0427339540817941
"24644","20074.16",24644,51540509,-0.128923625846221
"24645","20074.16",24645,51540536,0.268437424973343
"24646","20074.16",24646,51540721,0.292904851850344
"24647","20074.16",24647,51540747,-0.0805693444185165
"24648","20074.16",24648,51541397,-0.0246640596898482
"24649","20074.16",24649,51542519,0.340456214822576
"24650","20074.16",24650,51543862,-0.64318729521546
"24651","20074.16",24651,51544726,-0.0877960744836415
"24652","20074.16",24652,51545245,0.578500541482678
"24653","20074.16",24653,51545778,0.434467659410408
"24654","20074.16",24654,51548210,-0.82826697404364
"24655","20074.16",24655,51549926,-0.819245062916673
"24656","20074.16",24656,51550159,0.921856267537247
"24657","20074.16",24657,51556259,-0.376800747172113
"24658","20074.16",24658,51557158,-1.08446866363742
"24659","20074.16",24659,51557244,0.818131702930837
"24660","20074.16",24660,51558239,0.603056084898717
"24661","20074.16",24661,51558328,0.0356869151435379
"24662","20074.16",24662,51558491,0.0222945430179822
"24663","20074.16",24663,51558717,1.06074168342735
"24664","20074.16",24664,51561555,-0.154105401176381
"24665","20074.16",24665,51561672,0.0839518925059997
"24666","20074.16",24666,51561950,-0.51862727371301
"24667","20074.16",24667,51564377,-0.648404500127254
"24668","20074.16",24668,51566155,-0.617928660154102
"24669","20074.16",24669,51566369,0.073132566957276
"24670","20074.16",24670,51566809,-1.04666846161973
"24671","20074.16",24671,51567019,-0.392668143189085
"24672","20074.16",24672,51572790,0.40616958046098
"24673","20074.16",24673,51575723,0.172451566919171
"24674","20074.16",24674,51576738,-0.556822067560483
"24675","20074.16",24675,51577314,0.833868402830988
"24676","20074.16",24676,51579060,-0.0464417132543709
"24677","20074.16",24677,51585667,-0.0677210219451236
"24678","20074.16",24678,51587388,0.627028208638813
"24679","20074.16",24679,51588062,0.244756559758136
"24680","20074.16",24680,51589315,-0.0215510366600391
"24681","20074.16",24681,51589991,0.389216408740631
"24682","20074.16",24682,51590758,-0.1929963782274
"24683","20074.16",24683,51591031,0.811232537889306
"24684","20074.16",24684,51592634,-0.97172770499019
"24685","20074.16",24685,51593023,0.859981817081143
"24686","20074.16",24686,51593364,-0.351918704443913
"24687","20074.16",24687,51594190,0.056494452100412
"24688","20074.16",24688,51596012,-0.970997086094865
"24689","20074.16",24689,51596669,0.0916046617020445
"24690","20074.16",24690,51597037,0.402110942214887
"24691","20074.16",24691,51597218,0.330392328914983
"24692","20074.16",24692,51597370,-0.131732681356196
"24693","20074.16",24693,51598869,0.71038357127093
"24694","20074.16",24694,51599260,0.0835679499992059
"24695","20074.16",24695,51600510,0.72849716963933
"24696","20074.16",24696,51600583,-0.695158158613172
"24697","20074.16",24697,51602445,0.0434896513887599
"24698","20074.16",24698,51604634,-0.0266620711050605
"24699","20074.16",24699,51605080,0.299230088754777
"24700","20074.16",24700,51605142,0.78596314631818
"24701","20074.16",24701,51608201,-0.20343233143197
"24702","20074.16",24702,51609947,-0.0240577800263875
"24703","20074.16",24703,51610561,0.487177078106341
"24704","20074.16",24704,51610718,0.103982659082678
"24705","20074.16",24705,51610785,0.134566237301432
"24706","20074.16",24706,51611098,0.515470254583783
"24707","20074.16",24707,51611800,-0.576473199693377
"24708","20074.16",24708,51612225,0.269738609116886
"24709","20074.16",24709,51612424,0.736580559766543
"24710","20074.16",24710,51612547,-0.337606874446113
"24711","20074.16",24711,51618228,-0.010149791812375
"24712","20074.16",24712,51618320,-0.251878706282744
"24713","20074.16",24713,51619499,-0.0162143158884431
"24714","20074.16",24714,51620225,0.029524929635695
"24715","20074.16",24715,51621738,0.840869824463812
"24716","20074.16",24716,51622980,0.347425974308499
"24717","20074.16",24717,51623372,0.0118727833321399
"24718","20074.16",24718,51623435,0.53438654209435
"24719","20074.16",24719,51623596,0.428046454083355
"24720","20074.16",24720,51624231,0.285536363281378
"24721","20074.16",24721,51625173,0.377878949022294
"24722","20074.16",24722,51626256,-0.42764279834189
"24723","20074.16",24723,51629357,-0.801045836353077
"24724","20074.16",24724,51629593,-0.846516705110107
"24725","20074.16",24725,51629638,-0.710785284162043
"24726","20074.16",24726,51631153,-0.280833711024063
"24727","20074.16",24727,51633128,-0.0561162574438088
"24728","20074.16",24728,51636564,-0.0295044002227041
"24729","20074.16",24729,51636738,-1.712178805383
"24730","20074.16",24730,51637507,0.229391026783009
"24731","20074.16",24731,51639080,-0.63046130669039
"24732","20074.16",24732,51640078,0.203033921597807
"24733","20074.16",24733,51640910,-0.626334971147984
"24734","20074.16",24734,51641420,-0.312749326225072
"24735","20074.16",24735,51648307,0.302545926537593
"24736","20074.16",24736,51655079,0.195360707145648
"24737","20074.16",24737,51656336,0.206803409573016
"24738","20074.16",24738,51656556,0.602606567779728
"24739","20074.16",24739,51658183,0.359965644948347
"24740","20074.16",24740,51665281,0.676183573710042
"24741","20074.16",24741,51665326,-0.740961543344393
"24742","20074.16",24742,51665364,-0.0768199202576172
"24743","20074.16",24743,51665844,-0.484389733129486
"24744","20074.16",24744,51666146,0.0529835445453646
"24745","20074.16",24745,51666246,0.616377675670686
"24746","20074.16",24746,51666962,-0.778594262760717
"24747","20074.16",24747,51667916,-0.0198634981838124
"24748","20074.16",24748,51668195,0.0787182646581233
"24749","20074.16",24749,51672111,0.1578146657811
"24750","20074.16",24750,51675727,-0.655367699039139
"24751","20074.16",24751,51675791,-1.12908518026601
"24752","20074.16",24752,51676239,-0.97227878543722
"24753","20074.16",24753,51676301,-0.0284586051733484
"24754","20074.16",24754,51677164,-0.0721112698056086
"24755","20074.16",24755,51678263,-0.196262133040208
"24756","20074.16",24756,51678560,-1.04443365362423
"24757","20074.16",24757,51678773,-1.30819888104897
"24758","20074.16",24758,51681120,0.097965543023892
"24759","20074.16",24759,51683901,0.0452276436737087
"24760","20074.16",24760,51684006,-0.0477280607317327
"24761","20074.16",24761,51685714,0.325434829793292
"24762","20074.16",24762,51689286,0.448008592594548
"24763","20074.16",24763,51689927,-0.205851388138416
"24764","20074.16",24764,51691930,-0.388815418972682
"24765","20074.16",24765,51692827,-0.306246078952458
"24766","20074.16",24766,51693011,0.281959283136101
"24767","20074.16",24767,51693036,0.272943478726721
"24768","20074.16",24768,51695052,-0.0693194648670428
"24769","20074.16",24769,51698430,-0.489158203366338
"24770","20074.16",24770,51698586,0.890042591373974
"24771","20074.16",24771,51699066,0.14730232748441
"24772","20074.16",24772,51699693,0.0517765237443442
"24773","20074.16",24773,51704452,0.509602021072836
"24774","20074.16",24774,51705337,-0.148877297331848
"24775","20074.16",24775,51706674,0.109870412315685
"24776","20074.16",24776,51707149,-0.436352533790588
"24777","20074.16",24777,51710306,-0.327695465415519
"24778","20074.16",24778,51712223,0.213398161957877
"24779","20074.16",24779,51714901,0.000619377573743307
"24780","20074.16",24780,51715477,0.0534818107851329
"24781","20074.16",24781,51717564,-0.299402429778303
"24782","20074.16",24782,51718551,0.259916888855437
"24783","20074.16",24783,51718705,0.351344419857903
"24784","20074.16",24784,51720297,1.41625296467385
"24785","20074.16",24785,51720399,-0.482702349430043
"24786","20074.16",24786,51720441,0.881173439423013
"24787","20074.16",24787,51721462,0.565348255827586
"24788","20074.16",24788,51723945,-1.05096563012016
"24789","20074.16",24789,51725642,0.277562796136844
"24790","20074.16",24790,51726204,0.0170283600968926
"24791","20074.16",24791,51727128,-0.497718484336633
"24792","20074.16",24792,51730765,-0.0646745216974507
"24793","20074.16",24793,51731066,-0.198757582266432
"24794","20074.16",24794,51732055,-0.557339900460793
"24795","20074.16",24795,51734008,0.508552132164758
"24796","20074.16",24796,51734046,0.582013371435351
"24797","20074.16",24797,51734275,-0.0596709585657313
"24798","20074.16",24798,51736528,-0.423916022705928
"24799","20074.16",24799,51736785,-0.103945349298394
"24800","20074.16",24800,51737007,0.271413479452398
"24801","20074.16",24801,51737292,0.0302786172831899
"24802","20074.16",24802,51740595,-0.0139246261572517
"24803","20074.16",24803,51740669,-0.0564436831823745
"24804","20074.16",24804,51741141,0.298629734831917
"24805","20074.16",24805,51741328,0.156385747044632
"24806","20074.16",24806,51741545,0.222974322085985
"24807","20074.16",24807,51743055,-0.00603028756113311
"24808","20074.16",24808,51743450,0.37936860341194
"24809","20074.16",24809,51743621,-0.379845685517325
"24810","20074.16",24810,51745844,1.2029637092582
"24811","20074.16",24811,51746644,-0.822972849909398
"24812","20074.16",24812,51747817,0.245987850406553
"24813","20074.16",24813,51748235,-0.233503990154246
"24814","20074.16",24814,51748949,0.355626745607849
"24815","20074.16",24815,51752051,0.570577875339143
"24816","20074.16",24816,51752251,0.681616467203177
"24817","20074.16",24817,51753393,-0.282425792150418
"24818","20074.16",24818,51753585,0.218270371570078
"24819","20074.16",24819,51753958,-0.452825964552811
"24820","20074.16",24820,51759150,-0.00578186793857149
"24821","20074.16",24821,51759784,-0.187874498676192
"24822","20074.16",24822,51760231,0.778614770937271
"24823","20074.16",24823,51761361,-0.771827445238979
"24824","20074.16",24824,51761571,-0.190586433090032
"24825","20074.16",24825,51761599,0.151626277978052
"24826","20074.16",24826,51761742,0.205276302452565
"24827","20074.16",24827,51761890,-0.282486954707943
"24828","20074.16",24828,51762060,0.229715653202031
"24829","20074.16",24829,51768729,-0.701394027310246
"24830","20074.16",24830,51771624,-0.0270773312455379
"24831","20074.16",24831,51772462,0.429155206332624
"24832","20074.16",24832,51773126,0.0918068391420688
"24833","20074.16",24833,51773229,0.00997180402084297
"24834","20074.16",24834,51774111,0.833072466538899
"24835","20074.16",24835,51774310,0.37558184979813
"24836","20074.16",24836,51774450,-1.21301630913412
"24837","20074.16",24837,51774837,0.163503556141086
"24838","20074.16",24838,51775240,0.36351312949621
"24839","20074.16",24839,51779840,-0.531868538755507
"24840","20074.16",24840,51781753,0.465437837755114
"24841","20074.16",24841,51782958,-0.0669613796688955
"24842","20074.16",24842,51783289,-0.230596084046935
"24843","20074.16",24843,51783551,0.694157361197353
"24844","20074.16",24844,51783981,0.0075850205677872
"24845","20074.16",24845,51784241,-0.26655135230472
"24846","20074.16",24846,51784308,0.271023417783723
"24847","20074.16",24847,51784373,-0.207971165330633
"24848","20074.16",24848,51784487,-0.0329862419059195
"24849","20074.16",24849,51786217,-0.342894314205025
"24850","20074.16",24850,51787227,0.386595709148691
"24851","20074.16",24851,51787493,-0.588810377034305
"24852","20074.16",24852,51789452,1.30068084609015
"24853","20074.16",24853,51790634,-0.219224079193402
"24854","20074.16",24854,51790847,-1.09068325115943
"24855","20074.16",24855,51798736,1.18438112339944
"24856","20074.16",24856,51801830,0.315021754395725
"24857","20074.16",24857,51802006,0.00325840879437678
"24858","20074.16",24858,51802113,-0.195200267145801
"24859","20074.16",24859,51802442,-1.6939446824888
"24860","20074.16",24860,51803225,0.875041616750388
"24861","20074.16",24861,51803241,0.285198385982723
"24862","20074.16",24862,51803430,0.342663771206241
"24863","20074.16",24863,51803628,0.482045326958489
"24864","20074.16",24864,51805856,-0.0292785259576407
"24865","20074.16",24865,51807819,-0.917999262117935
"24866","20074.16",24866,51816051,-0.0331446313490851
"24867","20074.16",24867,51817510,0.618532623661964
"24868","20074.16",24868,51817743,-0.775649612604598
"24869","20074.16",24869,51818922,-0.496940240443049
"24870","20074.16",24870,51820823,-0.511728237259946
"24871","20074.16",24871,51820898,0.262016811962074
"24872","20074.16",24872,51820998,0.0633158818952841
"24873","20074.16",24873,51821621,0.525034715756077
"24874","20074.16",24874,51825775,-0.0141073054067933
"24875","20074.16",24875,51826258,0.569394488869182
"24876","20074.16",24876,51827651,-1.22031307337361
"24877","20074.16",24877,51828960,0.61146103399146
"24878","20074.16",24878,51829372,-0.425689116867018
"24879","20074.16",24879,51830602,-1.00867006948017
"24880","20074.16",24880,51833191,-0.137377956059387
"24881","20074.16",24881,51838691,0.167375551037543
"24882","20074.16",24882,51838890,0.044934187579206
"24883","20074.16",24883,51839346,0.0849587172329338
"24884","20074.16",24884,51839668,-1.35004020468054
"24885","20074.16",24885,51839711,-0.161002564516416
"24886","20074.16",24886,51841893,-0.390146091913229
"24887","20074.16",24887,51846552,-0.435057396308825
"24888","20074.16",24888,51846668,0.177982378767838
"24889","20074.16",24889,51847798,-0.3322585503228
"24890","20074.16",24890,51848382,1.41876775393293
"24891","20074.16",24891,51848795,0.164588373525408
"24892","20074.16",24892,51855425,0.140475885402234
"24893","20074.16",24893,51855720,-0.880902930050788
"24894","20074.16",24894,51855854,0.0581851130650115
"24895","20074.16",24895,51856339,0.272520332044663
"24896","20074.16",24896,51856351,0.386267707174141
"24897","20074.16",24897,51857297,-0.518422108886806
"24898","20074.16",24898,51857456,0.359341362499005
"24899","20074.16",24899,51860469,-0.501690947802712
"24900","20074.16",24900,51860725,-0.483720754248522
"24901","20074.16",24901,51865851,0.128193033675169
"24902","20074.16",24902,51865908,-0.216894900517884
"24903","20074.16",24903,51869425,0.43459418089292
"24904","20074.16",24904,51871069,0.0760707653452393
"24905","20074.16",24905,51871679,-0.0613552662836838
"24906","20074.16",24906,51878423,0.100998484013596
"24907","20074.16",24907,51878553,0.577606426153811
"24908","20074.16",24908,51878565,0.342360723396925
"24909","20074.16",24909,51878661,0.0834236487721478
"24910","20074.16",24910,51879007,0.547329606978862
"24911","20074.16",24911,51880689,-0.293639382494704
"24912","20074.16",24912,51881766,0.296710936829078
"24913","20074.16",24913,51883388,0.092338109938665
"24914","20074.16",24914,51883485,-0.287926611175963
"24915","20074.16",24915,51883612,0.820621237165823
"24916","20074.16",24916,51883683,0.352841187926882
"24917","20074.16",24917,51884320,0.0809126028364595
"24918","20074.16",24918,51884384,-0.221739938235347
"24919","20074.16",24919,51888737,0.0759073714272489
"24920","20074.16",24920,51889698,0.430782591598731
"24921","20074.16",24921,51891382,1.27912564532823
"24922","20074.16",24922,51892130,0.18132235732908
"24923","20074.16",24923,51892188,0.8183429908532
"24924","20074.16",24924,51893470,-1.76769444683866
"24925","20074.16",24925,51894293,0.302817660843556
"24926","20074.16",24926,51895625,-0.80913906847001
"24927","20074.16",24927,51896853,0.355132692142676
"24928","20074.16",24928,51897472,0.301487654848391
"24929","20074.16",24929,51897790,0.289837619822916
"24930","20074.16",24930,51898604,0.829106324237853
"24931","20074.16",24931,51899241,0.068753622719762
"24932","20074.16",24932,51899804,0.735447288236549
"24933","20074.16",24933,51899860,0.432665313631904
"24934","20074.16",24934,51900460,0.229747142975407
"24935","20074.16",24935,51900480,0.295233680636035
"24936","20074.16",24936,51900872,-0.40478622885235
"24937","20074.16",24937,51903470,0.858290932834417
"24938","20074.16",24938,51903866,0.962216666926158
"24939","20074.16",24939,51904166,-0.173391671113867
"24940","20074.16",24940,51906344,0.483137729489308
"24941","20074.16",24941,51907043,0.0937419724282682
"24942","20074.16",24942,51907109,-0.42115761143495
"24943","20074.16",24943,51908294,0.515574234961927
"24944","20074.16",24944,51908690,-0.525692827022769
"24945","20074.16",24945,51910931,0.615607151988843
"24946","20074.16",24946,51913847,0.496502324967165
"24947","20074.16",24947,51914647,0.439928853049513
"24948","20074.16",24948,51919896,-0.9814622729124
"24949","20074.16",24949,51921642,-0.82190446211112
"24950","20074.16",24950,51921894,-0.121980560561581
"24951","20074.16",24951,51921951,1.35700574511917
"24952","20074.16",24952,51922608,-0.769523846163276
"24953","20074.16",24953,51927972,0.200699592836192
"24954","20074.16",24954,51928372,-0.306408015246888
"24955","20074.16",24955,51929249,0.197118403562043
"24956","20074.16",24956,51931212,-0.621911352953632
"24957","20074.16",24957,51933855,0.782902047725988
"24958","20074.16",24958,51934544,0.144992760892403
"24959","20074.16",24959,51935015,-0.0282806643253624
"24960","20074.16",24960,51935342,0.0735703209589404
"24961","20074.16",24961,51938565,-0.380342773293211
"24962","20074.16",24962,51941101,-0.334748910453746
"24963","20074.16",24963,51943296,-0.161898434972077
"24964","20074.16",24964,51943377,-0.341221514080225
"24965","20074.16",24965,51943854,-0.0432793879855753
"24966","20074.16",24966,51943938,-0.414782861266396
"24967","20074.16",24967,51944062,0.426183418487011
"24968","20074.16",24968,51946265,-0.831800319643822
"24969","20074.16",24969,51946938,-0.917504968346652
"24970","20074.16",24970,51946938,0.357448911863586
"24971","20074.16",24971,51948682,0.112319833855202
"24972","20074.16",24972,51949279,0.113726656757711
"24973","20074.16",24973,51949366,0.167853001893107
"24974","20074.16",24974,51950725,0.467882608589824
"24975","20074.16",24975,51954577,-0.124708144109052
"24976","20074.16",24976,51955213,0.60337565702888
"24977","20074.16",24977,51955279,0.121471505663862
"24978","20074.16",24978,51955365,-0.497970024865644
"24979","20074.16",24979,51956203,0.86136585246594
"24980","20074.16",24980,51957682,-0.0186571514662681
"24981","20074.16",24981,51957708,-0.0921540465027064
"24982","20074.16",24982,51959612,0.534964994507306
"24983","20074.16",24983,51959823,0.758854159338678
"24984","20074.16",24984,51959956,0.622150694163703
"24985","20074.16",24985,51962957,0.430100751483583
"24986","20074.16",24986,51964664,-0.205206390976066
"24987","20074.16",24987,51967320,0.53231214514527
"24988","20074.16",24988,51969447,-0.125568631605081
"24989","20074.16",24989,51970174,0.0880740377363374
"24990","20074.16",24990,51970385,0.825661037536029
"24991","20074.16",24991,51970565,0.429663529570166
"24992","20074.16",24992,51970766,-0.0415121303470229
"24993","20074.16",24993,51971234,0.358290197864545
"24994","20074.16",24994,51971253,-0.297243499835783
"24995","20074.16",24995,51973021,0.565067739020722
"24996","20074.16",24996,51973325,0.314012074313166
"24997","20074.16",24997,51973770,0.736530253475114
"24998","20074.16",24998,51973878,-0.569269823647269
"24999","20074.16",24999,51974890,-0.117943582179959
"25000","20074.16",25000,51975141,-0.24616556113738
"25001","20074.16",25001,51977025,0.194040887908015
"25002","20074.16",25002,51978190,0.368778641838603
"25003","20074.16",25003,51982351,0.622291246629083
"25004","20074.16",25004,51982602,-0.00877852769251763
"25005","20074.16",25005,51983177,-0.945060820726472
"25006","20074.16",25006,51984117,1.0360562298592
"25007","20074.16",25007,51984146,0.57390862332455
"25008","20074.16",25008,51985241,0.409535073770354
"25009","20074.16",25009,51992615,0.099506413106699
"25010","20074.16",25010,51993069,0.585072889764674
"25011","20074.16",25011,51993176,-0.201796244789726
"25012","20074.16",25012,51993381,0.737051243516732
"25013","20074.16",25013,51993405,0.7336695918104
"25014","20074.16",25014,51995620,-0.430025017997247
"25015","20074.16",25015,51995833,0.367166560923986
"25016","20074.16",25016,51995864,-0.661433040350966
"25017","20074.16",25017,51996051,0.0984869364999863
"25018","20074.16",25018,51996254,-0.0657735891275992
"25019","20074.16",25019,51997540,0.49774707859642
"25020","20074.16",25020,51997580,-0.0325409529163583
"25021","20074.16",25021,52000686,0.259208476369429
"25022","20074.16",25022,52000773,0.161203566546544
"25023","20074.16",25023,52001113,-0.849231961272245
"25024","20074.16",25024,52003191,0.364885364547846
"25025","20074.16",25025,52004034,-0.0464371064662146
"25026","20074.16",25026,52009073,0.172737519672736
"25027","20074.16",25027,52009664,0.27564747649745
"25028","20074.16",25028,52011105,0.0181407671823974
"25029","20074.16",25029,52013232,0.11648798004759
"25030","20074.16",25030,52014255,0.451130327083171
"25031","20074.16",25031,52015010,0.151437896173886
"25032","20074.16",25032,52015888,-1.47179074008374
"25033","20074.16",25033,52017250,0.21574945615418
"25034","20074.16",25034,52017480,0.474228018079775
"25035","20074.16",25035,52017495,0.400474229857303
"25036","20074.16",25036,52017630,0.568272082451483
"25037","20074.16",25037,52019850,-0.983495359876312
"25038","20074.16",25038,52019886,-0.207788932073926
"25039","20074.16",25039,52026087,-0.490593866147634
"25040","20074.16",25040,52027367,-0.217268942913911
"25041","20074.16",25041,52027915,0.0114867308610931
"25042","20074.16",25042,52032695,-0.324481017218512
"25043","20074.16",25043,52033613,-0.536574054423935
"25044","20074.16",25044,52033793,0.631401277041532
"25045","20074.16",25045,52035277,-0.344392765176253
"25046","20074.16",25046,52035290,0.138504403612984
"25047","20074.16",25047,52035615,-1.13657946608238
"25048","20074.16",25048,52037601,-0.0147209692065227
"25049","20074.16",25049,52038294,-0.256592774411321
"25050","20074.16",25050,52041009,-1.07341076291965
"25051","20074.16",25051,52048883,0.478407021105576
"25052","20074.16",25052,52054810,-0.20073094208863
"25053","20074.16",25053,52056453,-0.365736359713348
"25054","20074.16",25054,52056757,0.53973823443969
"25055","20074.16",25055,52057296,-0.600759007167984
"25056","20074.16",25056,52057418,-0.339890036200173
"25057","20074.16",25057,52057889,0.393322886802911
"25058","20074.16",25058,52058378,-0.424669081205356
"25059","20074.16",25059,52060160,0.641843131081967
"25060","20074.16",25060,52062217,-0.017518779715604
"25061","20074.16",25061,52062259,0.847750579052371
"25062","20074.16",25062,52063940,0.834146830932874
"25063","20074.16",25063,52064194,-0.58108702368087
"25064","20074.16",25064,52064517,0.344879408763478
"25065","20074.16",25065,52065066,0.378398246741734
"25066","20074.16",25066,52070342,0.196954389518876
"25067","20074.16",25067,52070778,-0.979437063066769
"25068","20074.16",25068,52072519,-0.437020957881517
"25069","20074.16",25069,52072589,-0.332060355690738
"25070","20074.16",25070,52078105,-0.416625564327618
"25071","20074.16",25071,52079361,-0.527099276125162
"25072","20074.16",25072,52080944,0.377624555051344
"25073","20074.16",25073,52081449,0.820835306694701
"25074","20074.16",25074,52081565,-0.579635926284815
"25075","20074.16",25075,52083691,-0.144759803564003
"25076","20074.16",25076,52084350,0.168364465904997
"25077","20074.16",25077,52084422,1.12268743956387
"25078","20074.16",25078,52084917,-0.0520705744626229
"25079","20074.16",25079,52085437,-0.333734639118241
"25080","20074.16",25080,52085593,0.344640799565119
"25081","20074.16",25081,52093549,-0.192163596651698
"25082","20074.16",25082,52094966,-0.348918341930443
"25083","20074.16",25083,52095111,0.311545191048427
"25084","20074.16",25084,52096301,0.226617414735447
"25085","20074.16",25085,52096418,0.330716417017384
"25086","20074.16",25086,52098138,0.272444707165616
"25087","20074.16",25087,52098146,-0.0698381198535749
"25088","20074.16",25088,52098808,-0.377121620388212
"25089","20074.16",25089,52101555,-0.40820583649493
"25090","20074.16",25090,52101611,-0.131914282571826
"25091","20074.16",25091,52102476,-0.41907188957568
"25092","20074.16",25092,52102937,0.144748562239077
"25093","20074.16",25093,52105988,0.336961888681585
"25094","20074.16",25094,52106298,0.376410573940402
"25095","20074.16",25095,52107849,0.149448586127346
"25096","20074.16",25096,52107991,0.0586177408067892
"25097","20074.16",25097,52112182,-0.66920154056024
"25098","20074.16",25098,52112312,-0.643357327535415
"25099","20074.16",25099,52114146,0.237568066359209
"25100","20074.16",25100,52114791,0.28950023033958
"25101","20074.16",25101,52116781,0.369258415868692
"25102","20074.16",25102,52117062,-0.226079304488576
"25103","20074.16",25103,52117653,-0.541743265871585
"25104","20074.16",25104,52118454,-0.0566163148004621
"25105","20074.16",25105,52120369,0.386689192927647
"25106","20074.16",25106,52122499,0.837963567374552
"25107","20074.16",25107,52122544,-0.446965511123743
"25108","20074.16",25108,52122820,0.432123787375276
"25109","20074.16",25109,52123532,-1.03892702984775
"25110","20074.16",25110,52123610,0.169662125686306
"25111","20074.16",25111,52126477,-0.432223720143864
"25112","20074.16",25112,52126673,-0.118968347903767
"25113","20074.16",25113,52127014,0.824603643968815
"25114","20074.16",25114,52127125,0.265564230094463
"25115","20074.16",25115,52127231,-0.205208173321775
"25116","20074.16",25116,52128065,0.400282031078659
"25117","20074.16",25117,52128385,0.0458630747791497
"25118","20074.16",25118,52128671,0.84050079986876
"25119","20074.16",25119,52130521,-0.330062748705798
"25120","20074.16",25120,52131963,-0.184783170147955
"25121","20074.16",25121,52134753,0.361108992847165
"25122","20074.16",25122,52137668,0.259810374147457
"25123","20074.16",25123,52137796,0.795325141869426
"25124","20074.16",25124,52138964,0.295927960508707
"25125","20074.16",25125,52140043,-0.136358137465402
"25126","20074.16",25126,52140941,-0.340996795882324
"25127","20074.16",25127,52141028,0.44245673516495
"25128","20074.16",25128,52141157,0.134451693122291
"25129","20074.16",25129,52142193,0.911947838812693
"25130","20074.16",25130,52142338,0.0551075854858958
"25131","20074.16",25131,52142577,-0.918627744205759
"25132","20074.16",25132,52143206,-0.49527528224545
"25133","20074.16",25133,52147066,0.390254364269802
"25134","20074.16",25134,52147692,0.330485234274588
"25135","20074.16",25135,52150919,-0.597012691940517
"25136","20074.16",25136,52151258,-0.288059922774938
"25137","20074.16",25137,52151581,-0.145544087303318
"25138","20074.16",25138,52163831,0.635578213030768
"25139","20074.16",25139,52164457,-0.545352972629403
"25140","20074.16",25140,52164830,0.443465591772639
"25141","20074.16",25141,52168655,-0.0696721173263475
"25142","20074.16",25142,52171212,-0.156121165079454
"25143","20074.16",25143,52171930,0.541077000834828
"25144","20074.16",25144,52172190,0.257961566530857
"25145","20074.16",25145,52173085,-0.721737361966897
"25146","20074.16",25146,52174666,-0.325758945171926
"25147","20074.16",25147,52175446,0.143369388712996
"25148","20074.16",25148,52176191,0.263702325650958
"25149","20074.16",25149,52176955,-0.079841178985653
"25150","20074.16",25150,52180686,-0.739878090521153
"25151","20074.16",25151,52181242,-1.32397276203049
"25152","20074.16",25152,52185316,-0.198921506928442
"25153","20074.16",25153,52187025,-0.329211115321629
"25154","20074.16",25154,52187965,-0.612939533351034
"25155","20074.16",25155,52188676,-0.512338253036534
"25156","20074.16",25156,52189577,0.466836476323903
"25157","20074.16",25157,52197775,0.140946066173068
"25158","20074.16",25158,52198041,0.123792252719214
"25159","20074.16",25159,52198343,-0.874271082625603
"25160","20074.16",25160,52199018,-0.51015098994137
"25161","20074.16",25161,52199410,0.562699306018112
"25162","20074.16",25162,52199677,-0.40625761357863
"25163","20074.16",25163,52201727,-0.0994088876111396
"25164","20074.16",25164,52202030,0.0326186859745858
"25165","20074.16",25165,52206660,0.566812788011341
"25166","20074.16",25166,52207132,0.327737199404647
"25167","20074.16",25167,52208585,-0.00158623820427195
"25168","20074.16",25168,52208609,0.878726816326519
"25169","20074.16",25169,52208687,0.506531915567915
"25170","20074.16",25170,52208778,1.24804641201365
"25171","20074.16",25171,52210391,-0.558856334239485
"25172","20074.16",25172,52210798,0.0624228488663459
"25173","20074.16",25173,52211133,0.26424166753513
"25174","20074.16",25174,52211265,0.0765236096071327
"25175","20074.16",25175,52211438,-0.500910523389021
"25176","20074.16",25176,52212124,-0.411801259038485
"25177","20074.16",25177,52213369,0.143526599700156
"25178","20074.16",25178,52213504,0.441179132283943
"25179","20074.16",25179,52213682,1.10637556037324
"25180","20074.16",25180,52214170,-0.261099752468301
"25181","20074.16",25181,52214979,0.0646378683722064
"25182","20074.16",25182,52219763,-0.575831600934328
"25183","20074.16",25183,52219942,0.468011737345933
"25184","20074.16",25184,52219990,0.115372807832911
"25185","20074.16",25185,52220105,-0.0848444629693956
"25186","20074.16",25186,52221210,0.645588455324272
"25187","20074.16",25187,52222053,-0.844575523604395
"25188","20074.16",25188,52222148,-0.148210023401851
"25189","20074.16",25189,52222680,0.133231612678244
"25190","20074.16",25190,52222803,-0.147094420576116
"25191","20074.16",25191,52222868,0.654392324957322
"25192","20074.16",25192,52223104,-0.0262944107121434
"25193","20074.16",25193,52223738,-0.380765439159152
"25194","20074.16",25194,52225395,0.65252204483479
"25195","20074.16",25195,52228745,-0.733127422124573
"25196","20074.16",25196,52233400,0.758496443018937
"25197","20074.16",25197,52233446,0.0600642058961496
"25198","20074.16",25198,52234802,0.696046125491754
"25199","20074.16",25199,52234839,-0.163067222929906
"25200","20074.16",25200,52235429,-0.185876393896766
"25201","20074.16",25201,52240559,1.06119953889135
"25202","20074.16",25202,52240993,-0.519491780319907
"25203","20074.16",25203,52241372,0.423385779879864
"25204","20074.16",25204,52241606,0.0998207244610567
"25205","20074.16",25205,52241761,0.697330088325312
"25206","20074.16",25206,52241783,0.283585306739938
"25207","20074.16",25207,52241811,-0.729332327926996
"25208","20074.16",25208,52242944,1.00595570990696
"25209","20074.16",25209,52243489,0.947913619601395
"25210","20074.16",25210,52243521,1.08964020090518
"25211","20074.16",25211,52244358,-0.52811064931028
"25212","20074.16",25212,52244442,-0.0573213369984495
"25213","20074.16",25213,52244635,0.201828707763275
"25214","20074.16",25214,52244767,0.355081115039527
"25215","20074.16",25215,52244968,-0.0953950854696881
"25216","20074.16",25216,52245005,-0.0595837631728555
"25217","20074.16",25217,52245269,-0.131868489456247
"25218","20074.16",25218,52246621,0.314060885871041
"25219","20074.16",25219,52246739,0.0504176022143152
"25220","20074.16",25220,52249462,0.425336630170087
"25221","20074.16",25221,52249477,0.107266481830687
"25222","20074.16",25222,52253113,0.477106148876055
"25223","20074.16",25223,52253180,0.168577462654247
"25224","20074.16",25224,52253311,0.0129725193802654
"25225","20074.16",25225,52253865,-1.4033031547852
"25226","20074.16",25226,52253956,-0.257381418311864
"25227","20074.16",25227,52254697,0.252348435312228
"25228","20074.16",25228,52255165,0.304473126601333
"25229","20074.16",25229,52255817,0.50588423114953
"25230","20074.16",25230,52258640,0.020662129208695
"25231","20074.16",25231,52260629,0.333337685185692
"25232","20074.16",25232,52263470,-0.99771998477164
"25233","20074.16",25233,52268514,-0.0779101315465578
"25234","20074.16",25234,52270873,0.16701934550156
"25235","20074.16",25235,52271828,-0.165783222816402
"25236","20074.16",25236,52277960,-0.134884543599001
"25237","20074.16",25237,52280668,-1.53273969984809
"25238","20074.16",25238,52280690,-0.162470075808201
"25239","20074.16",25239,52284482,-0.0386182074788062
"25240","20074.16",25240,52286498,-0.753974332552435
"25241","20074.16",25241,52288027,-1.31533992064742
"25242","20074.16",25242,52291882,0.612892575996177
"25243","20074.16",25243,52291939,-0.0726813757257956
"25244","20074.16",25244,52292335,-0.31662748631254
"25245","20074.16",25245,52292598,0.879925549550864
"25246","20074.16",25246,52294994,0.0497084011201183
"25247","20074.16",25247,52297217,-0.914685307927095
"25248","20074.16",25248,52298182,-0.250541974302062
"25249","20074.16",25249,52298333,-0.387848653382155
"25250","20074.16",25250,52299687,-0.611467475173136
"25251","20074.16",25251,52300064,0.208237113711923
"25252","20074.16",25252,52300255,0.205998485648944
"25253","20074.16",25253,52300270,0.0787700800997406
"25254","20074.16",25254,52301052,0.067368378444665
"25255","20074.16",25255,52301178,0.7291664808011
"25256","20074.16",25256,52301822,0.447464942387586
"25257","20074.16",25257,52310527,-0.175111810626081
"25258","20074.16",25258,52311392,0.351561337956128
"25259","20074.16",25259,52312632,-0.372985370806485
"25260","20074.16",25260,52313507,0.423693111697296
"25261","20074.16",25261,52313934,-0.534234919156471
"25262","20074.16",25262,52314396,0.414163194126314
"25263","20074.16",25263,52315252,-0.213100276958917
"25264","20074.16",25264,52315911,0.304279386271406
"25265","20074.16",25265,52316530,-0.423737288046382
"25266","20074.16",25266,52318361,-1.14688143894535
"25267","20074.16",25267,52318510,1.03163339313912
"25268","20074.16",25268,52320941,-0.183626188866536
"25269","20074.16",25269,52320971,0.432340915215446
"25270","20074.16",25270,52321406,-0.0405835378958308
"25271","20074.16",25271,52321550,-0.73333985897874
"25272","20074.16",25272,52321976,0.450155091445814
"25273","20074.16",25273,52322660,1.34438085951698
"25274","20074.16",25274,52322942,0.118017099133736
"25275","20074.16",25275,52323195,0.239054248147315
"25276","20074.16",25276,52323299,-0.215397745291068
"25277","20074.16",25277,52325429,0.628898612251574
"25278","20074.16",25278,52325592,-0.603984846855398
"25279","20074.16",25279,52327267,0.429964855387978
"25280","20074.16",25280,52327429,0.24878040693348
"25281","20074.16",25281,52328543,-0.359382198676328
"25282","20074.16",25282,52330538,-0.829060018372962
"25283","20074.16",25283,52331748,0.350469269494089
"25284","20074.16",25284,52334506,-0.682198631315392
"25285","20074.16",25285,52336590,0.706241115860709
"25286","20074.16",25286,52336931,-0.221330017596113
"25287","20074.16",25287,52337293,0.191107586914137
"25288","20074.16",25288,52339853,-0.0422085842814717
"25289","20074.16",25289,52341117,-0.0831541680842545
"25290","20074.16",25290,52343248,-0.620787389860438
"25291","20074.16",25291,52343667,0.58023585388283
"25292","20074.16",25292,52352112,0.433079572724734
"25293","20074.16",25293,52352505,0.372519801828875
"25294","20074.16",25294,52353297,0.102183146186635
"25295","20074.16",25295,52355768,-0.357589360527597
"25296","20074.16",25296,52356424,0.381584006620185
"25297","20074.16",25297,52357035,-0.628236505620168
"25298","20074.16",25298,52357775,0.0855583906435653
"25299","20074.16",25299,52358522,0.0172743070931132
"25300","20074.16",25300,52358894,-0.68043187055716
"25301","20074.16",25301,52363975,-0.16647559363781
"25302","20074.16",25302,52364609,-0.466949586093051
"25303","20074.16",25303,52367567,-0.192720243187275
"25304","20074.16",25304,52376920,0.0452380905924867
"25305","20074.16",25305,52377343,-1.50265004602527
"25306","20074.16",25306,52383958,-0.175118169118008
"25307","20074.16",25307,52385615,-0.0297255751524146
"25308","20074.16",25308,52386456,0.0800907631118122
"25309","20074.16",25309,52386509,0.49771234997992
"25310","20074.16",25310,52386586,-0.918345327620808
"25311","20074.16",25311,52388113,0.120706034009949
"25312","20074.16",25312,52388652,-0.0702755077558574
"25313","20074.16",25313,52388839,-0.358147337795447
"25314","20074.16",25314,52388877,-0.406130968733675
"25315","20074.16",25315,52389312,-0.496639986909349
"25316","20074.16",25316,52389554,-0.061264564739866
"25317","20074.16",25317,52391343,-0.450316460046764
"25318","20074.16",25318,52393396,-0.337515378667496
"25319","20074.16",25319,52393487,-0.0756481838547591
"25320","20074.16",25320,52394632,-0.105042268375258
"25321","20074.16",25321,52396413,-0.444419976734938
"25322","20074.16",25322,52397502,-0.684701196328527
"25323","20074.16",25323,52399411,0.918689924442488
"25324","20074.16",25324,52399901,0.0893965935864394
"25325","20074.16",25325,52400405,0.463721439203742
"25326","20074.16",25326,52400718,0.169664864246619
"25327","20074.16",25327,52401393,0.291562831332015
"25328","20074.16",25328,52401477,-0.240940532913556
"25329","20074.16",25329,52402916,-0.0272093839631049
"25330","20074.16",25330,52403094,0.426074566345837
"25331","20074.16",25331,52405219,-0.621144025072598
"25332","20074.16",25332,52405390,0.0444028497085682
"25333","20074.16",25333,52405521,-0.266400145485356
"25334","20074.16",25334,52407180,-0.568874123930968
"25335","20074.16",25335,52407768,0.773610616769385
"25336","20074.16",25336,52410852,-0.61024458775236
"25337","20074.16",25337,52412951,0.807846400734792
"25338","20074.16",25338,52413104,-0.105362678951302
"25339","20074.16",25339,52414692,-1.02641784998517
"25340","20074.16",25340,52417241,0.505086312541171
"25341","20074.16",25341,52417546,0.90807751529902
"25342","20074.16",25342,52417920,0.607359668612058
"25343","20074.16",25343,52418701,0.700634206667446
"25344","20074.16",25344,52419098,-0.138490562812136
"25345","20074.16",25345,52420835,1.00238620609259
"25346","20074.16",25346,52421140,0.468014090334861
"25347","20074.16",25347,52421668,0.766684080582034
"25348","20074.16",25348,52422292,-0.621705731144528
"25349","20074.16",25349,52432308,-0.656034289946628
"25350","20074.16",25350,52432393,0.0987762328430088
"25351","20074.16",25351,52432864,-0.203859898171594
"25352","20074.16",25352,52436209,0.0813267727443225
"25353","20074.16",25353,52437816,0.11820994782458
"25354","20074.16",25354,52438363,-0.496509079612154
"25355","20074.16",25355,52438661,-0.129863590197951
"25356","20074.16",25356,52438954,0.11479966202103
"25357","20074.16",25357,52442532,0.46802147012786
"25358","20074.16",25358,52444305,0.835415714583216
"25359","20074.16",25359,52444375,0.264480455064645
"25360","20074.16",25360,52444531,-0.391897787313336
"25361","20074.16",25361,52445871,0.167234290501756
"25362","20074.16",25362,52446886,-0.0623337134106672
"25363","20074.16",25363,52447617,-1.31572848910217
"25364","20074.16",25364,52450071,-0.0371661604003997
"25365","20074.16",25365,52450922,0.448786826135398
"25366","20074.16",25366,52452083,0.0241964765919018
"25367","20074.16",25367,52452261,-0.534799492171966
"25368","20074.16",25368,52452922,-0.51979840083054
"25369","20074.16",25369,52453241,-0.15446170840845
"25370","20074.16",25370,52453567,0.379021650328171
"25371","20074.16",25371,52453684,-0.705243562889561
"25372","20074.16",25372,52454486,0.668803390656426
"25373","20074.16",25373,52455364,0.720602205650658
"25374","20074.16",25374,52455474,0.175085603694406
"25375","20074.16",25375,52456127,-0.21612169020084
"25376","20074.16",25376,52457394,-0.26898198948173
"25377","20074.16",25377,52459566,-0.396850021271735
"25378","20074.16",25378,52461927,0.324488302553516
"25379","20074.16",25379,52463460,0.00714957625937807
"25380","20074.16",25380,52463531,-0.130334122787659
"25381","20074.16",25381,52463636,-0.0537759547184287
"25382","20074.16",25382,52463687,0.647136154957274
"25383","20074.16",25383,52463814,0.449323519756766
"25384","20074.16",25384,52463863,-0.164265456173537
"25385","20074.16",25385,52464583,0.541928354005552
"25386","20074.16",25386,52464747,0.08231992392317
"25387","20074.16",25387,52466181,0.5818919764059
"25388","20074.16",25388,52466286,-0.215163270916883
"25389","20074.16",25389,52466684,1.04403477687585
"25390","20074.16",25390,52467109,0.39945104300623
"25391","20074.16",25391,52468893,0.318740641726799
"25392","20074.16",25392,52469211,0.251983420466114
"25393","20074.16",25393,52469829,0.244289577105994
"25394","20074.16",25394,52470619,-0.42338532635851
"25395","20074.16",25395,52473119,0.492281950249184
"25396","20074.16",25396,52473616,0.084553032971952
"25397","20074.16",25397,52474330,-0.911570324520918
"25398","20074.16",25398,52475288,-0.0437955924117563
"25399","20074.16",25399,52477429,-0.391075435907348
"25400","20074.16",25400,52478912,0.533188100135576
"25401","20074.16",25401,52479771,0.111370487222278
"25402","20074.16",25402,52479995,0.059330793436918
"25403","20074.16",25403,52483396,-0.42682573245299
"25404","20074.16",25404,52484882,0.671580394545514
"25405","20074.16",25405,52485703,-0.205830038892847
"25406","20074.16",25406,52486813,0.530082746987735
"25407","20074.16",25407,52487675,0.574512669761437
"25408","20074.16",25408,52488020,0.0501441423897973
"25409","20074.16",25409,52489774,-0.39058465888881
"25410","20074.16",25410,52495097,0.0161181239855868
"25411","20074.16",25411,52495450,-0.566546093209465
"25412","20074.16",25412,52495720,0.673372984055677
"25413","20074.16",25413,52495753,-0.141379822397576
"25414","20074.16",25414,52498430,-0.607778043214688
"25415","20074.16",25415,52500790,-0.283102866250975
"25416","20074.16",25416,52501085,-0.470957207059389
"25417","20074.16",25417,52502318,-0.2537264930907
"25418","20074.16",25418,52503295,0.694160368259374
"25419","20074.16",25419,52503888,-0.320425152200105
"25420","20074.16",25420,52506172,-0.37387053681708
"25421","20074.16",25421,52508689,0.44881391978416
"25422","20074.16",25422,52509145,-0.115958900474918
"25423","20074.16",25423,52509376,0.227128784662082
"25424","20074.16",25424,52510823,-0.239897796796607
"25425","20074.16",25425,52512456,0.295826611018403
"25426","20074.16",25426,52514289,-0.802637928702468
"25427","20074.16",25427,52514627,-0.113682425471994
"25428","20074.16",25428,52518674,0.216586834586542
"25429","20074.16",25429,52519430,-0.196161864721064
"25430","20074.16",25430,52521131,-0.823487237478845
"25431","20074.16",25431,52521356,0.639090355842037
"25432","20074.16",25432,52523480,-0.420029301016325
"25433","20074.16",25433,52523597,1.2352360695952
"25434","20074.16",25434,52523614,-0.860879228742046
"25435","20074.16",25435,52526850,-1.33276592648432
"25436","20074.16",25436,52527282,1.09175268722769
"25437","20074.16",25437,52527628,0.344578635076561
"25438","20074.16",25438,52529531,0.00224404386114774
"25439","20074.16",25439,52529893,-0.441578474556392
"25440","20074.16",25440,52534167,0.672678350411148
"25441","20074.16",25441,52537440,0.277073346814173
"25442","20074.16",25442,52537526,0.0377430542319948
"25443","20074.16",25443,52537574,0.0582625745159442
"25444","20074.16",25444,52538040,0.0398369889342867
"25445","20074.16",25445,52540034,0.30984214434761
"25446","20074.16",25446,52540364,1.02178228656868
"25447","20074.16",25447,52542639,-0.338637423191915
"25448","20074.16",25448,52543263,-0.278518133681025
"25449","20074.16",25449,52543609,0.834596305982584
"25450","20074.16",25450,52544133,-0.245703527419701
"25451","20074.16",25451,52551371,-0.250751645050634
"25452","20074.16",25452,52551375,-0.258351610267474
"25453","20074.16",25453,52551616,-0.0811881465079143
"25454","20074.16",25454,52553356,-0.807480880161972
"25455","20074.16",25455,52558068,-0.614417076645769
"25456","20074.16",25456,52558132,-0.513834159258993
"25457","20074.16",25457,52559564,0.591086088962309
"25458","20074.16",25458,52562831,0.190321480131861
"25459","20074.16",25459,52566454,-0.144895566459521
"25460","20074.16",25460,52566862,0.492523791740228
"25461","20074.16",25461,52569469,-0.581032899665638
"25462","20074.16",25462,52570969,0.721789302586754
"25463","20074.16",25463,52571172,0.197429738861386
"25464","20074.16",25464,52571436,0.382712234404276
"25465","20074.16",25465,52571533,0.72760439421086
"25466","20074.16",25466,52572832,0.828776626657564
"25467","20074.16",25467,52573217,-0.160881647863726
"25468","20074.16",25468,52575907,0.143327584926203
"25469","20074.16",25469,52576119,-0.368805035430026
"25470","20074.16",25470,52577835,1.27766886130549
"25471","20074.16",25471,52577905,-0.0487661946216358
"25472","20074.16",25472,52578744,-0.210868700543275
"25473","20074.16",25473,52586341,-0.699821868625667
"25474","20074.16",25474,52586672,0.257840128829064
"25475","20074.16",25475,52587216,0.620927675299277
"25476","20074.16",25476,52587448,-0.537269782996469
"25477","20074.16",25477,52587863,0.163357867560141
"25478","20074.16",25478,52589221,0.082749548324518
"25479","20074.16",25479,52592173,0.0609064796879641
"25480","20074.16",25480,52592583,-0.338693795116997
"25481","20074.16",25481,52593141,0.0870717551842137
"25482","20074.16",25482,52593902,-0.417341133983805
"25483","20074.16",25483,52593980,-0.19260179722099
"25484","20074.16",25484,52597751,-0.0369001832788456
"25485","20074.16",25485,52598958,-0.405850112829393
"25486","20074.16",25486,52599050,-0.873523702296865
"25487","20074.16",25487,52599188,1.50933799040692
"25488","20074.16",25488,52599368,0.809878588601515
"25489","20074.16",25489,52600447,0.414026582206406
"25490","20074.16",25490,52601924,0.652002114997036
"25491","20074.16",25491,52602019,0.0819318138060954
"25492","20074.16",25492,52602243,-0.17376396036487
"25493","20074.16",25493,52602359,-0.387900631973028
"25494","20074.16",25494,52602489,0.551942843448667
"25495","20074.16",25495,52603133,-0.224941473905017
"25496","20074.16",25496,52603911,0.728627066403937
"25497","20074.16",25497,52605078,-0.576932963928088
"25498","20074.16",25498,52605096,0.725247128276693
"25499","20074.16",25499,52605300,0.255963112520688
"25500","20074.16",25500,52608672,-0.148094307507168
"25501","20074.16",25501,52608917,-0.642903430855559
"25502","20074.16",25502,52609033,0.720678159107238
"25503","20074.16",25503,52609529,0.200687750641919
"25504","20074.16",25504,52609839,-1.31849978250027
"25505","20074.16",25505,52616003,-0.337759186509107
"25506","20074.16",25506,52618092,0.0306897400672765
"25507","20074.16",25507,52618113,0.51112140723409
"25508","20074.16",25508,52619023,0.799034087056785
"25509","20074.16",25509,52619572,0.729308747730443
"25510","20074.16",25510,52620577,0.544627029972758
"25511","20074.16",25511,52624738,0.458013417947378
"25512","20074.16",25512,52625517,0.107859216153939
"25513","20074.16",25513,52625552,0.0152277059864154
"25514","20074.16",25514,52626359,-0.257472275145721
"25515","20074.16",25515,52626886,-0.15175462645795
"25516","20074.16",25516,52629702,-0.190979340932931
"25517","20074.16",25517,52629904,-0.0718899249678024
"25518","20074.16",25518,52630145,-0.308789858528711
"25519","20074.16",25519,52630451,0.420997905730705
"25520","20074.16",25520,52631717,0.0804548873258897
"25521","20074.16",25521,52632944,0.984038948081822
"25522","20074.16",25522,52633914,-0.00569100231678199
"25523","20074.16",25523,52635000,0.347709487807511
"25524","20074.16",25524,52635330,0.416821334610955
"25525","20074.16",25525,52636139,0.549131869846048
"25526","20074.16",25526,52636365,0.258673269024288
"25527","20074.16",25527,52636759,0.451720964205466
"25528","20074.16",25528,52636800,0.156852048555499
"25529","20074.16",25529,52638503,0.45917645560731
"25530","20074.16",25530,52641960,-0.357570373893119
"25531","20074.16",25531,52646376,-0.000427697253154946
"25532","20074.16",25532,52648338,-1.45604805704995
"25533","20074.16",25533,52648731,-0.339743816141364
"25534","20074.16",25534,52649016,-0.265003970432298
"25535","20074.16",25535,52649534,-0.175950666749166
"25536","20074.16",25536,52651363,-0.022086173759523
"25537","20074.16",25537,52651596,-0.713211260964269
"25538","20074.16",25538,52652111,0.6881143424426
"25539","20074.16",25539,52653339,-0.265292847112574
"25540","20074.16",25540,52653785,-0.64732068841243
"25541","20074.16",25541,52654866,0.750840114141362
"25542","20074.16",25542,52654917,0.438161401862247
"25543","20074.16",25543,52655785,-0.596526703304109
"25544","20074.16",25544,52656358,0.221601359385561
"25545","20074.16",25545,52656588,0.218817999730904
"25546","20074.16",25546,52656607,0.812087609057056
"25547","20074.16",25547,52659350,0.0554521194905027
"25548","20074.16",25548,52660535,0.104470503238439
"25549","20074.16",25549,52660939,-0.0645784175762589
"25550","20074.16",25550,52661044,0.644867791599848
"25551","20074.16",25551,52661495,-0.595782242550375
"25552","20074.16",25552,52662758,-0.212216540427889
"25553","20074.16",25553,52663947,0.193980893081056
"25554","20074.16",25554,52664797,-0.22752725635551
"25555","20074.16",25555,52664838,-0.416732170856041
"25556","20074.16",25556,52668654,-0.251365988726575
"25557","20074.16",25557,52670709,-0.238934491867158
"25558","20074.16",25558,52670758,0.231299329561875
"25559","20074.16",25559,52671459,0.55909746407513
"25560","20074.16",25560,52672806,0.402035084000253
"25561","20074.16",25561,52673385,-0.0229792591934741
"25562","20074.16",25562,52674488,0.39964348744243
"25563","20074.16",25563,52675052,-0.148588954209861
"25564","20074.16",25564,52675803,0.601227197618454
"25565","20074.16",25565,52679200,0.431342180358194
"25566","20074.16",25566,52679905,0.79051523676103
"25567","20074.16",25567,52681836,0.95638384068497
"25568","20074.16",25568,52682055,-0.0284510933298403
"25569","20074.16",25569,52682139,0.342251692239315
"25570","20074.16",25570,52682324,0.373052268272578
"25571","20074.16",25571,52682691,0.277715887929063
"25572","20074.16",25572,52682931,0.321867873269865
"25573","20074.16",25573,52692277,-0.719109997408331
"25574","20074.16",25574,52692809,0.280876118038463
"25575","20074.16",25575,52693279,-0.582620048488873
"25576","20074.16",25576,52702013,-0.743855065594851
"25577","20074.16",25577,52702962,-0.110123042568135
"25578","20074.16",25578,52704510,0.847558641218202
"25579","20074.16",25579,52704831,0.247640282174427
"25580","20074.16",25580,52704888,0.0790276967642951
"25581","20074.16",25581,52706684,0.138241250422811
"25582","20074.16",25582,52706844,0.239102522521655
"25583","20074.16",25583,52707092,-0.352036541019168
"25584","20074.16",25584,52707693,0.474905157117219
"25585","20074.16",25585,52712547,-0.397021918151684
"25586","20074.16",25586,52712831,-0.315038855446049
"25587","20074.16",25587,52716869,-0.502272291661467
"25588","20074.16",25588,52717123,0.253837904009603
"25589","20074.16",25589,52717352,0.302262441650702
"25590","20074.16",25590,52717491,0.604264022252283
"25591","20074.16",25591,52719620,0.208725151086971
"25592","20074.16",25592,52720376,-0.0486487909900344
"25593","20074.16",25593,52724249,-0.475930633062799
"25594","20074.16",25594,52725009,0.762848674416188
"25595","20074.16",25595,52725166,-0.7740072915856
"25596","20074.16",25596,52729295,0.162028249423402
"25597","20074.16",25597,52729621,0.429593511863438
"25598","20074.16",25598,52730407,-0.642360860966487
"25599","20074.16",25599,52733155,0.455789061628274
"25600","20074.16",25600,52733941,0.349805143684809
"25601","20074.16",25601,52739098,-0.193106998613151
"25602","20074.16",25602,52739177,-0.0900128632228032
"25603","20074.16",25603,52739599,-0.523606712171954
"25604","20074.16",25604,52742011,0.360391512676647
"25605","20074.16",25605,52742498,-1.95374470387049
"25606","20074.16",25606,52744350,-0.0639936113476791
"25607","20074.16",25607,52744688,0.0187158253553443
"25608","20074.16",25608,52746089,-0.932718853492037
"25609","20074.16",25609,52748092,-0.866226347458745
"25610","20074.16",25610,52748247,-0.00511907342307882
"25611","20074.16",25611,52748342,0.892993829202308
"25612","20074.16",25612,52748361,0.0109064011994127
"25613","20074.16",25613,52748599,0.282209654875035
"25614","20074.16",25614,52749097,-0.43786459213684
"25615","20074.16",25615,52752471,-0.481493820964542
"25616","20074.16",25616,52758582,0.358472081926132
"25617","20074.16",25617,52759257,0.0888175020471786
"25618","20074.16",25618,52759718,0.481854313956156
"25619","20074.16",25619,52760109,-0.0272472042658638
"25620","20074.16",25620,52762930,0.954167746478155
"25621","20074.16",25621,52763089,0.00931415983735029
"25622","20074.16",25622,52763228,0.885588270689516
"25623","20074.16",25623,52763495,0.431270033216939
"25624","20074.16",25624,52764053,-1.16135957042609
"25625","20074.16",25625,52766520,-0.080755912252445
"25626","20074.16",25626,52766875,-0.0879225478985086
"25627","20074.16",25627,52767565,0.478226877863027
"25628","20074.16",25628,52767748,-0.0150304346097876
"25629","20074.16",25629,52767889,-0.650386716903079
"25630","20074.16",25630,52768728,0.151713705312849
"25631","20074.16",25631,52768754,0.439875143950109
"25632","20074.16",25632,52769594,0.461326463333232
"25633","20074.16",25633,52769599,0.0674308432944866
"25634","20074.16",25634,52776657,0.985898492599351
"25635","20074.16",25635,52777706,0.46568218464131
"25636","20074.16",25636,52778075,-0.0184301475560975
"25637","20074.16",25637,52778697,0.103257705064988
"25638","20074.16",25638,52779101,0.738584517074808
"25639","20074.16",25639,52779318,0.208222413437007
"25640","20074.16",25640,52781860,0.201051930016177
"25641","20074.16",25641,52781913,0.357080884238811
"25642","20074.16",25642,52787590,-0.63917875945918
"25643","20074.16",25643,52793521,-0.792323506609124
"25644","20074.16",25644,52794772,0.395055670461342
"25645","20074.16",25645,52795940,-0.947738649411266
"25646","20074.16",25646,52796065,0.0334704714045913
"25647","20074.16",25647,52796615,0.943821594117584
"25648","20074.16",25648,52797230,0.0181747709995914
"25649","20074.16",25649,52799908,0.416471822679257
"25650","20074.16",25650,52800014,0.862518075208516
"25651","20074.16",25651,52800311,-0.229873516370322
"25652","20074.16",25652,52800370,0.0773693295801827
"25653","20074.16",25653,52801371,0.826504126610549
"25654","20074.16",25654,52801782,-0.286041821998796
"25655","20074.16",25655,52802136,0.215274578627051
"25656","20074.16",25656,52802181,-0.0439755126892232
"25657","20074.16",25657,52803247,0.149516717723864
"25658","20074.16",25658,52803421,0.0233207758539606
"25659","20074.16",25659,52806105,-1.53651061981348
"25660","20074.16",25660,52807014,0.0870657673387178
"25661","20074.16",25661,52809131,0.768928377311883
"25662","20074.16",25662,52809631,-0.570803563963215
"25663","20074.16",25663,52810859,0.260451858980324
"25664","20074.16",25664,52811586,0.382488426564142
"25665","20074.16",25665,52811866,0.387151117559157
"25666","20074.16",25666,52811885,-0.146013164360839
"25667","20074.16",25667,52813601,0.100084641860268
"25668","20074.16",25668,52816558,0.149938971243876
"25669","20074.16",25669,52817487,0.774798712581082
"25670","20074.16",25670,52817511,0.506761281479965
"25671","20074.16",25671,52818201,-0.585579207303125
"25672","20074.16",25672,52818468,-0.339492209358502
"25673","20074.16",25673,52819838,0.468515765511929
"25674","20074.16",25674,52821017,-0.474012147226397
"25675","20074.16",25675,52821090,0.67831036263932
"25676","20074.16",25676,52821546,-0.461174479925502
"25677","20074.16",25677,52823766,-0.470414966864055
"25678","20074.16",25678,52823984,0.871758747058275
"25679","20074.16",25679,52824235,-0.0852293219015472
"25680","20074.16",25680,52826835,-0.182211798563969
"25681","20074.16",25681,52828325,0.375159381569511
"25682","20074.16",25682,52828513,0.63952739832965
"25683","20074.16",25683,52829032,-0.245991195044104
"25684","20074.16",25684,52830515,0.0060652702677535
"25685","20074.16",25685,52830966,0.403336956228174
"25686","20074.16",25686,52834664,0.251991849727371
"25687","20074.16",25687,52836691,-0.355987327014419
"25688","20074.16",25688,52838159,-0.308423914523245
"25689","20074.16",25689,52840388,-0.664771611260309
"25690","20074.16",25690,52840949,-0.439322029649467
"25691","20074.16",25691,52842040,-0.0948130595358476
"25692","20074.16",25692,52843012,-0.366670698227919
"25693","20074.16",25693,52843350,-0.653487288764395
"25694","20074.16",25694,52845240,0.125577695629885
"25695","20074.16",25695,52845767,1.2990364355878
"25696","20074.16",25696,52846598,-0.932081889307653
"25697","20074.16",25697,52847217,0.339273331986324
"25698","20074.16",25698,52847658,-1.2698345406977
"25699","20074.16",25699,52848468,0.414235316337941
"25700","20074.16",25700,52852441,-0.0441891570791286
"25701","20074.16",25701,52852536,0.219627722802239
"25702","20074.16",25702,52852804,-0.200209669678608
"25703","20074.16",25703,52855494,0.0238868189237085
"25704","20074.16",25704,52855926,-0.122671823329167
"25705","20074.16",25705,52856012,0.315523938952667
"25706","20074.16",25706,52858310,0.54848095925981
"25707","20074.16",25707,52860625,0.0787569785052007
"25708","20074.16",25708,52865645,0.7814000707198
"25709","20074.16",25709,52865677,0.797718523711876
"25710","20074.16",25710,52870154,-0.655107812806347
"25711","20074.16",25711,52870354,-0.109368900271297
"25712","20074.16",25712,52871209,0.409648008787145
"25713","20074.16",25713,52873108,-0.79194620425423
"25714","20074.16",25714,52874957,-0.758274609059074
"25715","20074.16",25715,52875736,0.535298406264874
"25716","20074.16",25716,52875938,0.881500314538052
"25717","20074.16",25717,52876611,-0.443089417449287
"25718","20074.16",25718,52876867,-0.160320136259775
"25719","20074.16",25719,52877758,0.15446388915406
"25720","20074.16",25720,52879105,-1.82308420094713
"25721","20074.16",25721,52886336,-0.318707567550899
"25722","20074.16",25722,52886605,0.711936043429682
"25723","20074.16",25723,52886767,0.476309692261213
"25724","20074.16",25724,52888119,-0.533835873524981
"25725","20074.16",25725,52888420,-0.0567080868945844
"25726","20074.16",25726,52888856,0.123467537835157
"25727","20074.16",25727,52888992,0.2798827282434
"25728","20074.16",25728,52891892,0.526383058426924
"25729","20074.16",25729,52892621,-0.161559591782285
"25730","20074.16",25730,52893577,0.571650981529989
"25731","20074.16",25731,52893844,0.201749253020272
"25732","20074.16",25732,52894516,-0.0856810774076582
"25733","20074.16",25733,52895267,-0.614738759599011
"25734","20074.16",25734,52897247,-0.13094362523005
"25735","20074.16",25735,52903492,-0.0531626679425159
"25736","20074.16",25736,52903587,-0.0497082535842504
"25737","20074.16",25737,52906420,-0.785142385555735
"25738","20074.16",25738,52907039,0.243754721611185
"25739","20074.16",25739,52910893,-0.532786689817456
"25740","20074.16",25740,52912299,0.912828974705094
"25741","20074.16",25741,52912332,0.730816780021097
"25742","20074.16",25742,52912577,-0.314959288277363
"25743","20074.16",25743,52912738,0.428553032476885
"25744","20074.16",25744,52912940,-0.447451164412572
"25745","20074.16",25745,52913278,0.341051928552944
"25746","20074.16",25746,52914226,0.450553462706476
"25747","20074.16",25747,52914547,-0.462060232026697
"25748","20074.16",25748,52914749,-0.0722696917544479
"25749","20074.16",25749,52915751,0.76743458252979
"25750","20074.16",25750,52916080,-0.0976168456446231
"25751","20074.16",25751,52916336,0.296743781576956
"25752","20074.16",25752,52920490,-0.411921791335033
"25753","20074.16",25753,52921835,0.379888822036999
"25754","20074.16",25754,52923038,-0.488746393574866
"25755","20074.16",25755,52923979,-0.996397532659545
"25756","20074.16",25756,52924100,0.085440013529376
"25757","20074.16",25757,52924993,-1.06187640284144
"25758","20074.16",25758,52928126,-0.123229727264568
"25759","20074.16",25759,52929034,-0.25035066478841
"25760","20074.16",25760,52931222,-0.121302211589071
"25761","20074.16",25761,52933113,0.167554888132862
"25762","20074.16",25762,52933583,-0.499002136677245
"25763","20074.16",25763,52937159,-0.135645420655234
"25764","20074.16",25764,52937438,-0.864584855257018
"25765","20074.16",25765,52937499,0.224707241534844
"25766","20074.16",25766,52939230,-1.1311227187782
"25767","20074.16",25767,52939464,0.0886607104108492
"25768","20074.16",25768,52943583,-0.128695510511342
"25769","20074.16",25769,52943699,0.59611746584704
"25770","20074.16",25770,52944744,0.161504124397545
"25771","20074.16",25771,52945166,0.746063321890271
"25772","20074.16",25772,52945306,0.467918709631348
"25773","20074.16",25773,52946814,1.32759486843164
"25774","20074.16",25774,52947289,-0.15711073838809
"25775","20074.16",25775,52948293,0.262101114088197
"25776","20074.16",25776,52948323,-0.140388441255905
"25777","20074.16",25777,52949002,-0.327817592919451
"25778","20074.16",25778,52949323,0.302828195606744
"25779","20074.16",25779,52949440,0.744210516991019
"25780","20074.16",25780,52950064,-0.414499306726412
"25781","20074.16",25781,52951314,0.195022413842481
"25782","20074.16",25782,52954549,0.00091917541190245
"25783","20074.16",25783,52954648,0.0297245953113778
"25784","20074.16",25784,52963153,-0.300578100240754
"25785","20074.16",25785,52963289,0.613451524816962
"25786","20074.16",25786,52964256,0.00824710550116414
"25787","20074.16",25787,52965132,-0.321357587715017
"25788","20074.16",25788,52969886,-0.0306589715133549
"25789","20074.16",25789,52971779,0.194348542212347
"25790","20074.16",25790,52971837,0.342558713715509
"25791","20074.16",25791,52972301,-0.773760398381672
"25792","20074.16",25792,52974693,-0.768043667831412
"25793","20074.16",25793,52975205,0.44657056744465
"25794","20074.16",25794,52975603,0.68515767573671
"25795","20074.16",25795,52975834,0.0460381797895906
"25796","20074.16",25796,52976666,0.700033550399739
"25797","20074.16",25797,52977808,0.439153710437673
"25798","20074.16",25798,52977909,0.80032609703371
"25799","20074.16",25799,52978239,-0.511682939089001
"25800","20074.16",25800,52978695,-0.914978738490052
"25801","20074.16",25801,52979089,-0.445098014870734
"25802","20074.16",25802,52982730,0.187149365668414
"25803","20074.16",25803,52982819,0.173213423277677
"25804","20074.16",25804,52982996,0.0247898060094709
"25805","20074.16",25805,52985204,0.589175017497543
"25806","20074.16",25806,52985317,1.00016112058323
"25807","20074.16",25807,52985380,-0.291027955981816
"25808","20074.16",25808,52987104,0.104463272525941
"25809","20074.16",25809,52987556,0.21262372974696
"25810","20074.16",25810,52988926,-0.0354444337017572
"25811","20074.16",25811,52989386,0.932745859492859
"25812","20074.16",25812,52989568,-0.80189973337691
"25813","20074.16",25813,52990046,-0.165325938231364
"25814","20074.16",25814,52990213,1.0064626430657
"25815","20074.16",25815,52992947,-0.276450667668345
"25816","20074.16",25816,52995814,-0.85520802591329
"25817","20074.16",25817,52997498,1.99817790091927e-05
"25818","20074.16",25818,52997599,0.153309130879483
"25819","20074.16",25819,52997611,0.690244260665845
"25820","20074.16",25820,52997863,0.608109911506577
"25821","20074.16",25821,52998602,0.576883080801063
"25822","20074.16",25822,53002379,0.609379642070428
"25823","20074.16",25823,53002504,1.12127917670481
"25824","20074.16",25824,53002558,0.923906574746582
"25825","20074.16",25825,53003171,-0.452251115835876
"25826","20074.16",25826,53004508,-0.0883815387873925
"25827","20074.16",25827,53004620,-0.338010537176065
"25828","20074.16",25828,53007140,0.452667604522305
"25829","20074.16",25829,53010613,0.42090594937143
"25830","20074.16",25830,53011055,-0.64917122255078
"25831","20074.16",25831,53012380,0.112169623296811
"25832","20074.16",25832,53017798,0.094739575799605
"25833","20074.16",25833,53018703,-0.0271649403541945
"25834","20074.16",25834,53018781,0.119648935129718
"25835","20074.16",25835,53020246,-0.285189767571884
"25836","20074.16",25836,53020713,0.323054543285889
"25837","20074.16",25837,53021254,-0.847687271673612
"25838","20074.16",25838,53021254,-0.380166350965805
"25839","20074.16",25839,53022149,-0.115705154161908
"25840","20074.16",25840,53022610,-0.170095270349178
"25841","20074.16",25841,53024880,0.396067243031104
"25842","20074.16",25842,53025675,0.676802759576085
"25843","20074.16",25843,53026145,-0.0492035648810001
"25844","20074.16",25844,53027065,0.770569284624288
"25845","20074.16",25845,53029121,-0.480832024350548
"25846","20074.16",25846,53029705,-0.799944736101893
"25847","20074.16",25847,53031635,-1.13913322186891
"25848","20074.16",25848,53036298,0.794554686507102
"25849","20074.16",25849,53036454,-0.105794909664931
"25850","20074.16",25850,53036863,-0.439532794024919
"25851","20074.16",25851,53037529,0.517006574293634
"25852","20074.16",25852,53038897,-0.0659339289608312
"25853","20074.16",25853,53038995,0.271859347552465
"25854","20074.16",25854,53039419,-0.876414007076884
"25855","20074.16",25855,53039863,-0.528633887753136
"25856","20074.16",25856,53043014,-0.517084012934842
"25857","20074.16",25857,53044806,1.06029981125807
"25858","20074.16",25858,53044983,-0.192361376416658
"25859","20074.16",25859,53045141,0.669083824155698
"25860","20074.16",25860,53046134,0.440001780603555
"25861","20074.16",25861,53046682,-0.290082047453508
"25862","20074.16",25862,53047074,-0.17761223656912
"25863","20074.16",25863,53047222,0.318688518973326
"25864","20074.16",25864,53048264,-0.323460581016609
"25865","20074.16",25865,53048455,0.256770173518512
"25866","20074.16",25866,53049986,-0.411608115379958
"25867","20074.16",25867,53052847,-0.783427213291616
"25868","20074.16",25868,53053324,0.0858437316370972
"25869","20074.16",25869,53055878,0.392081006641786
"25870","20074.16",25870,53056374,-0.256082102567179
"25871","20074.16",25871,53057370,0.503443916390697
"25872","20074.16",25872,53057466,0.00961102437860006
"25873","20074.16",25873,53058234,-0.261725979951848
"25874","20074.16",25874,53058756,-0.113890107621551
"25875","20074.16",25875,53058858,0.025238537656783
"25876","20074.16",25876,53061687,0.374794499029821
"25877","20074.16",25877,53061727,-0.0305428821095921
"25878","20074.16",25878,53063948,-0.468074105648491
"25879","20074.16",25879,53066214,0.531626429706148
"25880","20074.16",25880,53066297,-0.538397489194762
"25881","20074.16",25881,53066996,-1.8898718512416
"25882","20074.16",25882,53067077,-0.039067498980045
"25883","20074.16",25883,53067182,1.05911208592809
"25884","20074.16",25884,53067207,0.270140513228562
"25885","20074.16",25885,53068468,-0.854885941890351
"25886","20074.16",25886,53069560,-0.064482914715712
"25887","20074.16",25887,53070036,0.827817108404182
"25888","20074.16",25888,53070318,0.093139019081991
"25889","20074.16",25889,53076951,0.437243139401976
"25890","20074.16",25890,53078007,0.900332228400894
"25891","20074.16",25891,53078516,-0.52402729340786
"25892","20074.16",25892,53080591,-0.662838904763057
"25893","20074.16",25893,53083404,-0.520305381594338
"25894","20074.16",25894,53083534,-0.203384137613061
"25895","20074.16",25895,53083566,-0.0724631180428581
"25896","20074.16",25896,53086009,-0.998126630345672
"25897","20074.16",25897,53086544,-0.77227800724785
"25898","20074.16",25898,53091929,-0.99839136891383
"25899","20074.16",25899,53092426,-0.379321766152974
"25900","20074.16",25900,53098584,-0.176193640991325
"25901","20074.16",25901,53100136,0.0446242713959668
"25902","20074.16",25902,53105963,-0.316549374737469
"25903","20074.16",25903,53110892,0.831889526124672
"25904","20074.16",25904,53114762,0.700899352218705
"25905","20074.16",25905,53115026,-0.67884027497635
"25906","20074.16",25906,53126108,-0.0910176190702572
"25907","20074.16",25907,53126338,-0.0462825006515875
"25908","20074.16",25908,53130259,0.0705254073472164
"25909","20074.16",25909,53131652,0.82432685214508
"25910","20074.16",25910,53132556,0.114560427469942
"25911","20074.16",25911,53134684,-0.374837727561182
"25912","20074.16",25912,53134949,-0.998559285403756
"25913","20074.16",25913,53138052,-0.371208226416556
"25914","20074.16",25914,53141918,0.161002696166921
"25915","20074.16",25915,53145229,-0.0883704847177169
"25916","20074.16",25916,53146978,-0.517583386078658
"25917","20074.16",25917,53147702,0.225228996749183
"25918","20074.16",25918,53148060,-0.846618248671884
"25919","20074.16",25919,53150452,-0.451965593318507
"25920","20074.16",25920,53151633,0.0297420854021224
"25921","20074.16",25921,53152671,0.86639604242979
"25922","20074.16",25922,53153350,0.428038383699815
"25923","20074.16",25923,53154079,-1.79752866873255
"25924","20074.16",25924,53155554,0.421413831851367
"25925","20074.16",25925,53158698,-1.07024041305549
"25926","20074.16",25926,53161228,0.248222166050087
"25927","20074.16",25927,53162026,-0.571597178713507
"25928","20074.16",25928,53177646,-1.1229663814402
"25929","20074.16",25929,53179657,-0.126576434412126
"25930","20074.16",25930,53181327,0.534690105615673
"25931","20074.16",25931,53183771,-1.11975807199904
"25932","20074.16",25932,53190150,-0.0192452786081425
"25933","20074.16",25933,53192425,-1.4746834092817
"25934","20074.16",25934,53194072,0.73271888138312
"25935","20074.16",25935,53195621,0.224156210112605
"25936","20074.16",25936,53196042,-0.0459805582853203
"25937","20074.16",25937,53196217,0.210546012721698
"25938","20074.16",25938,53196276,0.960158814718318
"25939","20074.16",25939,53200282,-0.119710083346543
"25940","20074.16",25940,53200922,-0.292342454045823
"25941","20074.16",25941,53200964,-0.615978383850891
"25942","20074.16",25942,53208160,-0.670198255919972
"25943","20074.16",25943,53208996,0.360728915111918
"25944","20074.16",25944,53211630,0.0348676120575933
"25945","20074.16",25945,53211852,0.298744640570383
"25946","20074.16",25946,53212163,0.138740877534436
"25947","20074.16",25947,53215520,0.512969073487699
"25948","20074.16",25948,53217586,0.0118575516852664
"25949","20074.16",25949,53219561,-0.9155796177966
"25950","20074.16",25950,53220719,-0.541479664397325
"25951","20074.16",25951,53226098,0.276691929933091
"25952","20074.16",25952,53226185,0.213513116290558
"25953","20074.16",25953,53226514,-0.352578670988594
"25954","20074.16",25954,53227494,0.762748915653103
"25955","20074.16",25955,53229407,0.36574070860143
"25956","20074.16",25956,53231959,1.11854076180474
"25957","20074.16",25957,53232141,0.596302484654168
"25958","20074.16",25958,53233162,-0.354448348312644
"25959","20074.16",25959,53233588,-0.193633648993769
"25960","20074.16",25960,53235081,-0.989494117521726
"25961","20074.16",25961,53236612,0.0165194439025065
"25962","20074.16",25962,53244036,0.0964207053471613
"25963","20074.16",25963,53244189,-0.419281545344596
"25964","20074.16",25964,53248376,-0.342352657574171
"25965","20074.16",25965,53249168,-0.098390487169608
"25966","20074.16",25966,53249632,-0.244982292758293
"25967","20074.16",25967,53249911,-0.55857594228015
"25968","20074.16",25968,53251820,0.0539682188340143
"25969","20074.16",25969,53254628,0.926297511872394
"25970","20074.16",25970,53255527,0.362927324375351
"25971","20074.16",25971,53258913,-0.203148330121604
"25972","20074.16",25972,53259277,0.018136280772457
"25973","20074.16",25973,53260888,0.214640575311339
"25974","20074.16",25974,53263447,-1.04471009188767
"25975","20074.16",25975,53277550,0.279052544695721
"25976","20074.16",25976,53277556,0.330874342757434
"25977","20074.16",25977,53277569,0.27799303021808
"25978","20074.16",25978,53277615,0.0306628671518796
"25979","20074.16",25979,53277627,0.796789042371151
"25980","20074.16",25980,53285669,0.384325604453612
"25981","20074.16",25981,53285800,-0.464765493446166
"25982","20074.16",25982,53286570,-0.48667265768551
"25983","20074.16",25983,53289400,0.221800851891246
"25984","20074.16",25984,53291917,0.15783016251458
"25985","20074.16",25985,53293757,0.352956120426216
"25986","20074.16",25986,53293758,-0.283369130881163
"25987","20074.16",25987,53298190,0.244451626437161
"25988","20074.16",25988,53300614,-1.29268908587484
"25989","20074.16",25989,53300732,0.126091893631084
"25990","20074.16",25990,53305625,-0.244270735579323
"25991","20074.16",25991,53306352,-0.106982952135106
"25992","20074.16",25992,53306801,-0.250509446908495
"25993","20074.16",25993,53310924,-0.935514595821071
"25994","20074.16",25994,53312497,-0.674596096802581
"25995","20074.16",25995,53313974,0.119920131514984
"25996","20074.16",25996,53315646,-0.0840703128262197
"25997","20074.16",25997,53316632,-1.1048335284825
"25998","20074.16",25998,53316854,0.833197891742194
"25999","20074.16",25999,53317060,0.872442946732032
"26000","20074.16",26000,53317756,1.20466554617578
"26001","20074.16",26001,53318227,-0.381926221360393
"26002","20074.16",26002,53318403,-0.749903845457765
"26003","20074.16",26003,53321246,-1.20545065511757
"26004","20074.16",26004,53321734,-0.132768513614956
"26005","20074.16",26005,53322356,-0.0157221267294139
"26006","20074.16",26006,53322913,0.624339927232273
"26007","20074.16",26007,53323749,0.154508010377825
"26008","20074.16",26008,53325073,-0.0644310910391566
"26009","20074.16",26009,53326822,-0.0923539801647282
"26010","20074.16",26010,53326860,0.144989178314906
"26011","20074.16",26011,53327041,-0.090399249433684
"26012","20074.16",26012,53327979,0.573919663032322
"26013","20074.16",26013,53333569,-0.780840568346041
"26014","20074.16",26014,53334316,0.0958780610014864
"26015","20074.16",26015,53339280,-0.806324383201383
"26016","20074.16",26016,53340183,-0.00585882675632288
"26017","20074.16",26017,53340589,-0.231549448556338
"26018","20074.16",26018,53341748,-0.0365509714336669
"26019","20074.16",26019,53341931,-0.324367387129804
"26020","20074.16",26020,53344389,0.907024955728805
"26021","20074.16",26021,53344404,0.0315353089520505
"26022","20074.16",26022,53348583,-0.204955636115617
"26023","20074.16",26023,53349000,0.332975517650058
"26024","20074.16",26024,53349692,-0.071135041464224
"26025","20074.16",26025,53352483,-0.648680129033512
"26026","20074.16",26026,53352500,-0.956416030035553
"26027","20074.16",26027,53353086,0.0896056199988626
"26028","20074.16",26028,53353159,0.696329833887146
"26029","20074.16",26029,53357438,0.00273417408043031
"26030","20074.16",26030,53357719,-1.6559676954575
"26031","20074.16",26031,53362488,0.0992762496560022
"26032","20074.16",26032,53362786,0.332553884412257
"26033","20074.16",26033,53363197,-0.0868387426279709
"26034","20074.16",26034,53372609,-0.801243520067579
"26035","20074.16",26035,53372930,0.366304710247033
"26036","20074.16",26036,53372949,-0.652975860615403
"26037","20074.16",26037,53373359,0.021198286727496
"26038","20074.16",26038,53373474,0.0708997126922526
"26039","20074.16",26039,53377003,-0.45378742450336
"26040","20074.16",26040,53378614,-0.584194634339641
"26041","20074.16",26041,53387898,0.774568987398976
"26042","20074.16",26042,53391424,-0.518431215275781
"26043","20074.16",26043,53391457,-0.969212935160901
"26044","20074.16",26044,53391881,-0.535343672575653
"26045","20074.16",26045,53392064,-0.499887069388158
"26046","20074.16",26046,53394286,0.513617807094893
"26047","20074.16",26047,53395014,-0.371868789308238
"26048","20074.16",26048,53396033,-0.297955014001516
"26049","20074.16",26049,53396807,-0.351690780770224
"26050","20074.16",26050,53398686,-0.601749296332236
"26051","20074.16",26051,53407559,0.434673801591015
"26052","20074.16",26052,53407767,0.277156389202537
"26053","20074.16",26053,53407815,-0.150279224681928
"26054","20074.16",26054,53407890,-0.176563256295375
"26055","20074.16",26055,53408462,0.696600909842032
"26056","20074.16",26056,53408794,0.09134636828135
"26057","20074.16",26057,53409275,-0.121061033168164
"26058","20074.16",26058,53412308,0.380829435419739
"26059","20074.16",26059,53412419,0.929963442706545
"26060","20074.16",26060,53412447,-0.023717220692439
"26061","20074.16",26061,53412496,-0.122636249706304
"26062","20074.16",26062,53412862,-0.0159052214325053
"26063","20074.16",26063,53413252,-1.57463116282212
"26064","20074.16",26064,53413316,-0.133547788228588
"26065","20074.16",26065,53415244,-0.267214357237759
"26066","20074.16",26066,53415341,0.549792434372605
"26067","20074.16",26067,53416567,0.623712848406137
"26068","20074.16",26068,53416929,0.231270870139521
"26069","20074.16",26069,53419043,-1.27826293868049
"26070","20074.16",26070,53419611,0.391351725809302
"26071","20074.16",26071,53424746,-0.346294028080782
"26072","20074.16",26072,53424851,-0.394209497669881
"26073","20074.16",26073,53425618,-1.0841029926163
"26074","20074.16",26074,53426164,0.0859991633478101
"26075","20074.16",26075,53426485,0.145453255301524
"26076","20074.16",26076,53428994,-0.667435269423652
"26077","20074.16",26077,53429205,-0.391458581037218
"26078","20074.16",26078,53429775,0.246877686094623
"26079","20074.16",26079,53430069,-0.89215568734023
"26080","20074.16",26080,53430389,-0.148597821255764
"26081","20074.16",26081,53430529,-0.301145999209574
"26082","20074.16",26082,53438798,0.0400811641344863
"26083","20074.16",26083,53439664,-0.308696950131266
"26084","20074.16",26084,53439821,0.14905577376103
"26085","20074.16",26085,53441733,-1.060319553703
"26086","20074.16",26086,53455240,-0.837917445749079
"26087","20074.16",26087,53455525,-0.52391373201838
"26088","20074.16",26088,53455649,-1.90949212424159
"26089","20074.16",26089,53455664,-0.610200494535835
"26090","20074.16",26090,53455743,-0.52288613733809
"26091","20074.16",26091,53455916,-0.435923473987289
"26092","20074.16",26092,53458018,-0.651062603192653
"26093","20074.16",26093,53469388,-0.566433016046068
"26094","20074.16",26094,53469464,-0.926589211099815
"26095","20074.16",26095,53469808,-0.69946904475688
"26096","20074.16",26096,53469930,-0.215620197275328
"26097","20074.16",26097,53469945,-0.401598544103897
"26098","20074.16",26098,53470004,8.11628203258863e-05
"26099","20074.16",26099,53470035,-0.0760911156522095
"26100","20074.16",26100,53472426,-0.547851719762678
"26101","20074.16",26101,53472966,-0.7688939660924
"26102","20074.16",26102,53473058,-0.53314704065159
"26103","20074.16",26103,53473161,-0.667277320016067
"26104","20074.16",26104,53473175,-0.145597919216984
"26105","20074.16",26105,53473294,-1.2899864497397
"26106","20074.16",26106,53473428,-0.695196064612203
"26107","20074.16",26107,53473441,-0.226244825472405
"26108","20074.16",26108,53473812,-0.0260018608505215
"26109","20074.16",26109,53474009,0.0260821125791137
"26110","20074.16",26110,53474250,0.664529100131019
"26111","20074.16",26111,53475495,-0.486005621158966
"26112","20074.16",26112,53475509,-0.142403448476467
"26113","20074.16",26113,53475524,-0.590729528705864
"26114","20074.16",26114,53475539,-0.162118134565899
"26115","20074.16",26115,53480311,-0.148033805853379
"26116","20074.16",26116,53482693,-1.15926077279556
"26117","20074.16",26117,53482788,0.161440583126987
"26118","20074.16",26118,53482805,-0.358863326128361
"26119","20074.16",26119,53482864,-0.651306453426911
"26120","20074.16",26120,53482989,-0.216323683008176
"26121","20074.16",26121,53483003,0.00451583450660831
"26122","20074.16",26122,53483044,0.508005181626312
"26123","20074.16",26123,53483057,0.582685191514254
"26124","20074.16",26124,53483078,0.067452395755792
"26125","20074.16",26125,53483115,0.388880004497735
"26126","20074.16",26126,53483257,0.661346826367031
"26127","20074.16",26127,53483680,-0.0790707061357825
"26128","20074.16",26128,53483792,-0.355609306245102
"26129","20074.16",26129,53483980,0.26080461873518
"26130","20074.16",26130,53484051,-1.76214840116038
"26131","20074.16",26131,53484202,-0.240633784053317
"26132","20074.16",26132,53490658,0.238538683112845
"26133","20074.16",26133,53490676,0.193049210269369
"26134","20074.16",26134,53490695,0.152467655182607
"26135","20074.16",26135,53490718,0.337786285887092
"26136","20074.16",26136,53490790,-0.551579491761328
"26137","20074.16",26137,53490875,0.018423370438593
"26138","20074.16",26138,53490916,-0.32981178433857
"26139","20074.16",26139,53490933,-0.0593965725525569
"26140","20074.16",26140,53492121,0.0682180448453389
"26141","20074.16",26141,53492138,-0.135372550861006
"26142","20074.16",26142,53492285,0.1193891084968
"26143","20074.16",26143,53492388,0.365872440102021
"26144","20074.16",26144,53492432,0.370731310913208
"26145","20074.16",26145,53492489,0.0133986112787881
"26146","20074.16",26146,53496598,0.201326085950539
"26147","20074.16",26147,53498589,-0.873941675348496
"26148","20074.16",26148,53498655,-0.291683845885309
"26149","20074.16",26149,53498670,-0.75466543976079
"26150","20074.16",26150,53498703,0.092295518993657
"26151","20074.16",26151,53498995,0.237950866299684
"26152","20074.16",26152,53499015,-0.422169966937506
"26153","20074.16",26153,53499240,-0.512160524907511
"26154","20074.16",26154,53499254,-0.249593355046975
"26155","20074.16",26155,53499376,-0.724296940486833
"26156","20074.16",26156,53499392,-1.60948974737169
"26157","20074.16",26157,53499408,-0.545521375394406
"26158","20074.16",26158,53499438,-0.890071336773938
"26159","20074.16",26159,53499451,-1.51001112664069
"26160","20074.16",26160,53499934,-0.762280368806217
"26161","20074.16",26161,53500092,-0.396381027091222
"26162","20074.16",26162,53500191,-0.548651634228968
"26163","20074.16",26163,53500722,-0.477737622497431
"26164","20074.16",26164,53500946,-0.399999331926464
"26165","20074.16",26165,53500982,-0.0700193073989999
"26166","20074.16",26166,53501065,-1.02998973301744
"26167","20074.16",26167,53503440,-0.463496240597606
"26168","20074.16",26168,53504167,-0.44927220945199
"26169","20074.16",26169,53504246,-0.131090959964684
"26170","20074.16",26170,53504414,-0.578572779670226
"26171","20074.16",26171,53504455,-0.406987800557654
"26172","20074.16",26172,53504470,0.383936422599148
"26173","20074.16",26173,53504520,0.411865571037574
"26174","20074.16",26174,53504986,-1.26596530151784
"26175","20074.16",26175,53504997,0.378195585390075
"26176","20074.16",26176,53505089,0.705019647447489
"26177","20074.16",26177,53505104,-1.16854028845968
"26178","20074.16",26178,53505944,0.357333658302564
"26179","20074.16",26179,53505985,0.574356800022644
"26180","20074.16",26180,53508206,-0.066844559316074
"26181","20074.16",26181,53508530,-0.097472007437755
"26182","20074.16",26182,53508554,0.279870044822126
"26183","20074.16",26183,53508562,-0.961245800724404
"26184","20074.16",26184,53508574,-0.575154365621107
"26185","20074.16",26185,53508580,0.0649404442492374
"26186","20074.16",26186,53512837,-1.12069510138102
"26187","20074.16",26187,53513000,0.279643265208816
"26188","20074.16",26188,53513014,-0.755357570173285
"26189","20074.16",26189,53513033,-0.140854220794137
"26190","20074.16",26190,53513055,-0.134964925006624
"26191","20074.16",26191,53513095,-0.158187512541859
"26192","20074.16",26192,53513117,-0.471583008077216
"26193","20074.16",26193,53513137,-0.802396438572882
"26194","20074.16",26194,53513320,0.00466599042913085
"26195","20074.16",26195,53513400,0.225254015611328
"26196","20074.16",26196,53513418,0.50922546995641
"26197","20074.16",26197,53513452,-0.290357255188
"26198","20074.16",26198,53513502,0.0820139084314269
"26199","20074.16",26199,53513516,-0.547926601486146
"26200","20074.16",26200,53513531,-0.236994643231308
"26201","20074.16",26201,53520718,-0.234957015955808
"26202","20074.16",26202,53520831,-0.552751139535423
"26203","20074.16",26203,53520931,0.298682945304816
"26204","20074.16",26204,53520969,-0.424878803766422
"26205","20074.16",26205,53521047,0.11346768794112
"26206","20074.16",26206,53521133,0.377857091182261
"26207","20074.16",26207,53521178,-1.02546483976898
"26208","20074.16",26208,53521255,0.158176898371483
"26209","20074.16",26209,53521351,0.10826827740662
"26210","20074.16",26210,53521368,0.311076384457208
"26211","20074.16",26211,53521391,0.0378709550360714
"26212","20074.16",26212,53521426,0.285167342833884
"26213","20074.16",26213,53521435,0.426099968097474
"26214","20074.16",26214,53521510,-0.340745834181364
"26215","20074.16",26215,53521578,0.427901483374824
"26216","20074.16",26216,53521628,-0.0265802937789736
"26217","20074.16",26217,53521667,0.0484356306252112
"26218","20074.16",26218,53521682,0.336483502343639
"26219","20074.16",26219,53521694,0.771599952553806
"26220","20074.16",26220,53521709,0.0347152015590853
"26221","20074.16",26221,53521750,0.210415114659449
"26222","20074.16",26222,53521791,0.520583520996921
"26223","20074.16",26223,53523220,-1.43558718128402
"26224","20074.16",26224,53523366,-0.251543106572775
"26225","20074.16",26225,53523428,-0.433604707301958
"26226","20074.16",26226,53523445,-0.272155188257188
"26227","20074.16",26227,53523463,-0.66301587473927
"26228","20074.16",26228,53523479,0.233244372326404
"26229","20074.16",26229,53523526,-0.977920445397477
"26230","20074.16",26230,53523615,-0.0707037846082903
"26231","20074.16",26231,53524308,-0.98069491027086
"26232","20074.16",26232,53526982,-0.148946075978702
"26233","20074.16",26233,53527713,-0.585851013397228
"26234","20074.16",26234,53528079,1.15564504345317
"26235","20074.16",26235,53528949,0.261285555935284
"26236","20074.16",26236,53529563,0.407383756494517
"26237","20074.16",26237,53529774,-0.230633508598961
"26238","20074.16",26238,53532576,-0.04838485125389
"26239","20074.16",26239,53532916,1.0872569470554
"26240","20074.16",26240,53533801,-0.0806946293731077
"26241","20074.16",26241,53535729,0.191229434592734
"26242","20074.16",26242,53536105,-0.0204448835061006
"26243","20074.16",26243,53538157,-0.383473335892161
"26244","20074.16",26244,53539509,0.212988661274236
"26245","20074.16",26245,53539615,-0.446770594976787
"26246","20074.16",26246,53540892,0.0293525475860692
"26247","20074.16",26247,53541098,-0.0396807733716882
"26248","20074.16",26248,53541390,-0.40669073709702
"26249","20074.16",26249,53541463,0.314339861356125
"26250","20074.16",26250,53541478,1.0520952834733
"26251","20074.16",26251,53544993,-0.631023056051352
"26252","20074.16",26252,53545800,0.0773967149652837
"26253","20074.16",26253,53550142,0.0537242553511028
"26254","20074.16",26254,53550258,-0.0766038459462068
"26255","20074.16",26255,53550898,0.244159008976252
"26256","20074.16",26256,53550982,-0.286952910741146
"26257","20074.16",26257,53552182,-0.108227357417551
"26258","20074.16",26258,53554156,0.269924293896708
"26259","20074.16",26259,53554953,0.601677101145277
"26260","20074.16",26260,53555224,0.45408022013727
"26261","20074.16",26261,53556090,0.601324200906146
"26262","20074.16",26262,53559730,-0.481838639914685
"26263","20074.16",26263,53561391,-0.455536020008069
"26264","20074.16",26264,53561973,-0.275316502467999
"26265","20074.16",26265,53562129,0.266934610707996
"26266","20074.16",26266,53562392,-0.292271592394131
"26267","20074.16",26267,53562595,0.00857184551936285
"26268","20074.16",26268,53562642,-0.593350374761372
"26269","20074.16",26269,53568993,0.515464899735041
"26270","20074.16",26270,53569642,-0.926091732070415
"26271","20074.16",26271,53570298,-0.0139580506314507
"26272","20074.16",26272,53576543,-0.0579256885924258
"26273","20074.16",26273,53578288,0.59489413052852
"26274","20074.16",26274,53578578,0.149854108449121
"26275","20074.16",26275,53578713,-0.023717220692439
"26276","20074.16",26276,53579858,-0.0981200119158085
"26277","20074.16",26277,53582438,0.232282308609109
"26278","20074.16",26278,53582718,-0.657109305603635
"26279","20074.16",26279,53584725,-0.25822601468332
"26280","20074.16",26280,53584823,-0.441260535758426
"26281","20074.16",26281,53584921,0.794384287463402
"26282","20074.16",26282,53586185,0.344604045845423
"26283","20074.16",26283,53586526,-0.166991528432233
"26284","20074.16",26284,53588064,0.525891124770246
"26285","20074.16",26285,53588290,-1.34115768370688
"26286","20074.16",26286,53589819,0.293663618953315
"26287","20074.16",26287,53590335,-1.77927706201555
"26288","20074.16",26288,53593093,-0.579320460513836
"26289","20074.16",26289,53594318,0.0195259372373897
"26290","20074.16",26290,53594713,-0.62165882412576
"26291","20074.16",26291,53596366,-0.275364691961467
"26292","20074.16",26292,53599953,-0.249345081868931
"26293","20074.16",26293,53604177,0.80129793801146
"26294","20074.16",26294,53604530,0.607839534581575
"26295","20074.16",26295,53607159,0.118546651465767
"26296","20074.16",26296,53607862,0.380262593099657
"26297","20074.16",26297,53610051,0.388242852783082
"26298","20074.16",26298,53610164,-0.563920106909183
"26299","20074.16",26299,53610448,0.93757921266269
"26300","20074.16",26300,53613108,-0.00273349289499158
"26301","20074.16",26301,53614241,-0.83609965489374
"26302","20074.16",26302,53614746,0.670060375036111
"26303","20074.16",26303,53622123,-0.989029778923746
"26304","20074.16",26304,53624500,0.0220538372595209
"26305","20074.16",26305,53626811,-0.0650567978039023
"26306","20074.16",26306,53632886,-0.370830842832421
"26307","20074.16",26307,53634232,0.266015003913014
"26308","20074.16",26308,53637888,-0.497636734996218
"26309","20074.16",26309,53639311,-0.426065230087151
"26310","20074.16",26310,53639438,-0.486268743995318
"26311","20074.16",26311,53642824,-0.526088997037765
"26312","20074.16",26312,53642848,-0.330834743073816
"26313","20074.16",26313,53642860,-0.542699918383564
"26314","20074.16",26314,53644245,0.626499413732351
"26315","20074.16",26315,53644543,1.05895389035234
"26316","20074.16",26316,53645687,0.0169943592514015
"26317","20074.16",26317,53647968,-0.09820728895171
"26318","20074.16",26318,53648068,-0.317225215434547
"26319","20074.16",26319,53648482,0.200012828259102
"26320","20074.16",26320,53648846,0.302523841331985
"26321","20074.16",26321,53651502,-0.899307055843137
"26322","20074.16",26322,53651842,0.216997133042139
"26323","20074.16",26323,53653910,-0.449802366096878
"26324","20074.16",26324,53656407,0.514239492043497
"26325","20074.16",26325,53660817,-0.363876379712723
"26326","20074.16",26326,53660866,0.146405290229398
"26327","20074.16",26327,53661495,-0.556512598897227
"26328","20074.16",26328,53661784,-0.161435446616182
"26329","20074.16",26329,53664223,-1.39823759715716
"26330","20074.16",26330,53664597,0.170490126360628
"26331","20074.16",26331,53670388,-0.0154999942786667
"26332","20074.16",26332,53671611,0.110517116060365
"26333","20074.16",26333,53671754,0.490145946894754
"26334","20074.16",26334,53672150,-0.257075824355277
"26335","20074.16",26335,53672338,0.577562333244869
"26336","20074.16",26336,53678178,-0.0751438140472223
"26337","20074.16",26337,53678429,0.228910494876935
"26338","20074.16",26338,53678704,-0.625715578930232
"26339","20074.16",26339,53680195,-0.38737788565499
"26340","20074.16",26340,53681237,-0.82520406853169
"26341","20074.16",26341,53681430,-0.79795410387632
"26342","20074.16",26342,53683489,0.941253716525632
"26343","20074.16",26343,53683585,0.144238215814529
"26344","20074.16",26344,53686434,0.0624791656206671
"26345","20074.16",26345,53692135,0.251715538705747
"26346","20074.16",26346,53692199,0.220507137386133
"26347","20074.16",26347,53693477,-0.225026329177236
"26348","20074.16",26348,53693864,-0.170399400892775
"26349","20074.16",26349,53700897,-0.855051388555562
"26350","20074.16",26350,53701364,-0.557971903574804
"26351","20074.16",26351,53701514,-0.393588632929789
"26352","20074.16",26352,53705150,-0.2512703603277
"26353","20074.16",26353,53706154,0.517577327915911
"26354","20074.16",26354,53706913,-0.694813391233203
"26355","20074.16",26355,53707359,-0.541228969896313
"26356","20074.16",26356,53713222,-0.100541063362273
"26357","20074.16",26357,53715628,-0.246607373699145
"26358","20074.16",26358,53719255,0.62570465759234
"26359","20074.16",26359,53720895,0.600380728497403
"26360","20074.16",26360,53720987,-0.187995477639345
"26361","20074.16",26361,53725402,0.508368581630301
"26362","20074.16",26362,53725657,-0.674418155258883
"26363","20074.16",26363,53727144,-0.534930989882973
"26364","20074.16",26364,53729823,-0.163363039524972
"26365","20074.16",26365,53730637,-0.319604899643349
"26366","20074.16",26366,53733579,-0.590425107990696
"26367","20074.16",26367,53734252,-0.818812634916823
"26368","20074.16",26368,53735174,0.546464325863526
"26369","20074.16",26369,53735383,-0.0550833717280508
"26370","20074.16",26370,53739773,0.164652729114215
"26371","20074.16",26371,53739944,0.11475896877639
"26372","20074.16",26372,53739999,0.467537176070175
"26373","20074.16",26373,53740615,-0.753562237717613
"26374","20074.16",26374,53743321,0.426193148800771
"26375","20074.16",26375,53744552,-0.854739090750416
"26376","20074.16",26376,53747547,-0.155596739301175
"26377","20074.16",26377,53750062,0.342956697821582
"26378","20074.16",26378,53753659,0.312157623540544
"26379","20074.16",26379,53756900,0.816194311463843
"26380","20074.16",26380,53760062,0.368435142621345
"26381","20074.16",26381,53760532,0.115039143806733
"26382","20074.16",26382,53763943,-0.395170137795376
"26383","20074.16",26383,53766563,-0.664601633414287
"26384","20074.16",26384,53769293,0.513439783299069
"26385","20074.16",26385,53769919,0.646293073793385
"26386","20074.16",26386,53770224,0.729754032431551
"26387","20074.16",26387,53770578,0.308970582498355
"26388","20074.16",26388,53770749,0.17223202590276
"26389","20074.16",26389,53771583,-0.194488971703154
"26390","20074.16",26390,53771791,-0.0944072270982401
"26391","20074.16",26391,53773047,0.0039453509959575
"26392","20074.16",26392,53773885,-0.0435624535374286
"26393","20074.16",26393,53774151,-0.495610869660939
"26394","20074.16",26394,53776543,-0.443741799129465
"26395","20074.16",26395,53777020,0.202106557800285
"26396","20074.16",26396,53777210,0.697966618691747
"26397","20074.16",26397,53777477,-0.313799438271215
"26398","20074.16",26398,53780102,0.398156542885665
"26399","20074.16",26399,53781939,-0.036943865486978
"26400","20074.16",26400,53789166,-1.37802180608026
"26401","20074.16",26401,53789508,-0.434907923184817
"26402","20074.16",26402,53790181,-0.0306925197668413
"26403","20074.16",26403,53790291,-0.00711397946799242
"26404","20074.16",26404,53790402,0.665548885603813
"26405","20074.16",26405,53790762,-0.568128633598238
"26406","20074.16",26406,53791248,-0.112039377808149
"26407","20074.16",26407,53795409,-0.208097491861226
"26408","20074.16",26408,53795636,-0.166484418989769
"26409","20074.16",26409,53798553,-0.433004063789983
"26410","20074.16",26410,53798979,-0.25596655345381
"26411","20074.16",26411,53799593,-0.759163706424014
"26412","20074.16",26412,53800387,0.468664238969365
"26413","20074.16",26413,53800568,0.638068658616526
"26414","20074.16",26414,53800754,0.322857723198612
"26415","20074.16",26415,53800954,-0.141860234733017
"26416","20074.16",26416,53806280,-0.112283692402208
"26417","20074.16",26417,53807498,-0.0887476981042798
"26418","20074.16",26418,53807764,0.636070994355157
"26419","20074.16",26419,53808258,-0.0457560720581185
"26420","20074.16",26420,53809247,0.659667704001907
"26421","20074.16",26421,53809313,-0.465981041126016
"26422","20074.16",26422,53810014,0.209424244682316
"26423","20074.16",26423,53810139,0.433119388833018
"26424","20074.16",26424,53810686,0.165339739389172
"26425","20074.16",26425,53812524,-0.0611974291057278
"26426","20074.16",26426,53812614,-0.0788151994572592
"26427","20074.16",26427,53812835,0.437600049185721
"26428","20074.16",26428,53816275,0.0360699577425869
"26429","20074.16",26429,53820503,-0.0231342798871683
"26430","20074.16",26430,53820527,0.414134750133761
"26431","20074.16",26431,53824111,0.764069524507064
"26432","20074.16",26432,53825238,-0.658928298811279
"26433","20074.16",26433,53825488,0.22857606079972
"26434","20074.16",26434,53826185,0.153651103185551
"26435","20074.16",26435,53830465,-0.0151286549662393
"26436","20074.16",26436,53830645,0.113371553234748
"26437","20074.16",26437,53830969,0.00704286899099582
"26438","20074.16",26438,53831390,-0.313523779333309
"26439","20074.16",26439,53832816,-0.535656433242481
"26440","20074.16",26440,53834076,-0.168935634632623
"26441","20074.16",26441,53835216,0.292997228799456
"26442","20074.16",26442,53836485,0.201974375841737
"26443","20074.16",26443,53843533,0.258926506576093
"26444","20074.16",26444,53844084,0.094500698572701
"26445","20074.16",26445,53844294,1.14018395821977
"26446","20074.16",26446,53844579,0.456114980775308
"26447","20074.16",26447,53845673,-0.2105094285901
"26448","20074.16",26448,53846742,-0.579702248492762
"26449","20074.16",26449,53846926,0.925035015081465
"26450","20074.16",26450,53847654,0.940189265263965
"26451","20074.16",26451,53850079,0.0979928733937525
"26452","20074.16",26452,53850170,0.643400156349178
"26453","20074.16",26453,53851304,-0.0183978344619575
"26454","20074.16",26454,53851599,0.212090139238937
"26455","20074.16",26455,53851807,0.0404257878309098
"26456","20074.16",26456,53851959,0.0356543256532991
"26457","20074.16",26457,53855833,-0.151223942247404
"26458","20074.16",26458,53857063,-0.347035103625897
"26459","20074.16",26459,53858024,-0.279867510529363
"26460","20074.16",26460,53858497,-0.451634610026116
"26461","20074.16",26461,53858583,0.890179390698301
"26462","20074.16",26462,53858777,1.11503314673824
"26463","20074.16",26463,53859158,-0.238633561199805
"26464","20074.16",26464,53862721,0.245675477691511
"26465","20074.16",26465,53863443,-0.777279680154879
"26466","20074.16",26466,53864400,-0.293535903003894
"26467","20074.16",26467,53864880,0.536747773548385
"26468","20074.16",26468,53865126,0.103677390201811
"26469","20074.16",26469,53865226,0.625066368306517
"26470","20074.16",26470,53867193,0.202937344617367
"26471","20074.16",26471,53867414,-0.225118678288706
"26472","20074.16",26472,53868316,-0.483166774534827
"26473","20074.16",26473,53871806,-0.116268919820642
"26474","20074.16",26474,53871903,-1.29686867924646
"26475","20074.16",26475,53872527,-0.347730119275107
"26476","20074.16",26476,53874401,-0.446835473804585
"26477","20074.16",26477,53875484,0.394232473876429
"26478","20074.16",26478,53875499,0.428046593227328
"26479","20074.16",26479,53875712,-0.0929632985671907
"26480","20074.16",26480,53876043,-0.756467395422002
"26481","20074.16",26481,53876149,0.77011846802144
"26482","20074.16",26482,53876444,0.196201922261138
"26483","20074.16",26483,53876566,-0.302757137033847
"26484","20074.16",26484,53878192,-0.498927665828979
"26485","20074.16",26485,53882371,-0.385950392343582
"26486","20074.16",26486,53882657,-1.01919038421926
"26487","20074.16",26487,53882859,-0.453217733040581
"26488","20074.16",26488,53883452,0.219377636946411
"26489","20074.16",26489,53885435,-0.616238575306939
"26490","20074.16",26490,53885913,0.16586294357496
"26491","20074.16",26491,53886619,0.435006840433087
"26492","20074.16",26492,53887738,-0.150048517597929
"26493","20074.16",26493,53888305,-0.14390518221118
"26494","20074.16",26494,53893576,0.334697854382861
"26495","20074.16",26495,53893841,0.44902197672307
"26496","20074.16",26496,53896260,-0.492519656108612
"26497","20074.16",26497,53898506,-0.317607886307697
"26498","20074.16",26498,53899563,0.515718203673214
"26499","20074.16",26499,53899586,-0.715520700093012
"26500","20074.16",26500,53905219,0.29408481921095
"26501","20074.16",26501,53905476,0.54755029849895
"26502","20074.16",26502,53906099,0.390969197021424
"26503","20074.16",26503,53908589,-0.771539528232461
"26504","20074.16",26504,53908603,-0.0569527180652818
"26505","20074.16",26505,53908657,0.383485376555236
"26506","20074.16",26506,53909156,-0.124442255523604
"26507","20074.16",26507,53909185,-0.375640301208514
"26508","20074.16",26508,53911142,-1.16051093774046
"26509","20074.16",26509,53911770,0.0151871677206632
"26510","20074.16",26510,53915400,0.511053127723049
"26511","20074.16",26511,53916508,-0.0391624699434878
"26512","20074.16",26512,53916879,-0.013278567037923
"26513","20074.16",26513,53917246,-0.307127649674427
"26514","20074.16",26514,53918647,0.623361254211697
"26515","20074.16",26515,53918883,-0.251278155182065
"26516","20074.16",26516,53922494,-0.125529130614889
"26517","20074.16",26517,53922838,0.365192746824168
"26518","20074.16",26518,53923529,0.0942100847896885
"26519","20074.16",26519,53925456,-0.683803029976366
"26520","20074.16",26520,53926790,0.487177917496969
"26521","20074.16",26521,53928607,0.110963610348112
"26522","20074.16",26522,53929547,-0.589226591426195
"26523","20074.16",26523,53932503,-0.293259074997599
"26524","20074.16",26524,53937632,0.285241562286523
"26525","20074.16",26525,53938050,1.23038153976764
"26526","20074.16",26526,53938338,-0.77075037536848
"26527","20074.16",26527,53938411,0.234892019062824
"26528","20074.16",26528,53939456,-0.315133934813842
"26529","20074.16",26529,53942144,1.05004671934452
"26530","20074.16",26530,53942284,0.305543847276604
"26531","20074.16",26531,53942712,0.158284055568424
"26532","20074.16",26532,53942805,0.124012618443466
"26533","20074.16",26533,53943074,0.571460404292417
"26534","20074.16",26534,53946204,0.17119195634446
"26535","20074.16",26535,53946270,0.525356406406716
"26536","20074.16",26536,53948194,0.550177662839055
"26537","20074.16",26537,53948922,-0.361885137595759
"26538","20074.16",26538,53949591,0.586634186101549
"26539","20074.16",26539,53949916,0.655210204201558
"26540","20074.16",26540,53952946,-0.104496929002968
"26541","20074.16",26541,53953474,-0.911269077050323
"26542","20074.16",26542,53955667,-0.875806985272212
"26543","20074.16",26543,53956052,0.30664179628732
"26544","20074.16",26544,53959538,0.450977948849041
"26545","20074.16",26545,53960085,0.418624683063416
"26546","20074.16",26546,53960365,-0.267547782126098
"26547","20074.16",26547,53960527,0.671416887632303
"26548","20074.16",26548,53963063,-0.519466944656985
"26549","20074.16",26549,53963181,-0.650247716776823
"26550","20074.16",26550,53963640,0.414898252734276
"26551","20074.16",26551,53963935,0.032246101306983
"26552","20074.16",26552,53968547,-0.190802968014911
"26553","20074.16",26553,53973807,1.57866683604118
"26554","20074.16",26554,53973895,0.498431385979614
"26555","20074.16",26555,53978846,0.173673022139574
"26556","20074.16",26556,53979340,0.249554894052548
"26557","20074.16",26557,53979356,-0.614159725860354
"26558","20074.16",26558,53982599,0.377091765633261
"26559","20074.16",26559,53982749,0.38170043412427
"26560","20074.16",26560,53983200,0.301489739347413
"26561","20074.16",26561,53983480,-0.362199296901639
"26562","20074.16",26562,53985273,-0.38372554086201
"26563","20074.16",26563,53986611,0.313216406349155
"26564","20074.16",26564,53988978,-0.572213819439079
"26565","20074.16",26565,53991355,-0.576008178052299
"26566","20074.16",26566,53992259,0.120688286093745
"26567","20074.16",26567,53992704,-0.624703913254637
"26568","20074.16",26568,53992724,-1.20653291795807
"26569","20074.16",26569,53995584,-0.412103068323609
"26570","20074.16",26570,53995762,0.116979752574871
"26571","20074.16",26571,53998687,-0.200157093174305
"26572","20074.16",26572,53998930,0.0702171138661773
"26573","20074.16",26573,53999292,-0.701902061456003
"26574","20074.16",26574,53999638,0.689512294811888
"26575","20074.16",26575,53999764,0.140783812764747
"26576","20074.16",26576,54000907,0.371704863147186
"26577","20074.16",26577,54001111,-0.269127048995779
"26578","20074.16",26578,54001248,-0.0636719407256985
"26579","20074.16",26579,54003483,0.514973355512423
"26580","20074.16",26580,54003723,-0.330191046348903
"26581","20074.16",26581,54003805,0.890314365921875
"26582","20074.16",26582,54004811,0.642242672653608
"26583","20074.16",26583,54005163,0.396787409221191
"26584","20074.16",26584,54005779,0.696051234231493
"26585","20074.16",26585,54006658,0.144568450149017
"26586","20074.16",26586,54009937,-0.169981953742281
"26587","20074.16",26587,54010309,-0.235154045243055
"26588","20074.16",26588,54011573,-0.124874880418868
"26589","20074.16",26589,54012314,-0.394726641008022
"26590","20074.16",26590,54014238,-0.0128136818143902
"26591","20074.16",26591,54014267,0.536019980120288
"26592","20074.16",26592,54014643,-0.285733651042115
"26593","20074.16",26593,54017108,0.253915379732024
"26594","20074.16",26594,54017310,0.727380193834978
"26595","20074.16",26595,54019686,-0.130551325205331
"26596","20074.16",26596,54020024,-0.025729285792492
"26597","20074.16",26597,54020145,0.00912247699787105
"26598","20074.16",26598,54020232,0.472787077765381
"26599","20074.16",26599,54021009,0.661035137591379
"26600","20074.16",26600,54021028,-0.362256522173353
"26601","20074.16",26601,54021668,-0.88511593357253
"26602","20074.16",26602,54024266,0.0200791504275672
"26603","20074.16",26603,54024348,-0.508594118827779
"26604","20074.16",26604,54025172,-0.338804870887143
"26605","20074.16",26605,54025314,-0.284601910935541
"26606","20074.16",26606,54025433,-0.185713411162241
"26607","20074.16",26607,54028628,0.366073054450452
"26608","20074.16",26608,54029304,0.220429118765877
"26609","20074.16",26609,54029402,-0.416010111203989
"26610","20074.16",26610,54033794,-0.635094446608443
"26611","20074.16",26611,54033845,-0.565251398909781
"26612","20074.16",26612,54034145,0.838553033671302
"26613","20074.16",26613,54034359,-0.52127998898236
"26614","20074.16",26614,54034941,-0.309247026118602
"26615","20074.16",26615,54034952,0.15661518302453
"26616","20074.16",26616,54035809,0.449539396722499
"26617","20074.16",26617,54036243,0.492710847380903
"26618","20074.16",26618,54036352,1.11071709035233
"26619","20074.16",26619,54036895,0.18202452981657
"26620","20074.16",26620,54037971,-0.363887745416625
"26621","20074.16",26621,54043323,0.0747481268017163
"26622","20074.16",26622,54043514,-0.305449017804242
"26623","20074.16",26623,54044515,0.780380026638816
"26624","20074.16",26624,54046901,-0.342045392169805
"26625","20074.16",26625,54047593,-0.14407243833444
"26626","20074.16",26626,54049153,0.96075221287181
"26627","20074.16",26627,54049205,0.411379017607451
"26628","20074.16",26628,54049252,0.0476077391332774
"26629","20074.16",26629,54049665,-0.0710729242458044
"26630","20074.16",26630,54049767,0.589153603869293
"26631","20074.16",26631,54054912,-0.796618196707259
"26632","20074.16",26632,54056159,0.623825908122645
"26633","20074.16",26633,54057079,0.202528906637331
"26634","20074.16",26634,54057380,-0.122908031458446
"26635","20074.16",26635,54057771,-1.2787393475937
"26636","20074.16",26636,54069465,0.0624119782444561
"26637","20074.16",26637,54072641,0.129322409007396
"26638","20074.16",26638,54072856,1.10367001770492
"26639","20074.16",26639,54074627,0.827542007271712
"26640","20074.16",26640,54074877,-0.578354180088624
"26641","20074.16",26641,54082370,-0.0852494079899646
"26642","20074.16",26642,54082551,0.688986555245058
"26643","20074.16",26643,54083083,-0.0487522076696685
"26644","20074.16",26644,54083167,0.501713508984719
"26645","20074.16",26645,54086469,0.349345779711157
"26646","20074.16",26646,54086580,0.385243757043891
"26647","20074.16",26647,54086626,-0.229277601543688
"26648","20074.16",26648,54087859,0.0639899897615592
"26649","20074.16",26649,54089783,0.334744475171543
"26650","20074.16",26650,54090495,-0.535199287176646
"26651","20074.16",26651,54090534,-0.180177467995715
"26652","20074.16",26652,54090589,0.439512992875517
"26653","20074.16",26653,54094699,0.566481555509191
"26654","20074.16",26654,54095275,-0.9654249612143
"26655","20074.16",26655,54095865,-0.287667441879287
"26656","20074.16",26656,54097159,0.587514242877917
"26657","20074.16",26657,54097177,-0.0168818588620541
"26658","20074.16",26658,54097334,-0.318973616500071
"26659","20074.16",26659,54097462,0.353753533912587
"26660","20074.16",26660,54099427,0.374871160647678
"26661","20074.16",26661,54099469,0.0297543531505395
"26662","20074.16",26662,54100532,-0.238615186274412
"26663","20074.16",26663,54100914,0.360160984658216
"26664","20074.16",26664,54101461,0.636491939334026
"26665","20074.16",26665,54102766,-0.757023134382782
"26666","20074.16",26666,54102967,-0.255576818455438
"26667","20074.16",26667,54105414,0.482432620120526
"26668","20074.16",26668,54105824,-0.562733133863095
"26669","20074.16",26669,54105971,0.690701309572082
"26670","20074.16",26670,54107830,0.0655397631764156
"26671","20074.16",26671,54107923,0.263774088538798
"26672","20074.16",26672,54107962,-0.604274438076409
"26673","20074.16",26673,54108123,-0.145674128431416
"26674","20074.16",26674,54112480,-0.0668426877450568
"26675","20074.16",26675,54116076,0.552244590393678
"26676","20074.16",26676,54116166,0.175286746864137
"26677","20074.16",26677,54116922,0.0712726056866444
"26678","20074.16",26678,54117511,0.182857475284141
"26679","20074.16",26679,54117564,0.246394239638529
"26680","20074.16",26680,54118435,0.889188798905853
"26681","20074.16",26681,54119283,0.253924024577191
"26682","20074.16",26682,54120384,-0.184072365627924
"26683","20074.16",26683,54121384,-0.106072596279952
"26684","20074.16",26684,54121747,0.307601623653652
"26685","20074.16",26685,54122031,0.515922075022076
"26686","20074.16",26686,54122123,0.418995094809175
"26687","20074.16",26687,54122276,0.162378687162856
"26688","20074.16",26688,54123389,0.22738673547512
"26689","20074.16",26689,54123417,-0.231761365028883
"26690","20074.16",26690,54123512,1.12765319072054
"26691","20074.16",26691,54124896,0.2197188626032
"26692","20074.16",26692,54125040,-0.772231056530568
"26693","20074.16",26693,54125533,0.878112751411442
"26694","20074.16",26694,54125755,-0.292725044995498
"26695","20074.16",26695,54126617,0.71672514248298
"26696","20074.16",26696,54126709,-0.0321350581403719
"26697","20074.16",26697,54129800,0.37768048454905
"26698","20074.16",26698,54130070,0.923165847756018
"26699","20074.16",26699,54130170,1.05631333418252
"26700","20074.16",26700,54133800,-0.325756638785592
"26701","20074.16",26701,54134802,0.139672661790263
"26702","20074.16",26702,54134966,-0.53369665652572
"26703","20074.16",26703,54135289,-0.382931795789269
"26704","20074.16",26704,54135684,0.389344881476968
"26705","20074.16",26705,54137259,0.352037191149084
"26706","20074.16",26706,54137680,0.576830490512932
"26707","20074.16",26707,54137862,0.220186530334492
"26708","20074.16",26708,54137980,0.226368015559438
"26709","20074.16",26709,54138564,-0.213179377579095
"26710","20074.16",26710,54144522,-0.478032321870057
"26711","20074.16",26711,54151808,-0.183003208694899
"26712","20074.16",26712,54152620,-0.421561571550944
"26713","20074.16",26713,54152730,-0.0678890313586153
"26714","20074.16",26714,54153099,0.175633393631582
"26715","20074.16",26715,54155742,-0.197348220558526
"26716","20074.16",26716,54157884,0.463714940634474
"26717","20074.16",26717,54158849,0.236261262348935
"26718","20074.16",26718,54160488,0.582356266184301
"26719","20074.16",26719,54161138,-0.482039752797591
"26720","20074.16",26720,54165241,0.041577280776087
"26721","20074.16",26721,54165373,0.408995763615741
"26722","20074.16",26722,54165459,0.261474098861156
"26723","20074.16",26723,54166636,-0.613658709242132
"26724","20074.16",26724,54168800,-0.317074650402041
"26725","20074.16",26725,54168893,-1.40717058994186
"26726","20074.16",26726,54169228,0.234599967285269
"26727","20074.16",26727,54172171,-0.233878417918442
"26728","20074.16",26728,54172825,-0.592139009281554
"26729","20074.16",26729,54173244,-0.251464591071359
"26730","20074.16",26730,54174285,0.702194852786389
"26731","20074.16",26731,54175313,-0.395121012646133
"26732","20074.16",26732,54175645,0.164316165510876
"26733","20074.16",26733,54177001,0.291109165500019
"26734","20074.16",26734,54177681,-0.926966420718548
"26735","20074.16",26735,54178148,-0.697226604774174
"26736","20074.16",26736,54178164,-1.91468980648304
"26737","20074.16",26737,54178740,-0.228344586282799
"26738","20074.16",26738,54183537,-0.215869349276422
"26739","20074.16",26739,54183759,-0.633557495538437
"26740","20074.16",26740,54183884,0.108838323314543
"26741","20074.16",26741,54184002,-0.249027528902994
"26742","20074.16",26742,54186437,0.358889550193003
"26743","20074.16",26743,54186553,-0.143797259663177
"26744","20074.16",26744,54187061,0.0748539499912342
"26745","20074.16",26745,54187783,-0.633518315612102
"26746","20074.16",26746,54187805,-0.103542944964995
"26747","20074.16",26747,54189238,0.528072770537531
"26748","20074.16",26748,54189295,-1.05679449208377
"26749","20074.16",26749,54189974,0.255663264168315
"26750","20074.16",26750,54190017,-0.103959324580384
"26751","20074.16",26751,54192755,-0.0317616340712163
"26752","20074.16",26752,54196117,-0.266045765723953
"26753","20074.16",26753,54196189,0.660588870690108
"26754","20074.16",26754,54200127,0.179732905432234
"26755","20074.16",26755,54200214,0.190246153622825
"26756","20074.16",26756,54200327,-0.135999220814461
"26757","20074.16",26757,54201384,-1.15223236371308
"26758","20074.16",26758,54206026,-0.34597788544797
"26759","20074.16",26759,54206715,-0.619147663487608
"26760","20074.16",26760,54210447,-0.132250195332389
"26761","20074.16",26761,54211135,0.161347280222638
"26762","20074.16",26762,54213541,-0.619136244040861
"26763","20074.16",26763,54224498,0.533062584748817
"26764","20074.16",26764,54224557,0.540556784114115
"26765","20074.16",26765,54224741,0.123038296612441
"26766","20074.16",26766,54225127,-0.174488976135496
"26767","20074.16",26767,54225801,-0.384865423164167
"26768","20074.16",26768,54226355,-0.81404105202904
"26769","20074.16",26769,54226630,-0.501581234316268
"26770","20074.16",26770,54227083,-0.663766605394073
"26771","20074.16",26771,54230659,-0.394188473000978
"26772","20074.16",26772,54231196,-0.214663369600457
"26773","20074.16",26773,54235131,-0.0979170857518614
"26774","20074.16",26774,54235381,0.187923038080009
"26775","20074.16",26775,54235440,0.777840056287784
"26776","20074.16",26776,54238739,0.267321989005622
"26777","20074.16",26777,54239701,0.261965327004632
"26778","20074.16",26778,54240206,-1.1417310944273
"26779","20074.16",26779,54240828,0.811696600437819
"26780","20074.16",26780,54242273,-0.0319129088991223
"26781","20074.16",26781,54242664,-0.0493360602612363
"26782","20074.16",26782,54242688,-0.285021635379042
"26783","20074.16",26783,54243548,0.299481775519522
"26784","20074.16",26784,54244648,0.201763804492852
"26785","20074.16",26785,54244754,0.12130341387529
"26786","20074.16",26786,54244920,0.731935552857595
"26787","20074.16",26787,54245001,0.386029369728893
"26788","20074.16",26788,54245390,-0.153862555304471
"26789","20074.16",26789,54248648,0.657028789836445
"26790","20074.16",26790,54249057,-0.0646093429657082
"26791","20074.16",26791,54251063,-0.555538107901158
"26792","20074.16",26792,54251362,0.737773269028092
"26793","20074.16",26793,54251547,0.576613481359657
"26794","20074.16",26794,54251664,1.19590686787935
"26795","20074.16",26795,54253883,-0.188533980641879
"26796","20074.16",26796,54254126,-0.48020579342927
"26797","20074.16",26797,54254197,0.7122832862499
"26798","20074.16",26798,54255222,0.63946054426284
"26799","20074.16",26799,54255367,0.786309850195978
"26800","20074.16",26800,54256025,0.0170971138297373
"26801","20074.16",26801,54259167,-0.562342933763131
"26802","20074.16",26802,54259917,-0.931063611431427
"26803","20074.16",26803,54260723,0.349586038249885
"26804","20074.16",26804,54260860,-0.458214618622968
"26805","20074.16",26805,54262571,0.296826285363848
"26806","20074.16",26806,54263368,0.0145506192422546
"26807","20074.16",26807,54265248,0.101569486403348
"26808","20074.16",26808,54265765,-0.145516777357882
"26809","20074.16",26809,54268301,0.699883727535417
"26810","20074.16",26810,54268333,0.476850451719309
"26811","20074.16",26811,54268659,0.462931768723652
"26812","20074.16",26812,54272374,-0.549590584112271
"26813","20074.16",26813,54274020,-0.7583381353777
"26814","20074.16",26814,54275542,-0.014895776571116
"26815","20074.16",26815,54276187,-1.08629965977638
"26816","20074.16",26816,54276243,0.586447820923659
"26817","20074.16",26817,54276331,0.765093520075522
"26818","20074.16",26818,54278001,-1.41981880565878
"26819","20074.16",26819,54278786,0.0992809663349563
"26820","20074.16",26820,54279403,0.284747860870611
"26821","20074.16",26821,54281069,-0.0934120463423183
"26822","20074.16",26822,54281291,-0.00128958338494645
"26823","20074.16",26823,54282360,-0.474249561403678
"26824","20074.16",26824,54286027,0.145236641454326
"26825","20074.16",26825,54286091,0.946160435944146
"26826","20074.16",26826,54286496,-0.0380758821561313
"26827","20074.16",26827,54286557,0.46484862403856
"26828","20074.16",26828,54287131,-0.0272773913344277
"26829","20074.16",26829,54289105,0.238091938853815
"26830","20074.16",26830,54289529,0.663672419074456
"26831","20074.16",26831,54290480,-0.561016029353827
"26832","20074.16",26832,54291460,0.332059293375207
"26833","20074.16",26833,54291976,-0.8422018849015
"26834","20074.16",26834,54299114,0.561603567142238
"26835","20074.16",26835,54301523,-0.950921800520987
"26836","20074.16",26836,54302026,0.0305615385860509
"26837","20074.16",26837,54302298,-0.826253942614971
"26838","20074.16",26838,54302298,0.169371507400349
"26839","20074.16",26839,54302352,0.00644391843638292
"26840","20074.16",26840,54303959,0.301404460840232
"26841","20074.16",26841,54307024,-0.443406674436091
"26842","20074.16",26842,54307333,-0.671425473717068
"26843","20074.16",26843,54307776,0.0330711892151516
"26844","20074.16",26844,54309185,0.744697332067612
"26845","20074.16",26845,54310052,0.264877335703418
"26846","20074.16",26846,54310400,-0.880983914950859
"26847","20074.16",26847,54313637,-0.161728672780289
"26848","20074.16",26848,54315371,0.0564110021536655
"26849","20074.16",26849,54328001,-0.0987229111031303
"26850","20074.16",26850,54328327,0.590228125189147
"26851","20074.16",26851,54328574,0.592538081660055
"26852","20074.16",26852,54329160,0.36278047041814
"26853","20074.16",26853,54330981,-0.212088214562152
"26854","20074.16",26854,54331011,-0.462274081727096
"26855","20074.16",26855,54331843,0.0771906541362206
"26856","20074.16",26856,54334905,-0.131234421675562
"26857","20074.16",26857,54336850,-0.0399594447331397
"26858","20074.16",26858,54337706,-0.41170465032333
"26859","20074.16",26859,54341080,0.814230160403974
"26860","20074.16",26860,54341451,-0.615431340868454
"26861","20074.16",26861,54341515,0.00271705679191747
"26862","20074.16",26862,54343069,-0.398328588781549
"26863","20074.16",26863,54346824,-0.844990712487511
"26864","20074.16",26864,54347315,-0.202656541498787
"26865","20074.16",26865,54347421,0.278870065710945
"26866","20074.16",26866,54349607,-0.116530293078369
"26867","20074.16",26867,54352920,-0.747749613270006
"26868","20074.16",26868,54354480,0.510286904583199
"26869","20074.16",26869,54355169,-0.542825038181525
"26870","20074.16",26870,54355418,-0.0891176789598447
"26871","20074.16",26871,54355601,0.696114516580978
"26872","20074.16",26872,54355623,-0.296925077991733
"26873","20074.16",26873,54360823,-0.623300526608499
"26874","20074.16",26874,54362606,0.803550061126699
"26875","20074.16",26875,54362654,-0.197680577640433
"26876","20074.16",26876,54362685,0.499728167568757
"26877","20074.16",26877,54362788,0.0789257865111574
"26878","20074.16",26878,54365318,0.818210828101889
"26879","20074.16",26879,54365347,0.13428099085975
"26880","20074.16",26880,54365492,0.473118172231966
"26881","20074.16",26881,54365597,-0.27104239834798
"26882","20074.16",26882,54367563,-0.932384049593294
"26883","20074.16",26883,54367963,-0.65628659831026
"26884","20074.16",26884,54368572,-0.61769708992397
"26885","20074.16",26885,54368674,0.102460430487418
"26886","20074.16",26886,54368954,0.139580201980507
"26887","20074.16",26887,54369043,0.697623187875752
"26888","20074.16",26888,54369458,0.15890075161079
"26889","20074.16",26889,54369510,0.433337297182006
"26890","20074.16",26890,54369524,0.110158461480719
"26891","20074.16",26891,54372863,0.501941656429755
"26892","20074.16",26892,54372977,-1.05217507862923
"26893","20074.16",26893,54374039,0.279483978754972
"26894","20074.16",26894,54376917,-0.364800003213292
"26895","20074.16",26895,54377813,0.156246029651134
"26896","20074.16",26896,54378434,0.607222468569737
"26897","20074.16",26897,54380052,-0.244081766443547
"26898","20074.16",26898,54383284,0.17291061806085
"26899","20074.16",26899,54383575,-0.0099156981580597
"26900","20074.16",26900,54383732,0.318105266681612
"26901","20074.16",26901,54384123,1.01385942809872
"26902","20074.16",26902,54384414,0.425858890353587
"26903","20074.16",26903,54387200,-0.427202142588468
"26904","20074.16",26904,54388670,0.368876965261919
"26905","20074.16",26905,54389061,-0.523824189844857
"26906","20074.16",26906,54389387,-0.125958497120943
"26907","20074.16",26907,54389508,-0.663379772369461
"26908","20074.16",26908,54389630,0.701783643959865
"26909","20074.16",26909,54390875,-0.0752209148206644
"26910","20074.16",26910,54394685,-0.545251325893267
"26911","20074.16",26911,54394708,0.981813867925045
"26912","20074.16",26912,54395444,-0.479220331158714
"26913","20074.16",26913,54397370,0.447803844374872
"26914","20074.16",26914,54397395,0.575368510614795
"26915","20074.16",26915,54397513,-0.101467565766969
"26916","20074.16",26916,54402096,0.366395315249792
"26917","20074.16",26917,54403121,-0.471555502635995
"26918","20074.16",26918,54406554,-0.142837709955526
"26919","20074.16",26919,54407252,1.50256337063992
"26920","20074.16",26920,54407804,1.2715864775722
"26921","20074.16",26921,54409789,-0.0554031484979856
"26922","20074.16",26922,54409844,-1.37482784852533
"26923","20074.16",26923,54409942,0.11088404943565
"26924","20074.16",26924,54410098,0.944203380063967
"26925","20074.16",26925,54410202,0.1823281462709
"26926","20074.16",26926,54410238,-0.508796779851497
"26927","20074.16",26927,54410374,-0.479414504765146
"26928","20074.16",26928,54410447,0.402559461961643
"26929","20074.16",26929,54410488,-0.336713637811014
"26930","20074.16",26930,54410521,-0.18894341219727
"26931","20074.16",26931,54413779,0.684458369898121
"26932","20074.16",26932,54414284,0.229475477126054
"26933","20074.16",26933,54415412,-0.308249796615109
"26934","20074.16",26934,54415537,-0.065449020711494
"26935","20074.16",26935,54415928,-0.516591545249836
"26936","20074.16",26936,54416065,-0.380812364462981
"26937","20074.16",26937,54416422,-0.176786201846178
"26938","20074.16",26938,54416440,-0.227180598375046
"26939","20074.16",26939,54416464,0.0465341306217848
"26940","20074.16",26940,54416562,-0.118745184466158
"26941","20074.16",26941,54416605,-0.0536279135003479
"26942","20074.16",26942,54419632,0.691159518688541
"26943","20074.16",26943,54420699,-0.757164780266307
"26944","20074.16",26944,54420719,0.529175141889872
"26945","20074.16",26945,54420853,-0.0507378903208693
"26946","20074.16",26946,54420887,0.395214540247523
"26947","20074.16",26947,54420954,0.0416356847901715
"26948","20074.16",26948,54422233,-0.215806035581174
"26949","20074.16",26949,54422262,-0.562819707430875
"26950","20074.16",26950,54422277,-0.493555597144305
"26951","20074.16",26951,54422330,-0.0457925442887648
"26952","20074.16",26952,54422633,0.166281317149386
"26953","20074.16",26953,54422674,-0.0567938117166484
"26954","20074.16",26954,54422835,-0.602308397911435
"26955","20074.16",26955,54422849,0.27185941261869
"26956","20074.16",26956,54422865,0.533753175170941
"26957","20074.16",26957,54422901,1.17452295804882
"26958","20074.16",26958,54422953,0.993161524275327
"26959","20074.16",26959,54422972,1.38055472782785
"26960","20074.16",26960,54423055,-0.995160908268834
"26961","20074.16",26961,54423090,0.142148998109508
"26962","20074.16",26962,54423169,-1.86439382875603
"26963","20074.16",26963,54423209,-0.868556306649383
"26964","20074.16",26964,54424971,0.150041098423761
"26965","20074.16",26965,54428406,1.10692857079769
"26966","20074.16",26966,54429799,-0.70271912604219
"26967","20074.16",26967,54429858,0.857149934377651
"26968","20074.16",26968,54430068,0.345106622856011
"26969","20074.16",26969,54430663,-0.416673555289006
"26970","20074.16",26970,54430938,-0.0643491713908109
"26971","20074.16",26971,54434340,-1.30012243715374
"26972","20074.16",26972,54434481,-0.0791862369155059
"26973","20074.16",26973,54434757,0.438333649225917
"26974","20074.16",26974,54436930,-0.0190556094158003
"26975","20074.16",26975,54437429,-0.23903751542429
"26976","20074.16",26976,54440358,-0.0677574817476474
"26977","20074.16",26977,54441970,-0.266925761413368
"26978","20074.16",26978,54442645,0.114251020401656
"26979","20074.16",26979,54442878,1.16192962669231
"26980","20074.16",26980,54443086,0.47317031148144
"26981","20074.16",26981,54443223,1.05378344266043
"26982","20074.16",26982,54444609,-0.68001097861493
"26983","20074.16",26983,54445328,0.985792455289508
"26984","20074.16",26984,54447808,0.237477966562513
"26985","20074.16",26985,54447838,-0.511102862334144
"26986","20074.16",26986,54448089,0.110002724047597
"26987","20074.16",26987,54452346,0.946327226568806
"26988","20074.16",26988,54452586,0.615271965451005
"26989","20074.16",26989,54452969,0.0227704804177167
"26990","20074.16",26990,54453046,0.750647729621311
"26991","20074.16",26991,54456095,0.519175531263575
"26992","20074.16",26992,54456625,0.21750186891142
"26993","20074.16",26993,54456945,0.632306416197477
"26994","20074.16",26994,54458804,-0.910570375141195
"26995","20074.16",26995,54460156,0.0563645125092256
"26996","20074.16",26996,54460342,-0.0713097696965903
"26997","20074.16",26997,54461785,-0.0339646503121633
"26998","20074.16",26998,54462316,-0.85789415475815
"26999","20074.16",26999,54463713,0.649709057425638
"27000","20074.16",27000,54464154,0.243120278251843
"27001","20074.16",27001,54464336,1.04288348275735
"27002","20074.16",27002,54464540,-0.430268693016853
"27003","20074.16",27003,54465791,0.247119121617579
"27004","20074.16",27004,54466474,-0.630403641348339
"27005","20074.16",27005,54466973,-0.468019697278478
"27006","20074.16",27006,54467454,-1.00645319748987
"27007","20074.16",27007,54469331,0.825819982988167
"27008","20074.16",27008,54471626,-1.44901286618399
"27009","20074.16",27009,54472783,0.791675671320847
"27010","20074.16",27010,54473072,0.91323600121674
"27011","20074.16",27011,54473231,0.837099938151094
"27012","20074.16",27012,54473746,-0.26389165642773
"27013","20074.16",27013,54477595,-0.201999492362688
"27014","20074.16",27014,54477727,-0.73221143852087
"27015","20074.16",27015,54477881,-0.72894743175082
"27016","20074.16",27016,54478230,0.996974790667806
"27017","20074.16",27017,54478383,1.09236160445182
"27018","20074.16",27018,54478873,0.20822348822858
"27019","20074.16",27019,54479224,0.629573431613154
"27020","20074.16",27020,54480038,-1.207061283356
"27021","20074.16",27021,54481227,0.557739431184939
"27022","20074.16",27022,54484789,0.452664482039085
"27023","20074.16",27023,54485246,0.805486380623265
"27024","20074.16",27024,54485678,0.607273251993624
"27025","20074.16",27025,54485959,-0.118052545818161
"27026","20074.16",27026,54486091,0.26197807528185
"27027","20074.16",27027,54486144,0.526646220129277
"27028","20074.16",27028,54486421,-0.0490047201975505
"27029","20074.16",27029,54486644,0.249572259223226
"27030","20074.16",27030,54489578,0.230556103685176
"27031","20074.16",27031,54489793,0.0256163637684041
"27032","20074.16",27032,54489810,0.368884021736405
"27033","20074.16",27033,54490409,-0.194212424254952
"27034","20074.16",27034,54490454,0.56390771582323
"27035","20074.16",27035,54494218,-0.156686215992504
"27036","20074.16",27036,54494424,-0.596881458710958
"27037","20074.16",27037,54495070,-0.979313934600818
"27038","20074.16",27038,54495786,0.506388187772981
"27039","20074.16",27039,54497025,1.38478276524372
"27040","20074.16",27040,54497734,-0.188042214062493
"27041","20074.16",27041,54497854,0.716924789877491
"27042","20074.16",27042,54498945,-0.181277488583675
"27043","20074.16",27043,54503953,0.0796907080392852
"27044","20074.16",27044,54504019,-0.687423554951837
"27045","20074.16",27045,54504420,0.553408934481268
"27046","20074.16",27046,54508894,0.142285551219963
"27047","20074.16",27047,54508926,-0.107852712769036
"27048","20074.16",27048,54510745,-0.0549785313931537
"27049","20074.16",27049,54511131,0.218106597931244
"27050","20074.16",27050,54514432,-1.17576588580731
"27051","20074.16",27051,54515395,0.111914641123188
"27052","20074.16",27052,54516638,-0.472222414856563
"27053","20074.16",27053,54518724,-1.53596656829493
"27054","20074.16",27054,54519737,-0.0173286991445476
"27055","20074.16",27055,54520432,-0.648675800051636
"27056","20074.16",27056,54520696,0.46889008692848
"27057","20074.16",27057,54520726,-0.335427793073572
"27058","20074.16",27058,54520781,0.341350942230441
"27059","20074.16",27059,54521084,0.958216690522915
"27060","20074.16",27060,54521617,0.78525257543601
"27061","20074.16",27061,54521649,0.84791819498984
"27062","20074.16",27062,54522121,0.378236360796742
"27063","20074.16",27063,54524225,-0.577652106591394
"27064","20074.16",27064,54527141,-1.02302849935585
"27065","20074.16",27065,54532459,0.229185743339135
"27066","20074.16",27066,54537608,-1.40754734111978
"27067","20074.16",27067,54544084,-0.318649081511341
"27068","20074.16",27068,54544979,-0.360500101551365
"27069","20074.16",27069,54545563,0.835612440882346
"27070","20074.16",27070,54548144,0.306515758773506
"27071","20074.16",27071,54548372,0.410910798709581
"27072","20074.16",27072,54550169,0.516450473684384
"27073","20074.16",27073,54550239,0.113160573391576
"27074","20074.16",27074,54550808,0.589386191952301
"27075","20074.16",27075,54551725,0.213113323170409
"27076","20074.16",27076,54551802,0.19033708125808
"27077","20074.16",27077,54551866,-0.614608258309268
"27078","20074.16",27078,54554789,0.248461811881675
"27079","20074.16",27079,54555220,-0.258417565321699
"27080","20074.16",27080,54555685,0.0688143669586738
"27081","20074.16",27081,54558112,0.0656862682724277
"27082","20074.16",27082,54558562,-0.238906514670523
"27083","20074.16",27083,54559663,-0.30339572700085
"27084","20074.16",27084,54559857,0.562384055813111
"27085","20074.16",27085,54560067,-0.501084783212408
"27086","20074.16",27086,54560477,0.00172814255700171
"27087","20074.16",27087,54563647,-0.110088818196776
"27088","20074.16",27088,54563715,-0.177787318155521
"27089","20074.16",27089,54563823,0.46099262571354
"27090","20074.16",27090,54563973,-0.290223009187139
"27091","20074.16",27091,54565123,-0.383643700427251
"27092","20074.16",27092,54565139,-0.900381522641479
"27093","20074.16",27093,54565462,-0.537636285089652
"27094","20074.16",27094,54565740,0.375555425099582
"27095","20074.16",27095,54566933,0.442547197361002
"27096","20074.16",27096,54567006,0.579361517429555
"27097","20074.16",27097,54567170,-0.305066162775256
"27098","20074.16",27098,54567234,0.634778263182636
"27099","20074.16",27099,54567252,-0.204488573675697
"27100","20074.16",27100,54567354,-0.948176156596872
"27101","20074.16",27101,54570859,0.164915649468514
"27102","20074.16",27102,54577896,-0.499733145440993
"27103","20074.16",27103,54578328,0.840756777489136
"27104","20074.16",27104,54579604,0.0375577725615903
"27105","20074.16",27105,54582556,-0.0414611719746834
"27106","20074.16",27106,54585897,-0.741111772363305
"27107","20074.16",27107,54587910,0.37522721379849
"27108","20074.16",27108,54587953,0.233372654220531
"27109","20074.16",27109,54589532,0.869468370933025
"27110","20074.16",27110,54589596,0.613843273378758
"27111","20074.16",27111,54589696,0.625565474901014
"27112","20074.16",27112,54590039,0.242974756416515
"27113","20074.16",27113,54590275,0.535013231702282
"27114","20074.16",27114,54590591,-0.22884734989675
"27115","20074.16",27115,54591830,-0.866272848806024
"27116","20074.16",27116,54593848,0.210268733451906
"27117","20074.16",27117,54594375,-0.230740843099992
"27118","20074.16",27118,54594538,0.357121514018325
"27119","20074.16",27119,54594770,0.504945211402702
"27120","20074.16",27120,54595166,0.334616858578664
"27121","20074.16",27121,54595706,0.450569080808511
"27122","20074.16",27122,54596178,0.681301744505972
"27123","20074.16",27123,54597228,0.306500171879006
"27124","20074.16",27124,54597845,0.698824786214744
"27125","20074.16",27125,54597908,0.09430038613747
"27126","20074.16",27126,54599293,0.402382282438212
"27127","20074.16",27127,54599372,0.574080314268525
"27128","20074.16",27128,54601496,0.655450316705729
"27129","20074.16",27129,54603916,-0.0767576794301315
"27130","20074.16",27130,54604109,0.688731633555984
"27131","20074.16",27131,54604799,-2.06600425739082
"27132","20074.16",27132,54605490,0.216483511568628
"27133","20074.16",27133,54605536,0.0921421921453307
"27134","20074.16",27134,54605697,0.153031233462871
"27135","20074.16",27135,54608806,-0.583345819045766
"27136","20074.16",27136,54613264,0.151726508758407
"27137","20074.16",27137,54614192,0.186098119532572
"27138","20074.16",27138,54615037,-0.0363702122917191
"27139","20074.16",27139,54616469,0.0890050102219124
"27140","20074.16",27140,54619070,-0.431092323344581
"27141","20074.16",27141,54621336,0.312691324483318
"27142","20074.16",27142,54622194,0.115856725307708
"27143","20074.16",27143,54622476,0.961354091559813
"27144","20074.16",27144,54623116,-0.13877738184635
"27145","20074.16",27145,54623258,0.251982789927966
"27146","20074.16",27146,54626247,-0.434649399298046
"27147","20074.16",27147,54627052,0.464021911629147
"27148","20074.16",27148,54627108,-0.0844248152828131
"27149","20074.16",27149,54627526,0.0412611600308974
"27150","20074.16",27150,54627595,0.732029706247377
"27151","20074.16",27151,54627660,0.496392625734361
"27152","20074.16",27152,54627692,0.315261212097146
"27153","20074.16",27153,54629751,0.315395184943097
"27154","20074.16",27154,54629889,0.418884783303469
"27155","20074.16",27155,54630018,-0.0883344315759418
"27156","20074.16",27156,54631667,0.285143136855777
"27157","20074.16",27157,54632040,0.42881342763127
"27158","20074.16",27158,54632159,0.410072761552454
"27159","20074.16",27159,54632276,0.058807132733655
"27160","20074.16",27160,54632605,0.591790967993783
"27161","20074.16",27161,54636768,0.146682380098708
"27162","20074.16",27162,54643985,-0.311216846301904
"27163","20074.16",27163,54644077,-0.782442898583823
"27164","20074.16",27164,54644093,0.356328457038432
"27165","20074.16",27165,54648683,-0.542891535108381
"27166","20074.16",27166,54648824,-1.31897643636729
"27167","20074.16",27167,54651508,-0.126401129300593
"27168","20074.16",27168,54653702,0.150665578201153
"27169","20074.16",27169,54662469,-0.261779620957131
"27170","20074.16",27170,54663227,0.298307370867289
"27171","20074.16",27171,54667047,-0.400128515157387
"27172","20074.16",27172,54667136,-0.00979897369641058
"27173","20074.16",27173,54667353,-0.146763176481008
"27174","20074.16",27174,54667356,0.248193151517683
"27175","20074.16",27175,54667698,-0.135020047420667
"27176","20074.16",27176,54669310,-0.0427367130529204
"27177","20074.16",27177,54677292,0.00383519633530049
"27178","20074.16",27178,54678482,-0.354644334754418
"27179","20074.16",27179,54678578,0.450692629356397
"27180","20074.16",27180,54679438,0.0421280105335322
"27181","20074.16",27181,54679668,-0.307958466829128
"27182","20074.16",27182,54680180,0.400633757112339
"27183","20074.16",27183,54680247,0.462721263773321
"27184","20074.16",27184,54681404,-0.128522309714302
"27185","20074.16",27185,54683528,-0.0150746022348169
"27186","20074.16",27186,54684682,0.364428725535519
"27187","20074.16",27187,54685198,0.138688435848993
"27188","20074.16",27188,54688143,-1.13974765547354
"27189","20074.16",27189,54689640,-0.260458349432914
"27190","20074.16",27190,54691273,-0.0733228809310607
"27191","20074.16",27191,54691892,-1.46376218481829
"27192","20074.16",27192,54693355,-0.475885209804784
"27193","20074.16",27193,54694518,0.191157809000516
"27194","20074.16",27194,54695173,0.547493747233646
"27195","20074.16",27195,54696616,-0.59869884839329
"27196","20074.16",27196,54702760,-1.47172228334782
"27197","20074.16",27197,54703242,0.257078175748719
"27198","20074.16",27198,54703658,-0.137550933873369
"27199","20074.16",27199,54704605,-0.319002163704638
"27200","20074.16",27200,54706065,-0.731520054102383
"27201","20074.16",27201,54707551,-0.491017879038008
"27202","20074.16",27202,54709427,0.176440039225889
"27203","20074.16",27203,54710724,-0.864264803883913
"27204","20074.16",27204,54711355,-0.037508627591528
"27205","20074.16",27205,54712304,0.0843828178145598
"27206","20074.16",27206,54712475,0.99894334777186
"27207","20074.16",27207,54712899,0.492372295379385
"27208","20074.16",27208,54713189,-0.662235155886685
"27209","20074.16",27209,54714334,-0.437452406598571
"27210","20074.16",27210,54714487,-1.25602033498261
"27211","20074.16",27211,54718383,-0.404048373686906
"27212","20074.16",27212,54718868,-0.0621913971007055
"27213","20074.16",27213,54718921,0.229873126081928
"27214","20074.16",27214,54718991,-0.00291212637843774
"27215","20074.16",27215,54723081,-1.43965670233563
"27216","20074.16",27216,54724829,0.0805055492279845
"27217","20074.16",27217,54725496,-0.287236818261801
"27218","20074.16",27218,54726554,0.251130802087524
"27219","20074.16",27219,54727937,0.467020503038516
"27220","20074.16",27220,54728661,-0.384883994079529
"27221","20074.16",27221,54728909,-0.38602369091927
"27222","20074.16",27222,54728936,0.496871513124169
"27223","20074.16",27223,54728951,0.549322657871554
"27224","20074.16",27224,54729144,-0.55900499775587
"27225","20074.16",27225,54729226,0.568676153673391
"27226","20074.16",27226,54729491,0.331764504912592
"27227","20074.16",27227,54729522,0.266852415304693
"27228","20074.16",27228,54729686,0.884897694700245
"27229","20074.16",27229,54729743,-0.677767807070621
"27230","20074.16",27230,54730766,0.667039288490812
"27231","20074.16",27231,54730864,-0.484838510105401
"27232","20074.16",27232,54733001,-0.685319175161076
"27233","20074.16",27233,54733586,0.0224971603223718
"27234","20074.16",27234,54733746,0.672741342579015
"27235","20074.16",27235,54733807,0.518914563438874
"27236","20074.16",27236,54735441,0.758954007546497
"27237","20074.16",27237,54738457,-0.361235056095087
"27238","20074.16",27238,54738540,-0.472515287678411
"27239","20074.16",27239,54740645,-0.266547506363216
"27240","20074.16",27240,54742518,-0.326348785879688
"27241","20074.16",27241,54742706,0.369553451731647
"27242","20074.16",27242,54743397,0.379708222049708
"27243","20074.16",27243,54747840,-0.996309300285248
"27244","20074.16",27244,54749633,0.132045549303847
"27245","20074.16",27245,54749714,-0.237483746458726
"27246","20074.16",27246,54749729,-0.423740353663603
"27247","20074.16",27247,54750375,-0.678692549885657
"27248","20074.16",27248,54751218,0.379587063934541
"27249","20074.16",27249,54751246,0.779877688763015
"27250","20074.16",27250,54751520,0.315223705206342
"27251","20074.16",27251,54751807,-0.509870559982957
"27252","20074.16",27252,54751947,-0.432922499979306
"27253","20074.16",27253,54752019,0.506217184997493
"27254","20074.16",27254,54752205,0.0141336480150764
"27255","20074.16",27255,54752488,0.52450631147541
"27256","20074.16",27256,54752770,0.117503742338776
"27257","20074.16",27257,54752863,0.177708681371658
"27258","20074.16",27258,54753168,0.661559537135187
"27259","20074.16",27259,54753279,-0.45388899241694
"27260","20074.16",27260,54753308,-0.100349634968098
"27261","20074.16",27261,54753334,-0.275986359035806
"27262","20074.16",27262,54753593,0.399583017894655
"27263","20074.16",27263,54753997,-0.326679262913625
"27264","20074.16",27264,54754091,0.502254893084209
"27265","20074.16",27265,54754228,0.174873773724619
"27266","20074.16",27266,54754614,-0.83086965214338
"27267","20074.16",27267,54754669,-0.251700210988806
"27268","20074.16",27268,54754713,0.79356014413348
"27269","20074.16",27269,54754806,1.15844409500927
"27270","20074.16",27270,54760939,-0.688388974204565
"27271","20074.16",27271,54760957,-0.531030447904467
"27272","20074.16",27272,54761004,-0.0078265508286739
"27273","20074.16",27273,54762367,-0.133030285270229
"27274","20074.16",27274,54762701,-2.01980254008109
"27275","20074.16",27275,54762757,-0.623337635893915
"27276","20074.16",27276,54762791,-0.675396764414939
"27277","20074.16",27277,54762980,-0.0697642256399291
"27278","20074.16",27278,54763903,0.509658011898153
"27279","20074.16",27279,54764160,-0.92769546295936
"27280","20074.16",27280,54764212,-0.873382780628012
"27281","20074.16",27281,54764362,-0.428077359426812
"27282","20074.16",27282,54767670,-0.354091715025633
"27283","20074.16",27283,54767752,-0.39839930266494
"27284","20074.16",27284,54767876,-0.0717064716365607
"27285","20074.16",27285,54768033,0.610885580653734
"27286","20074.16",27286,54768127,0.0580455222913523
"27287","20074.16",27287,54768164,-0.039584553818317
"27288","20074.16",27288,54768291,-0.693732892344401
"27289","20074.16",27289,54768393,0.140573604463571
"27290","20074.16",27290,54768410,0.190870091158835
"27291","20074.16",27291,54768441,-0.0259087011394792
"27292","20074.16",27292,54768456,-1.10178454396215
"27293","20074.16",27293,54768464,-0.850278203032129
"27294","20074.16",27294,54770815,-0.709024855397002
"27295","20074.16",27295,54771478,0.271665821870877
"27296","20074.16",27296,54772070,0.514861683756139
"27297","20074.16",27297,54772116,1.04267950356415
"27298","20074.16",27298,54772171,0.0647346017633099
"27299","20074.16",27299,54773949,-0.33632334780756
"27300","20074.16",27300,54774070,-0.303979868327132
"27301","20074.16",27301,54774085,1.14703323450465
"27302","20074.16",27302,54774122,0.40457839194186
"27303","20074.16",27303,54774136,0.79803318885473
"27304","20074.16",27304,54774184,0.77781285037121
"27305","20074.16",27305,54774483,-0.0110419890685423
"27306","20074.16",27306,54774642,0.302998597332141
"27307","20074.16",27307,54774906,-1.07188587486592
"27308","20074.16",27308,54775213,-0.638172948019893
"27309","20074.16",27309,54775342,0.0833729773701686
"27310","20074.16",27310,54776018,-0.490075237166792
"27311","20074.16",27311,54776085,0.0891741671165853
"27312","20074.16",27312,54776161,-0.0779284095069794
"27313","20074.16",27313,54776175,0.54648521489812
"27314","20074.16",27314,54776271,-0.366949265886709
"27315","20074.16",27315,54776285,0.110430714245537
"27316","20074.16",27316,54778227,-0.418016746496049
"27317","20074.16",27317,54778907,0.303308198113412
"27318","20074.16",27318,54786558,-0.180508615482554
"27319","20074.16",27319,54787245,-0.731952812422406
"27320","20074.16",27320,54787700,-0.696204395195807
"27321","20074.16",27321,54794101,0.0575589978852244
"27322","20074.16",27322,54794249,0.789286517048866
"27323","20074.16",27323,54797343,0.634552036481536
"27324","20074.16",27324,54797736,0.3276277619939
"27325","20074.16",27325,54798311,-0.00842767353216978
"27326","20074.16",27326,54798678,0.650388610196914
"27327","20074.16",27327,54800795,-0.114987457843228
"27328","20074.16",27328,54803166,-0.381028086730024
"27329","20074.16",27329,54805715,-0.439129193655087
"27330","20074.16",27330,54808107,-0.68323739279148
"27331","20074.16",27331,54808809,-0.576259768860321
"27332","20074.16",27332,54816243,0.208849340761632
"27333","20074.16",27333,54816308,-0.00895268698935414
"27334","20074.16",27334,54818483,-0.252553651511652
"27335","20074.16",27335,54819501,0.331308609616992
"27336","20074.16",27336,54819932,-0.157248588333372
"27337","20074.16",27337,54823360,-0.391916236555932
"27338","20074.16",27338,54824568,-0.273672815727858
"27339","20074.16",27339,54825246,-0.339351802399913
"27340","20074.16",27340,54826932,-0.193263887175072
"27341","20074.16",27341,54829962,-0.335097039140257
"27342","20074.16",27342,54829975,-0.151240332508054
"27343","20074.16",27343,54830375,0.51443781971733
"27344","20074.16",27344,54832972,-0.225401286393267
"27345","20074.16",27345,54837508,-0.693442000896758
"27346","20074.16",27346,54842074,0.247993857893317
"27347","20074.16",27347,54842376,-0.252572779032857
"27348","20074.16",27348,54843731,0.299625220027447
"27349","20074.16",27349,54843809,0.319843368000256
"27350","20074.16",27350,54847257,-0.369155715144946
"27351","20074.16",27351,54847382,-0.216742056064819
"27352","20074.16",27352,54847496,0.235938349534325
"27353","20074.16",27353,54847914,0.386536388970389
"27354","20074.16",27354,54850215,-0.510832056731375
"27355","20074.16",27355,54850716,0.33848613648876
"27356","20074.16",27356,54851042,-0.00571298794822894
"27357","20074.16",27357,54851878,-0.309166057157415
"27358","20074.16",27358,54855814,0.653241658929741
"27359","20074.16",27359,54855966,-0.0982785575020237
"27360","20074.16",27360,54859693,-0.234025109707307
"27361","20074.16",27361,54859732,-0.230151452051603
"27362","20074.16",27362,54860249,0.518549332987109
"27363","20074.16",27363,54860284,0.120614717811389
"27364","20074.16",27364,54860713,0.667829574015701
"27365","20074.16",27365,54865371,-0.552197257711896
"27366","20074.16",27366,54865864,-0.233658879020446
"27367","20074.16",27367,54866453,-0.960484418458565
"27368","20074.16",27368,54868548,0.146299028724973
"27369","20074.16",27369,54869879,0.490074179918538
"27370","20074.16",27370,54871131,0.36740213276359
"27371","20074.16",27371,54871796,0.263012082898585
"27372","20074.16",27372,54872517,-0.572255361047413
"27373","20074.16",27373,54873802,-0.334835438925546
"27374","20074.16",27374,54876615,0.297868832149331
"27375","20074.16",27375,54877478,0.190710835473142
"27376","20074.16",27376,54879562,-0.247006964801231
"27377","20074.16",27377,54882545,0.98545119883623
"27378","20074.16",27378,54882663,-0.236399392479306
"27379","20074.16",27379,54882683,0.501186601251614
"27380","20074.16",27380,54883046,1.23395304365036
"27381","20074.16",27381,54883150,0.0383561797359411
"27382","20074.16",27382,54883621,0.993253104508766
"27383","20074.16",27383,54886833,-0.382013489204134
"27384","20074.16",27384,54887323,-0.0746829444552404
"27385","20074.16",27385,54887921,-0.322110632331638
"27386","20074.16",27386,54888770,-0.0782243651035213
"27387","20074.16",27387,54889464,0.265104540564431
"27388","20074.16",27388,54889496,-0.181004979560724
"27389","20074.16",27389,54890017,-0.625840193098465
"27390","20074.16",27390,54890460,-0.58286221939045
"27391","20074.16",27391,54890809,-0.195172397254803
"27392","20074.16",27392,54891164,0.446183860491851
"27393","20074.16",27393,54894032,-0.104765246980342
"27394","20074.16",27394,54894645,-0.62247770735039
"27395","20074.16",27395,54900593,-0.185249801147198
"27396","20074.16",27396,54902194,-0.619718881501179
"27397","20074.16",27397,54902897,0.130187028115301
"27398","20074.16",27398,54905195,0.814275136220401
"27399","20074.16",27399,54906895,0.323353795092166
"27400","20074.16",27400,54907203,0.0092140713736173
"27401","20074.16",27401,54909984,0.491771850805802
"27402","20074.16",27402,54912198,-0.59840208989504
"27403","20074.16",27403,54912441,-0.73003611132752
"27404","20074.16",27404,54922713,-0.0475910765556984
"27405","20074.16",27405,54924456,-0.41075858453376
"27406","20074.16",27406,54925727,-0.680677845169553
"27407","20074.16",27407,54927268,-0.279100222493424
"27408","20074.16",27408,54929597,-0.172364252479451
"27409","20074.16",27409,54931757,-0.105966211834046
"27410","20074.16",27410,54932197,-0.164255644011775
"27411","20074.16",27411,54935763,-0.400062456361148
"27412","20074.16",27412,54943206,-0.092190284439317
"27413","20074.16",27413,54945067,0.0670718866170459
"27414","20074.16",27414,54946132,0.0167959139710705
"27415","20074.16",27415,54947288,0.3727073811791
"27416","20074.16",27416,54952033,-0.0613396040180607
"27417","20074.16",27417,54954490,0.0391087861325641
"27418","20074.16",27418,54957426,0.623889033862425
"27419","20074.16",27419,54957595,0.487694926928271
"27420","20074.16",27420,54961763,-1.19137239299968
"27421","20074.16",27421,54978787,0.0203023415510604
"27422","20074.16",27422,54979388,0.679096016094774
"27423","20074.16",27423,54980455,-0.601022199243965
"27424","20074.16",27424,54981676,0.521653602913013
"27425","20074.16",27425,54983239,-0.0915388574645597
"27426","20074.16",27426,54983329,0.513861899571597
"27427","20074.16",27427,54983377,-0.0505647434661904
"27428","20074.16",27428,54987574,0.77185646702211
"27429","20074.16",27429,54989182,0.506906344465976
"27430","20074.16",27430,54989648,0.393315280383702
"27431","20074.16",27431,54991734,-0.306990495061291
"27432","20074.16",27432,54994479,-0.230791287841929
"27433","20074.16",27433,54997264,0.26542714435278
"27434","20074.16",27434,54998943,0.374066037883895
"27435","20074.16",27435,54999201,-0.281692133098447
"27436","20074.16",27436,54999366,0.108110329233524
"27437","20074.16",27437,55008095,-0.0216578404684817
"27438","20074.16",27438,55008253,0.10285668174919
"27439","20074.16",27439,55008310,0.355629378469293
"27440","20074.16",27440,55009156,0.46165967827307
"27441","20074.16",27441,55011104,0.370233933131449
"27442","20074.16",27442,55011861,-0.0231188990827
"27443","20074.16",27443,55014041,-0.319877478123699
"27444","20074.16",27444,55018900,0.575006801791543
"27445","20074.16",27445,55019574,-0.660714149556958
"27446","20074.16",27446,55025856,-0.21229404012305
"27447","20074.16",27447,55028402,-0.318603868744751
"27448","20074.16",27448,55031226,-0.582674411401238
"27449","20074.16",27449,55033966,1.04765009379094
"27450","20074.16",27450,55034098,0.846647032736322
"27451","20074.16",27451,55034255,0.482391319861322
"27452","20074.16",27452,55034693,0.477397647079926
"27453","20074.16",27453,55034966,-0.100822583954964
"27454","20074.16",27454,55035156,0.0447412106133491
"27455","20074.16",27455,55035224,0.211170137287465
"27456","20074.16",27456,55035544,0.48133005369218
"27457","20074.16",27457,55035688,0.134273897854436
"27458","20074.16",27458,55035959,0.0356193041575139
"27459","20074.16",27459,55036249,0.217391769570958
"27460","20074.16",27460,55036249,0.386489626525601
"27461","20074.16",27461,55038200,-2.3979437772391
"27462","20074.16",27462,55038994,-0.266226840320273
"27463","20074.16",27463,55039145,0.321065488076743
"27464","20074.16",27464,55040983,0.10556804198215
"27465","20074.16",27465,55042362,0.579957259612491
"27466","20074.16",27466,55043076,0.167044418777668
"27467","20074.16",27467,55044354,-0.475669529028261
"27468","20074.16",27468,55044859,0.641247465463906
"27469","20074.16",27469,55046482,0.229961267496097
"27470","20074.16",27470,55048156,-1.38254750993473
"27471","20074.16",27471,55048526,0.979696518406503
"27472","20074.16",27472,55048777,-0.00450685436133647
"27473","20074.16",27473,55051538,-1.15150311560469
"27474","20074.16",27474,55053996,1.23011275214213
"27475","20074.16",27475,55057406,-0.50635855688782
"27476","20074.16",27476,55061621,0.371242226632085
"27477","20074.16",27477,55062388,-0.284544137404814
"27478","20074.16",27478,55063042,-0.256504315054571
"27479","20074.16",27479,55063336,-0.308096974436607
"27480","20074.16",27480,55064212,0.181309393015206
"27481","20074.16",27481,55066617,0.432201886774068
"27482","20074.16",27482,55069399,0.089168074684312
"27483","20074.16",27483,55069693,0.633621377269487
"27484","20074.16",27484,55069776,0.875380127442718
"27485","20074.16",27485,55070239,0.0130120517635932
"27486","20074.16",27486,55071435,0.154710116307662
"27487","20074.16",27487,55071488,0.733359330454959
"27488","20074.16",27488,55071964,-0.284802725455344
"27489","20074.16",27489,55071983,0.724125189698896
"27490","20074.16",27490,55072007,0.81201614883893
"27491","20074.16",27491,55072550,-0.052632740918872
"27492","20074.16",27492,55075080,0.176348733926011
"27493","20074.16",27493,55078667,0.358698585158842
"27494","20074.16",27494,55080056,0.725467880182474
"27495","20074.16",27495,55080296,0.329935132132758
"27496","20074.16",27496,55080836,-0.169128266110143
"27497","20074.16",27497,55086206,0.482946661634352
"27498","20074.16",27498,55086310,0.540783574696786
"27499","20074.16",27499,55086333,-0.171804521977323
"27500","20074.16",27500,55087000,0.569086901264911
"27501","20074.16",27501,55087721,1.05299026446617
"27502","20074.16",27502,55087873,-1.23556407591932
"27503","20074.16",27503,55092141,-0.128370110061271
"27504","20074.16",27504,55093814,0.494871137585117
"27505","20074.16",27505,55093998,0.272989982086012
"27506","20074.16",27506,55097462,-0.95977824193885
"27507","20074.16",27507,55097648,-0.288187841169783
"27508","20074.16",27508,55098616,-0.293996059339158
"27509","20074.16",27509,55098833,-0.388264935494254
"27510","20074.16",27510,55098928,-0.191156675392828
"27511","20074.16",27511,55100901,-0.467966314499362
"27512","20074.16",27512,55101999,-0.256869184445065
"27513","20074.16",27513,55103699,0.0313430803651071
"27514","20074.16",27514,55103725,0.0749191578067023
"27515","20074.16",27515,55104086,0.99175038828008
"27516","20074.16",27516,55107320,-0.38506915743778
"27517","20074.16",27517,55109891,0.382312140807852
"27518","20074.16",27518,55109942,-0.132931235066984
"27519","20074.16",27519,55110247,0.00687509043946388
"27520","20074.16",27520,55110742,-0.485383774028168
"27521","20074.16",27521,55112907,-0.341440695994372
"27522","20074.16",27522,55113495,-0.371828288643223
"27523","20074.16",27523,55114680,-0.781527833151593
"27524","20074.16",27524,55116403,-1.33261797490921
"27525","20074.16",27525,55117552,-0.247915765423399
"27526","20074.16",27526,55117584,-0.416105000693082
"27527","20074.16",27527,55118798,-0.129596716317608
"27528","20074.16",27528,55119168,0.509079074949857
"27529","20074.16",27529,55121827,-0.151155900704491
"27530","20074.16",27530,55121992,0.081157897172977
"27531","20074.16",27531,55122227,0.323157342963808
"27532","20074.16",27532,55122586,0.13928434741846
"27533","20074.16",27533,55123062,0.547267856002745
"27534","20074.16",27534,55123453,-0.829874937175984
"27535","20074.16",27535,55124524,-0.0217770483852506
"27536","20074.16",27536,55127029,0.197479364084074
"27537","20074.16",27537,55127084,0.444953508035122
"27538","20074.16",27538,55127191,0.23752271444934
"27539","20074.16",27539,55127410,-0.0530729765537741
"27540","20074.16",27540,55129810,0.595281279007764
"27541","20074.16",27541,55131645,0.486153520459646
"27542","20074.16",27542,55131839,0.787639818458651
"27543","20074.16",27543,55132207,-0.171867188914891
"27544","20074.16",27544,55135860,-0.98509524093774
"27545","20074.16",27545,55136816,0.00646398397688763
"27546","20074.16",27546,55136905,0.32915855117976
"27547","20074.16",27547,55137655,0.66698866825929
"27548","20074.16",27548,55137896,0.71476817382479
"27549","20074.16",27549,55137925,-1.31783211491903
"27550","20074.16",27550,55138038,-0.631187581110415
"27551","20074.16",27551,55138716,0.204747265071196
"27552","20074.16",27552,55138853,-0.0140176719297118
"27553","20074.16",27553,55139065,0.261779439976388
"27554","20074.16",27554,55139434,0.411024880576153
"27555","20074.16",27555,55139483,0.356584918510971
"27556","20074.16",27556,55139669,0.40622407827727
"27557","20074.16",27557,55142717,-0.117821468613999
"27558","20074.16",27558,55142731,0.0700424105096626
"27559","20074.16",27559,55143191,0.388907265962094
"27560","20074.16",27560,55144195,0.22010721903608
"27561","20074.16",27561,55144217,-0.530072338739774
"27562","20074.16",27562,55146765,-0.220555607491252
"27563","20074.16",27563,55147787,0.354954660554577
"27564","20074.16",27564,55148122,0.117511258999855
"27565","20074.16",27565,55148476,-0.0735470247810701
"27566","20074.16",27566,55149045,0.957903161954369
"27567","20074.16",27567,55149634,0.576073416333586
"27568","20074.16",27568,55149802,-0.102708197794846
"27569","20074.16",27569,55150285,0.0721717567519535
"27570","20074.16",27570,55152604,-0.816312193358238
"27571","20074.16",27571,55153261,-0.315079050974187
"27572","20074.16",27572,55154013,-0.448061286280822
"27573","20074.16",27573,55156650,0.318914964682304
"27574","20074.16",27574,55158925,0.498016275307202
"27575","20074.16",27575,55159544,-0.515970275251128
"27576","20074.16",27576,55159585,-0.0532758292487197
"27577","20074.16",27577,55161456,0.471552542794595
"27578","20074.16",27578,55164453,0.124347562808764
"27579","20074.16",27579,55165382,-0.0650757081139197
"27580","20074.16",27580,55165407,-0.537679996597218
"27581","20074.16",27581,55165638,0.121979390928851
"27582","20074.16",27582,55165921,-0.0608014251192746
"27583","20074.16",27583,55165936,0.4358547055775
"27584","20074.16",27584,55169146,-0.0328471587978463
"27585","20074.16",27585,55169756,-0.154230582469618
"27586","20074.16",27586,55171874,0.470923065933616
"27587","20074.16",27587,55172910,0.723539580678714
"27588","20074.16",27588,55172951,-0.144044823367166
"27589","20074.16",27589,55173094,0.433711099691931
"27590","20074.16",27590,55173352,-0.374334304106573
"27591","20074.16",27591,55173942,0.841273690796139
"27592","20074.16",27592,55176072,-0.0783007802832518
"27593","20074.16",27593,55176106,0.0836244236885886
"27594","20074.16",27594,55177210,-1.20969699997933
"27595","20074.16",27595,55178160,0.470492667843678
"27596","20074.16",27596,55178521,0.0127996205942864
"27597","20074.16",27597,55179644,0.668718580232775
"27598","20074.16",27598,55179785,0.157058388664435
"27599","20074.16",27599,55180262,-0.0525209123271004
"27600","20074.16",27600,55181746,-0.0778091933729961
"27601","20074.16",27601,55183104,-0.474057759849373
"27602","20074.16",27602,55184874,0.145921987755706
"27603","20074.16",27603,55184891,-0.0275106259313764
"27604","20074.16",27604,55186045,0.332071025518132
"27605","20074.16",27605,55186130,-0.281613704189035
"27606","20074.16",27606,55187962,-0.0616160677046773
"27607","20074.16",27607,55189249,0.061644197454072
"27608","20074.16",27608,55191097,0.212035673101103
"27609","20074.16",27609,55191303,0.699664211135461
"27610","20074.16",27610,55191954,-0.236620237150216
"27611","20074.16",27611,55192280,0.277909669237826
"27612","20074.16",27612,55192543,-0.128252201598052
"27613","20074.16",27613,55192826,-0.717197000634164
"27614","20074.16",27614,55196195,-0.986065693354172
"27615","20074.16",27615,55196548,-1.29522315319524
"27616","20074.16",27616,55197242,0.0661901155194826
"27617","20074.16",27617,55198753,-0.895986800463787
"27618","20074.16",27618,55199804,0.624522244341455
"27619","20074.16",27619,55200316,0.198240466206163
"27620","20074.16",27620,55201088,-0.0750290714850141
"27621","20074.16",27621,55202381,0.60061413921692
"27622","20074.16",27622,55203273,0.452041772678169
"27623","20074.16",27623,55205094,-0.14911685379376
"27624","20074.16",27624,55206090,0.663315926422206
"27625","20074.16",27625,55206756,-0.201425071911568
"27626","20074.16",27626,55206934,0.141730333842436
"27627","20074.16",27627,55208082,-0.0489280002200276
"27628","20074.16",27628,55210458,0.208835723617683
"27629","20074.16",27629,55210636,-0.054040645402055
"27630","20074.16",27630,55214093,0.0749749336575167
"27631","20074.16",27631,55214821,0.0405779455026325
"27632","20074.16",27632,55216519,-1.09007587575387
"27633","20074.16",27633,55217098,0.848381082349282
"27634","20074.16",27634,55217319,-0.40013577743208
"27635","20074.16",27635,55218862,-0.610464611303393
"27636","20074.16",27636,55220800,0.1321583492276
"27637","20074.16",27637,55220855,-0.173568351555957
"27638","20074.16",27638,55221680,0.0806795371652731
"27639","20074.16",27639,55223146,0.299491491029914
"27640","20074.16",27640,55223207,-0.419086237485418
"27641","20074.16",27641,55223428,-0.202066745578098
"27642","20074.16",27642,55224220,-0.0153034902630997
"27643","20074.16",27643,55225083,0.26958999733584
"27644","20074.16",27644,55227540,0.195531829919878
"27645","20074.16",27645,55227614,-0.135972219210506
"27646","20074.16",27646,55228864,0.516468432854478
"27647","20074.16",27647,55230683,0.108315212557557
"27648","20074.16",27648,55231041,-0.182764776726148
"27649","20074.16",27649,55231196,0.280601998981981
"27650","20074.16",27650,55231337,0.503773658937628
"27651","20074.16",27651,55231740,0.468547327319659
"27652","20074.16",27652,55231868,-0.103713482868524
"27653","20074.16",27653,55232013,0.555138820910044
"27654","20074.16",27654,55236551,0.408950947433984
"27655","20074.16",27655,55238364,0.793257549771252
"27656","20074.16",27656,55238808,0.82300627692755
"27657","20074.16",27657,55239042,0.629692063359095
"27658","20074.16",27658,55239089,0.196648903892815
"27659","20074.16",27659,55239109,0.574058695193384
"27660","20074.16",27660,55239770,0.0100202898500452
"27661","20074.16",27661,55239943,0.116193727919816
"27662","20074.16",27662,55240061,-0.346977353435565
"27663","20074.16",27663,55240634,0.258390093080739
"27664","20074.16",27664,55240896,-0.602607488098481
"27665","20074.16",27665,55242687,-0.862912051702255
"27666","20074.16",27666,55243325,0.621379905602784
"27667","20074.16",27667,55243914,-0.224918536948577
"27668","20074.16",27668,55245037,-0.022723099532965
"27669","20074.16",27669,55245800,-0.955964241812453
"27670","20074.16",27670,55246032,0.240292172779847
"27671","20074.16",27671,55246237,1.10140996163905
"27672","20074.16",27672,55246255,0.833870665429676
"27673","20074.16",27673,55246727,1.10885798350367
"27674","20074.16",27674,55247000,0.0855525505119168
"27675","20074.16",27675,55247217,-0.130787504278628
"27676","20074.16",27676,55247265,0.0784417781739561
"27677","20074.16",27677,55250966,0.512723458918972
"27678","20074.16",27678,55250981,0.098312730293804
"27679","20074.16",27679,55251320,-0.326441277668001
"27680","20074.16",27680,55253930,-0.556894121795073
"27681","20074.16",27681,55254529,0.0744303125872854
"27682","20074.16",27682,55255098,-0.396511647928821
"27683","20074.16",27683,55255191,0.576860011439261
"27684","20074.16",27684,55257211,0.197662002943466
"27685","20074.16",27685,55257784,0.00694255292747403
"27686","20074.16",27686,55260388,0.472089142852846
"27687","20074.16",27687,55261400,-0.175826452935901
"27688","20074.16",27688,55263483,-0.318052144107029
"27689","20074.16",27689,55264517,0.362890850526829
"27690","20074.16",27690,55266507,1.25980772717435
"27691","20074.16",27691,55266700,0.369444306279497
"27692","20074.16",27692,55266784,0.204628688915991
"27693","20074.16",27693,55269067,-0.373641029232689
"27694","20074.16",27694,55269213,1.08650881886551
"27695","20074.16",27695,55269815,0.153263051993082
"27696","20074.16",27696,55269993,0.339200339998167
"27697","20074.16",27697,55270694,-0.381122026698953
"27698","20074.16",27698,55275956,0.188710430797854
"27699","20074.16",27699,55278424,-0.114750191828598
"27700","20074.16",27700,55278457,0.103662840265969
"27701","20074.16",27701,55278583,-0.44566763171384
"27702","20074.16",27702,55278599,-0.244871237083995
"27703","20074.16",27703,55279211,-0.248315113557729
"27704","20074.16",27704,55279333,-0.193702570263476
"27705","20074.16",27705,55280392,0.351557883258207
"27706","20074.16",27706,55282281,-0.367450464048026
"27707","20074.16",27707,55282571,-0.490413336849048
"27708","20074.16",27708,55285106,-1.20611835660611
"27709","20074.16",27709,55285675,0.37966192782972
"27710","20074.16",27710,55287217,0.00234666399521899
"27711","20074.16",27711,55288318,-0.89644084983868
"27712","20074.16",27712,55291144,0.588294548775585
"27713","20074.16",27713,55291750,0.510808476690296
"27714","20074.16",27714,55292373,0.338509024225357
"27715","20074.16",27715,55295338,0.122369004289851
"27716","20074.16",27716,55295508,-0.0880046965913248
"27717","20074.16",27717,55298145,-0.901067567437432
"27718","20074.16",27718,55298241,-0.138824571654067
"27719","20074.16",27719,55298349,0.52734354737571
"27720","20074.16",27720,55301920,0.555041104756081
"27721","20074.16",27721,55302173,-0.47087761633618
"27722","20074.16",27722,55302271,0.323976148548245
"27723","20074.16",27723,55302684,-0.589589390953878
"27724","20074.16",27724,55302855,-0.201820799500497
"27725","20074.16",27725,55305393,-0.0948308040894785
"27726","20074.16",27726,55306506,-1.01971842275776
"27727","20074.16",27727,55306993,-0.183564422286936
"27728","20074.16",27728,55307049,0.326876514163744
"27729","20074.16",27729,55307324,-1.06657184212357
"27730","20074.16",27730,55309388,-0.285774844868762
"27731","20074.16",27731,55309840,-0.246047602670638
"27732","20074.16",27732,55310339,0.344986823296677
"27733","20074.16",27733,55310450,0.207384903750327
"27734","20074.16",27734,55311294,0.729395901708693
"27735","20074.16",27735,55312368,0.145054549101168
"27736","20074.16",27736,55312894,0.897967574501012
"27737","20074.16",27737,55313079,0.0577934038067403
"27738","20074.16",27738,55313539,0.912713664678415
"27739","20074.16",27739,55313682,-0.729869110592551
"27740","20074.16",27740,55314018,-0.525730963479059
"27741","20074.16",27741,55314110,0.258856273614053
"27742","20074.16",27742,55314590,0.755021557425825
"27743","20074.16",27743,55315333,0.201271519129133
"27744","20074.16",27744,55315836,-0.576935092605901
"27745","20074.16",27745,55316366,0.517385348340484
"27746","20074.16",27746,55318105,-0.630242853611582
"27747","20074.16",27747,55318212,-1.17174924828029
"27748","20074.16",27748,55318562,-0.00590349307210847
"27749","20074.16",27749,55320968,-0.0571656722773382
"27750","20074.16",27750,55321098,-0.584335088618329
"27751","20074.16",27751,55324094,-0.316292698420156
"27752","20074.16",27752,55324600,-0.13239811263631
"27753","20074.16",27753,55324767,-0.89901965611562
"27754","20074.16",27754,55324925,-0.350968809059689
"27755","20074.16",27755,55325122,0.585695903841327
"27756","20074.16",27756,55329014,0.448505815715172
"27757","20074.16",27757,55329261,-0.417186250233146
"27758","20074.16",27758,55329601,-0.0430176637841928
"27759","20074.16",27759,55329781,0.555050393960953
"27760","20074.16",27760,55332520,-0.45270510006539
"27761","20074.16",27761,55333862,0.299507788823967
"27762","20074.16",27762,55334034,1.25791973637837
"27763","20074.16",27763,55334151,0.614604326461193
"27764","20074.16",27764,55336173,0.477539722644713
"27765","20074.16",27765,55336420,0.0240558524597603
"27766","20074.16",27766,55338830,-0.38395392739053
"27767","20074.16",27767,55339154,0.409095259705567
"27768","20074.16",27768,55339777,0.10978353377384
"27769","20074.16",27769,55340497,0.819480890752227
"27770","20074.16",27770,55340567,0.7752322623699
"27771","20074.16",27771,55341463,-0.134052230786952
"27772","20074.16",27772,55341869,0.187497694979042
"27773","20074.16",27773,55342523,0.630670539743545
"27774","20074.16",27774,55345222,-0.355651470754084
"27775","20074.16",27775,55345652,-0.158434462724628
"27776","20074.16",27776,55346515,0.79080315306791
"27777","20074.16",27777,55349581,-0.854740194813867
"27778","20074.16",27778,55351107,-0.0816952042533945
"27779","20074.16",27779,55351133,0.196223502371183
"27780","20074.16",27780,55351423,0.161453189977998
"27781","20074.16",27781,55351522,0.638769351874646
"27782","20074.16",27782,55351556,0.485013438501643
"27783","20074.16",27783,55352022,-0.457973420814451
"27784","20074.16",27784,55352389,0.0225869534619569
"27785","20074.16",27785,55353177,-0.485252181603915
"27786","20074.16",27786,55353515,0.267099504262617
"27787","20074.16",27787,55368635,-0.112026435337122
"27788","20074.16",27788,55368851,-0.445058768181934
"27789","20074.16",27789,55369323,1.05641598175204
"27790","20074.16",27790,55369538,0.322209553673363
"27791","20074.16",27791,55369887,0.533699393717572
"27792","20074.16",27792,55369954,0.881913115364955
"27793","20074.16",27793,55378426,-0.405889708543066
"27794","20074.16",27794,55378505,0.464183454421682
"27795","20074.16",27795,55380830,-0.866671447956187
"27796","20074.16",27796,55384011,0.148907780920553
"27797","20074.16",27797,55390618,-0.55743957754663
"27798","20074.16",27798,55391632,-0.422918126720277
"27799","20074.16",27799,55391916,-0.262096533257523
"27800","20074.16",27800,55392662,-0.237294702108748
"27801","20074.16",27801,55394099,-0.0591421020741425
"27802","20074.16",27802,55395743,0.304757213303936
"27803","20074.16",27803,55396355,0.286768483101608
"27804","20074.16",27804,55397103,-0.0409218844960115
"27805","20074.16",27805,55397862,0.458587291784354
"27806","20074.16",27806,55399047,0.911362391797682
"27807","20074.16",27807,55399387,-0.184730679438079
"27808","20074.16",27808,55399396,-0.83461120355211
"27809","20074.16",27809,55402196,0.049921705735251
"27810","20074.16",27810,55402216,0.393251343838238
"27811","20074.16",27811,55404755,-0.00369648741696604
"27812","20074.16",27812,55404997,-0.594587351135531
"27813","20074.16",27813,55405449,0.359319960134401
"27814","20074.16",27814,55405661,-0.055189351034123
"27815","20074.16",27815,55405684,-0.754670343580539
"27816","20074.16",27816,55405713,0.19233582303112
"27817","20074.16",27817,55406721,0.621560424007133
"27818","20074.16",27818,55406886,-0.388116567125854
"27819","20074.16",27819,55408830,0.706892257952634
"27820","20074.16",27820,55409522,-1.46387826880897
"27821","20074.16",27821,55409850,-0.181232142025926
"27822","20074.16",27822,55410269,0.429680144163421
"27823","20074.16",27823,55411005,0.878312946177986
"27824","20074.16",27824,55411126,0.440731643076455
"27825","20074.16",27825,55411297,-0.998921172338556
"27826","20074.16",27826,55411365,-0.57873369523061
"27827","20074.16",27827,55411450,-1.47438960625689
"27828","20074.16",27828,55414862,-0.239846185088032
"27829","20074.16",27829,55415560,0.136846438713068
"27830","20074.16",27830,55417163,-0.263059592942417
"27831","20074.16",27831,55417219,0.4919554445297
"27832","20074.16",27832,55417417,0.731209812278203
"27833","20074.16",27833,55417450,-0.320900500929767
"27834","20074.16",27834,55418559,-0.112743872817198
"27835","20074.16",27835,55421093,-0.753354349426527
"27836","20074.16",27836,55421532,-0.170854301308042
"27837","20074.16",27837,55424127,0.673388922946144
"27838","20074.16",27838,55425383,0.465291029366793
"27839","20074.16",27839,55425500,-0.422024621516892
"27840","20074.16",27840,55425734,-0.127957418461473
"27841","20074.16",27841,55425850,0.121162565613756
"27842","20074.16",27842,55426131,1.21748537031301
"27843","20074.16",27843,55432753,0.571713848380864
"27844","20074.16",27844,55433476,-0.17360070487739
"27845","20074.16",27845,55434023,0.439881936811736
"27846","20074.16",27846,55435040,0.024677008446945
"27847","20074.16",27847,55435206,0.892441236809216
"27848","20074.16",27848,55436344,0.815547994115097
"27849","20074.16",27849,55438242,1.14734747987587
"27850","20074.16",27850,55438805,-1.24374912526404
"27851","20074.16",27851,55442987,0.208573184869964
"27852","20074.16",27852,55444439,-1.43911910737121
"27853","20074.16",27853,55445343,0.549793296732743
"27854","20074.16",27854,55445813,-0.837219520268146
"27855","20074.16",27855,55446005,0.821469335253911
"27856","20074.16",27856,55446020,0.249492583208814
"27857","20074.16",27857,55446764,0.504264136535052
"27858","20074.16",27858,55449749,-0.105108713707694
"27859","20074.16",27859,55450714,0.349279029309895
"27860","20074.16",27860,55451617,0.0407290962068334
"27861","20074.16",27861,55451871,0.36263505068134
"27862","20074.16",27862,55451905,0.367567526274125
"27863","20074.16",27863,55452016,-1.07192615751543
"27864","20074.16",27864,55452219,0.334334681635165
"27865","20074.16",27865,55454231,-0.31603608796867
"27866","20074.16",27866,55454331,0.945096667552837
"27867","20074.16",27867,55455455,-0.114742625530346
"27868","20074.16",27868,55455896,-0.498217974670183
"27869","20074.16",27869,55455940,1.36780412930816
"27870","20074.16",27870,55455982,0.0511097891898942
"27871","20074.16",27871,55458840,0.665410333123657
"27872","20074.16",27872,55459136,-0.685532202088942
"27873","20074.16",27873,55459620,0.500543157429603
"27874","20074.16",27874,55461759,0.351637368329563
"27875","20074.16",27875,55461791,-0.253774203606413
"27876","20074.16",27876,55462520,-0.146781768346009
"27877","20074.16",27877,55463202,-0.58358594637409
"27878","20074.16",27878,55464835,-0.472193043287972
"27879","20074.16",27879,55465767,0.000464985239558402
"27880","20074.16",27880,55466731,0.184826063707544
"27881","20074.16",27881,55467421,0.458668938431825
"27882","20074.16",27882,55470974,-0.259091850052128
"27883","20074.16",27883,55471580,-0.93427445971261
"27884","20074.16",27884,55471946,-0.584868366499112
"27885","20074.16",27885,55472083,0.00134126569648618
"27886","20074.16",27886,55472928,0.641208924587311
"27887","20074.16",27887,55473792,0.680072879051177
"27888","20074.16",27888,55474041,0.398438675578459
"27889","20074.16",27889,55474267,1.19243870905283
"27890","20074.16",27890,55475129,0.277864105547791
"27891","20074.16",27891,55475707,0.119496298004864
"27892","20074.16",27892,55475736,1.14129315330381
"27893","20074.16",27893,55475833,0.377234746998769
"27894","20074.16",27894,55476494,-0.0712184358858918
"27895","20074.16",27895,55476949,0.197192793539721
"27896","20074.16",27896,55477008,0.0699130251726388
"27897","20074.16",27897,55479687,0.911811995406121
"27898","20074.16",27898,55479719,0.00808071477211048
"27899","20074.16",27899,55479818,0.3428503983506
"27900","20074.16",27900,55480410,0.133273205368877
"27901","20074.16",27901,55480994,0.970103411646774
"27902","20074.16",27902,55481111,0.185304693265696
"27903","20074.16",27903,55481221,0.0772319566499267
"27904","20074.16",27904,55481631,-0.0809682559295615
"27905","20074.16",27905,55483222,-0.402203975628587
"27906","20074.16",27906,55489335,-0.308931447060986
"27907","20074.16",27907,55489908,0.196008698118145
"27908","20074.16",27908,55491049,0.206988102636063
"27909","20074.16",27909,55491182,0.55183060231082
"27910","20074.16",27910,55491527,-0.0218477857154706
"27911","20074.16",27911,55491704,0.0267306539866956
"27912","20074.16",27912,55491927,0.334200654840578
"27913","20074.16",27913,55494432,-0.102606570480289
"27914","20074.16",27914,55496628,-0.129600264446654
"27915","20074.16",27915,55498049,0.463350765293467
"27916","20074.16",27916,55498287,0.0560698664202324
"27917","20074.16",27917,55498415,0.364659665474549
"27918","20074.16",27918,55498659,0.384422265792836
"27919","20074.16",27919,55499486,-0.0819627556918006
"27920","20074.16",27920,55499994,0.682497729485026
"27921","20074.16",27921,55500045,0.777511495834148
"27922","20074.16",27922,55500412,0.362463282584488
"27923","20074.16",27923,55500954,0.248343744774957
"27924","20074.16",27924,55501169,-0.824519241619031
"27925","20074.16",27925,55501338,0.35671158543425
"27926","20074.16",27926,55504827,-0.447328209666275
"27927","20074.16",27927,55505328,0.117605060659522
"27928","20074.16",27928,55508112,-0.292170370172896
"27929","20074.16",27929,55509034,0.238164082773968
"27930","20074.16",27930,55509900,0.69249659399634
"27931","20074.16",27931,55509932,-0.133739382978268
"27932","20074.16",27932,55509995,0.224745198409393
"27933","20074.16",27933,55510459,1.05647012209628
"27934","20074.16",27934,55510836,-0.540648365988153
"27935","20074.16",27935,55511537,0.902259316666119
"27936","20074.16",27936,55511806,0.388350023644596
"27937","20074.16",27937,55512322,-1.28032231068318
"27938","20074.16",27938,55517162,0.279415239491319
"27939","20074.16",27939,55517232,0.681981456889102
"27940","20074.16",27940,55518877,-0.356247021040234
"27941","20074.16",27941,55519607,0.174331449424172
"27942","20074.16",27942,55521725,0.920508508300014
"27943","20074.16",27943,55523705,-0.0513083416587694
"27944","20074.16",27944,55523998,-1.01544756236628
"27945","20074.16",27945,55526487,0.362243723507444
"27946","20074.16",27946,55527422,-0.693671887830732
"27947","20074.16",27947,55529411,1.02678911543149
"27948","20074.16",27948,55529892,0.173896265795448
"27949","20074.16",27949,55530171,-0.0100637469683802
"27950","20074.16",27950,55530301,0.460068499044259
"27951","20074.16",27951,55531693,-0.281670573023291
"27952","20074.16",27952,55532225,-0.444662256467186
"27953","20074.16",27953,55533270,0.27692944644192
"27954","20074.16",27954,55534503,0.00937828564171017
"27955","20074.16",27955,55536037,-0.0378539170715033
"27956","20074.16",27956,55536763,-0.694276629154317
"27957","20074.16",27957,55537932,0.345653913978183
"27958","20074.16",27958,55541809,-0.282142058144473
"27959","20074.16",27959,55548322,0.251089449161268
"27960","20074.16",27960,55548621,-1.01654693193755
"27961","20074.16",27961,55549397,-0.01245890184462
"27962","20074.16",27962,55549860,0.582611732799823
"27963","20074.16",27963,55550147,-0.134533628613775
"27964","20074.16",27964,55550490,0.117476408549473
"27965","20074.16",27965,55550781,-0.962275067788177
"27966","20074.16",27966,55560391,0.0137010886830611
"27967","20074.16",27967,55561080,-0.182349002503648
"27968","20074.16",27968,55564797,-1.0980525229987
"27969","20074.16",27969,55564797,0.774818308106613
"27970","20074.16",27970,55565066,-0.381087712274124
"27971","20074.16",27971,55565976,0.131076816926362
"27972","20074.16",27972,55567712,-0.0778824383036847
"27973","20074.16",27973,55568645,-0.0670021490301194
"27974","20074.16",27974,55568956,-0.000673209348208914
"27975","20074.16",27975,55569417,0.367089809179626
"27976","20074.16",27976,55569480,0.355604096729357
"27977","20074.16",27977,55571825,1.46199582967044
"27978","20074.16",27978,55572303,0.177023716505464
"27979","20074.16",27979,55572898,-0.245566356192048
"27980","20074.16",27980,55573321,-0.422080425929537
"27981","20074.16",27981,55573610,-0.201064477738697
"27982","20074.16",27982,55574449,0.451269603811354
"27983","20074.16",27983,55575270,0.280626089387373
"27984","20074.16",27984,55576042,0.067306787874764
"27985","20074.16",27985,55576161,0.716392475086139
"27986","20074.16",27986,55579436,0.28139454928952
"27987","20074.16",27987,55583414,-0.456196507688317
"27988","20074.16",27988,55583448,0.247133928032704
"27989","20074.16",27989,55585359,-0.733840463983222
"27990","20074.16",27990,55585617,0.348936566121115
"27991","20074.16",27991,55585894,0.190141873167755
"27992","20074.16",27992,55589375,0.0463152919629017
"27993","20074.16",27993,55589465,0.400526264225916
"27994","20074.16",27994,55589591,0.14428611690234
"27995","20074.16",27995,55591832,0.299237432625975
"27996","20074.16",27996,55591914,0.497172291995656
"27997","20074.16",27997,55592336,0.297506079528277
"27998","20074.16",27998,55592751,0.60352195531074
"27999","20074.16",27999,55594598,-0.511203232050705
"28000","20074.16",28000,55594921,-0.61110695764483
"28001","20074.16",28001,55596289,-0.0477990455298416
"28002","20074.16",28002,55598723,-1.31670073061882
"28003","20074.16",28003,55598735,0.337975530737967
"28004","20074.16",28004,55600493,-0.513926880078706
"28005","20074.16",28005,55602860,-0.551958617801034
"28006","20074.16",28006,55603188,-0.082966734807516
"28007","20074.16",28007,55604105,0.102906413985791
"28008","20074.16",28008,55604128,0.224810127584099
"28009","20074.16",28009,55608267,-0.616050244003949
"28010","20074.16",28010,55611893,0.251134223176721
"28011","20074.16",28011,55612918,0.195718897202254
"28012","20074.16",28012,55613522,-0.171827793464188
"28013","20074.16",28013,55619574,-0.0241283727044337
"28014","20074.16",28014,55622974,-0.608846184628766
"28015","20074.16",28015,55623080,0.34503804677274
"28016","20074.16",28016,55625885,0.455260377482934
"28017","20074.16",28017,55626261,0.0620813907236357
"28018","20074.16",28018,55626615,0.116265683641193
"28019","20074.16",28019,55628729,0.0713847207845983
"28020","20074.16",28020,55632437,-0.646545602342421
"28021","20074.16",28021,55638774,-1.59927285543542
"28022","20074.16",28022,55639454,-0.183155340669449
"28023","20074.16",28023,55639540,-0.340844290116229
"28024","20074.16",28024,55642108,0.681028822578853
"28025","20074.16",28025,55642305,-0.766364991254765
"28026","20074.16",28026,55655424,0.727637414602936
"28027","20074.16",28027,55655431,0.25870910126998
"28028","20074.16",28028,55657495,-0.0236344160112782
"28029","20074.16",28029,55659033,-0.0594917268042412
"28030","20074.16",28030,55659338,0.874775468281332
"28031","20074.16",28031,55659458,-0.0144785688097482
"28032","20074.16",28032,55659477,0.539911812095975
"28033","20074.16",28033,55659772,0.395224864184631
"28034","20074.16",28034,55659980,0.314676019144392
"28035","20074.16",28035,55661012,0.470532142050449
"28036","20074.16",28036,55662833,-0.0305462276906878
"28037","20074.16",28037,55662882,-0.73374281299631
"28038","20074.16",28038,55663574,-0.512092264038384
"28039","20074.16",28039,55664759,0.684736019591711
"28040","20074.16",28040,55666911,-0.135254400464507
"28041","20074.16",28041,55668533,-1.03873470319784
"28042","20074.16",28042,55669469,1.04722045181381
"28043","20074.16",28043,55669659,-0.277218741450195
"28044","20074.16",28044,55669681,0.585646675077879
"28045","20074.16",28045,55669703,-0.707524517483244
"28046","20074.16",28046,55670313,0.403687324442795
"28047","20074.16",28047,55674228,-0.170302046780531
"28048","20074.16",28048,55674320,-0.193429711317163
"28049","20074.16",28049,55675030,-0.24198887149146
"28050","20074.16",28050,55675247,-0.47075578095368
"28051","20074.16",28051,55675520,-0.10623696612139
"28052","20074.16",28052,55675574,-0.638164784692236
"28053","20074.16",28053,55675651,-0.474647893519319
"28054","20074.16",28054,55675687,0.0902899791799259
"28055","20074.16",28055,55676513,-0.773698106127592
"28056","20074.16",28056,55677046,0.00282141660301072
"28057","20074.16",28057,55679135,-0.336884650635479
"28058","20074.16",28058,55679337,0.00222240240528571
"28059","20074.16",28059,55680705,0.184767075183954
"28060","20074.16",28060,55680942,0.0217334049208331
"28061","20074.16",28061,55681693,-0.828221718104927
"28062","20074.16",28062,55682999,0.219545624746092
"28063","20074.16",28063,55683682,0.723686688037655
"28064","20074.16",28064,55684021,0.0613479709749196
"28065","20074.16",28065,55685218,-0.287862609700035
"28066","20074.16",28066,55687065,0.586578971289973
"28067","20074.16",28067,55687212,-0.352724167546885
"28068","20074.16",28068,55695106,1.21692659374571
"28069","20074.16",28069,55697964,0.288756113892322
"28070","20074.16",28070,55698014,-1.28338236156101
"28071","20074.16",28071,55698068,0.140966350633517
"28072","20074.16",28072,55698399,-0.396902914356821
"28073","20074.16",28073,55698510,-0.126046203910278
"28074","20074.16",28074,55700224,-0.182324306454626
"28075","20074.16",28075,55700427,0.0657990913555588
"28076","20074.16",28076,55700427,-0.670842240559059
"28077","20074.16",28077,55702146,0.214720803592361
"28078","20074.16",28078,55702549,0.580870032650195
"28079","20074.16",28079,55703011,1.03063539562104
"28080","20074.16",28080,55703048,0.779087516218985
"28081","20074.16",28081,55703103,0.860564174107808
"28082","20074.16",28082,55703498,0.108782068620694
"28083","20074.16",28083,55704042,0.865925202696372
"28084","20074.16",28084,55704454,0.707354517222586
"28085","20074.16",28085,55704795,-0.270703552672091
"28086","20074.16",28086,55705887,-0.506040660801887
"28087","20074.16",28087,55706391,1.27316549612828
"28088","20074.16",28088,55706499,0.410890613639666
"28089","20074.16",28089,55707254,0.859545382472747
"28090","20074.16",28090,55708734,-1.42669800999423
"28091","20074.16",28091,55710026,-0.87665476454803
"28092","20074.16",28092,55711119,0.217959243956209
"28093","20074.16",28093,55711358,0.159649122272028
"28094","20074.16",28094,55711950,0.322942799238311
"28095","20074.16",28095,55712519,0.107949328238523
"28096","20074.16",28096,55713088,1.2114697722767
"28097","20074.16",28097,55713786,0.121699225910882
"28098","20074.16",28098,55713881,-0.293501202262853
"28099","20074.16",28099,55716550,-0.0610214634414987
"28100","20074.16",28100,55716576,-0.22337479046216
"28101","20074.16",28101,55716840,-0.218534328903321
"28102","20074.16",28102,55717028,-0.363792338949217
"28103","20074.16",28103,55717077,-0.0776267735867222
"28104","20074.16",28104,55718483,-0.217138746918352
"28105","20074.16",28105,55718520,0.526576722915366
"28106","20074.16",28106,55718776,-0.5566925767223
"28107","20074.16",28107,55718818,-0.0395047776818398
"28108","20074.16",28108,55719143,0.914252133067966
"28109","20074.16",28109,55719688,0.0086621781653724
"28110","20074.16",28110,55720034,0.564632226481192
"28111","20074.16",28111,55720458,1.21077203961366
"28112","20074.16",28112,55720559,1.04487482557334
"28113","20074.16",28113,55720608,0.430893846213023
"28114","20074.16",28114,55723757,0.706391611524878
"28115","20074.16",28115,55723853,0.479129041412896
"28116","20074.16",28116,55723942,1.21605538947924
"28117","20074.16",28117,55724092,0.765654247768684
"28118","20074.16",28118,55724452,0.350444518595119
"28119","20074.16",28119,55724764,1.4001543812048
"28120","20074.16",28120,55725394,1.08731134318813
"28121","20074.16",28121,55725541,-0.335292851362216
"28122","20074.16",28122,55725568,0.0998014813817836
"28123","20074.16",28123,55725975,-0.928301117771922
"28124","20074.16",28124,55726246,-1.61047935338616
"28125","20074.16",28125,55726374,-0.46411507940761
"28126","20074.16",28126,55726462,0.0390777040194701
"28127","20074.16",28127,55729014,0.0519273695687055
"28128","20074.16",28128,55729387,-0.170282455600864
"28129","20074.16",28129,55729792,-0.455538107340229
"28130","20074.16",28130,55729836,0.108059245555364
"28131","20074.16",28131,55733489,0.0627258950928393
"28132","20074.16",28132,55734572,0.314399008129484
"28133","20074.16",28133,55734699,0.800668873770985
"28134","20074.16",28134,55739006,0.659990478103299
"28135","20074.16",28135,55739283,0.0767593856251212
"28136","20074.16",28136,55739993,-0.249896835047371
"28137","20074.16",28137,55740055,-0.289298844843975
"28138","20074.16",28138,55740154,-0.641062584216668
"28139","20074.16",28139,55741456,-0.0596558211901952
"28140","20074.16",28140,55741501,0.300571286336532
"28141","20074.16",28141,55746908,0.244325092433738
"28142","20074.16",28142,55746946,0.703120738904178
"28143","20074.16",28143,55747798,0.502397071852507
"28144","20074.16",28144,55748499,-0.0178956588134964
"28145","20074.16",28145,55754303,-0.705685761814093
"28146","20074.16",28146,55754964,0.301728354182488
"28147","20074.16",28147,55758841,0.401214613698531
"28148","20074.16",28148,55759018,1.25944342380879
"28149","20074.16",28149,55759370,0.0278558289090487
"28150","20074.16",28150,55763437,-1.75907615100926
"28151","20074.16",28151,55763874,-1.03069307683661
"28152","20074.16",28152,55765906,0.117659644544339
"28153","20074.16",28153,55766356,-0.81215780096917
"28154","20074.16",28154,55766754,0.701163495662901
"28155","20074.16",28155,55766925,0.526265565323013
"28156","20074.16",28156,55767078,0.97305788921725
"28157","20074.16",28157,55767160,-0.651345108084323
"28158","20074.16",28158,55774428,1.08336294729257
"28159","20074.16",28159,55777546,0.285654034737642
"28160","20074.16",28160,55777603,-0.444054204271556
"28161","20074.16",28161,55777704,0.857273354220625
"28162","20074.16",28162,55777716,0.536503661575124
"28163","20074.16",28163,55778234,0.129091202247414
"28164","20074.16",28164,55778292,0.0875387749361023
"28165","20074.16",28165,55778894,0.120587393233475
"28166","20074.16",28166,55780826,0.11395565203375
"28167","20074.16",28167,55781596,-0.581537229140526
"28168","20074.16",28168,55781758,1.57154353530962
"28169","20074.16",28169,55781785,0.69006075730089
"28170","20074.16",28170,55781859,0.0316391450119671
"28171","20074.16",28171,55782138,0.598110624627096
"28172","20074.16",28172,55782189,0.916345586878491
"28173","20074.16",28173,55782204,0.262042077062882
"28174","20074.16",28174,55782239,-0.185496073630443
"28175","20074.16",28175,55782284,1.04918178744749
"28176","20074.16",28176,55784430,0.477505318054221
"28177","20074.16",28177,55784607,0.200586754431776
"28178","20074.16",28178,55784827,-0.286399608087804
"28179","20074.16",28179,55789570,0.0370937187292713
"28180","20074.16",28180,55790886,0.412743308652433
"28181","20074.16",28181,55793079,0.44701324020992
"28182","20074.16",28182,55794951,0.403757582948216
"28183","20074.16",28183,55795048,0.485527127566701
"28184","20074.16",28184,55795214,0.380532892996279
"28185","20074.16",28185,55796390,-0.454596355141226
"28186","20074.16",28186,55796511,-0.199957348523447
"28187","20074.16",28187,55796576,-0.219210044551866
"28188","20074.16",28188,55796595,0.162521615106256
"28189","20074.16",28189,55798223,-1.2116528992506
"28190","20074.16",28190,55798763,-1.81269856725676
"28191","20074.16",28191,55798780,-1.5319169254552
"28192","20074.16",28192,55804349,0.348453931221695
"28193","20074.16",28193,55805409,0.241444390494968
"28194","20074.16",28194,55805556,-0.253732876372665
"28195","20074.16",28195,55808422,0.180688868336119
"28196","20074.16",28196,55808681,-0.0939716344992974
"28197","20074.16",28197,55809225,-2.26882876277996
"28198","20074.16",28198,55809467,-1.4280217469189
"28199","20074.16",28199,55810022,-0.320525980913385
"28200","20074.16",28200,55810208,0.501400464723711
"28201","20074.16",28201,55816244,-0.960534846848867
"28202","20074.16",28202,55816647,-0.734806281385884
"28203","20074.16",28203,55816706,-1.98619248225681
"28204","20074.16",28204,55821970,-0.524893235418035
"28205","20074.16",28205,55822398,-0.566888412006874
"28206","20074.16",28206,55822445,-1.42860347107232
"28207","20074.16",28207,55829558,0.443910654316613
"28208","20074.16",28208,55829591,1.11513288048813
"28209","20074.16",28209,55842355,0.317127551667114
"28210","20074.16",28210,55842383,0.474298725915864
"28211","20074.16",28211,55842457,-0.776752770904616
"28212","20074.16",28212,55842516,-0.123386314962958
"28213","20074.16",28213,55843519,-1.0797502260231
"28214","20074.16",28214,55843723,-1.35839111338329
"28215","20074.16",28215,55843737,-0.0494891649709137
"28216","20074.16",28216,55843801,-0.162832441532319
"28217","20074.16",28217,55847822,0.124359628064606
"28218","20074.16",28218,55848069,-0.438957322077504
"28219","20074.16",28219,55853059,0.668173035954923
"28220","20074.16",28220,55853446,0.272363321123888
"28221","20074.16",28221,55856355,-0.0497660959617239
"28222","20074.16",28222,55856861,0.396941324750293
"28223","20074.16",28223,55858794,-0.296459609465829
"28224","20074.16",28224,55862712,-0.184028893768106
"28225","20074.16",28225,55868440,1.10297372197911
"28226","20074.16",28226,55870418,-0.724259500852183
"28227","20074.16",28227,55871135,0.954150233651016
"28228","20074.16",28228,55873409,0.645168366444216
"28229","20074.16",28229,55873987,-0.91484570880814
"28230","20074.16",28230,55875846,0.367628218890416
"28231","20074.16",28231,55876313,0.568442954202202
"28232","20074.16",28232,55877482,-0.0796757733726343
"28233","20074.16",28233,55879117,0.18662814976861
"28234","20074.16",28234,55880480,0.962835092001
"28235","20074.16",28235,55880707,0.106880875987041
"28236","20074.16",28236,55880724,-0.30892749277647
"28237","20074.16",28237,55880825,0.264487501462571
"28238","20074.16",28238,55880874,0.225155402216812
"28239","20074.16",28239,55881470,-0.861553042506835
"28240","20074.16",28240,55883761,0.678787494274965
"28241","20074.16",28241,55883883,-0.567735494288428
"28242","20074.16",28242,55883883,0.0807194354973957
"28243","20074.16",28243,55884570,0.663957416214983
"28244","20074.16",28244,55884623,-0.118838415622251
"28245","20074.16",28245,55884720,0.199584204455374
"28246","20074.16",28246,55886561,0.322010803509275
"28247","20074.16",28247,55886715,0.497636737094029
"28248","20074.16",28248,55887284,0.545588522081659
"28249","20074.16",28249,55889050,-0.053322439399424
"28250","20074.16",28250,55889566,-0.282397081017794
"28251","20074.16",28251,55889730,0.602634192342202
"28252","20074.16",28252,55890288,-0.0352056707210924
"28253","20074.16",28253,55890398,-0.411691181270493
"28254","20074.16",28254,55894325,-0.0527567795297843
"28255","20074.16",28255,55894830,0.138879420365835
"28256","20074.16",28256,55895285,-0.0396053872761222
"28257","20074.16",28257,55896261,0.0940368419075153
"28258","20074.16",28258,55896605,0.435790808562017
"28259","20074.16",28259,55898837,-0.16853901155922
"28260","20074.16",28260,55899404,0.258408393635498
"28261","20074.16",28261,55899703,0.307912721272705
"28262","20074.16",28262,55900367,-0.00731627833032977
"28263","20074.16",28263,55901139,0.557137344784862
"28264","20074.16",28264,55901976,0.460479725569054
"28265","20074.16",28265,55902906,1.00131935829494
"28266","20074.16",28266,55902957,0.994925802073392
"28267","20074.16",28267,55903004,0.629615744838035
"28268","20074.16",28268,55903309,0.96007007049874
"28269","20074.16",28269,55903441,0.110184045689336
"28270","20074.16",28270,55905347,-0.239490294207179
"28271","20074.16",28271,55906358,-0.101302938473292
"28272","20074.16",28272,55906375,0.764196134742297
"28273","20074.16",28273,55906487,0.644476738848536
"28274","20074.16",28274,55907228,0.388509209521223
"28275","20074.16",28275,55907811,-0.820825183684181
"28276","20074.16",28276,55909163,-0.996568353233072
"28277","20074.16",28277,55909270,0.464632244271859
"28278","20074.16",28278,55910551,1.25943691653609
"28279","20074.16",28279,55910734,-0.472855516779104
"28280","20074.16",28280,55911022,0.314557380787163
"28281","20074.16",28281,55914675,0.972727786654418
"28282","20074.16",28282,55917040,0.617291212607383
"28283","20074.16",28283,55918319,-0.56251699500458
"28284","20074.16",28284,55918834,0.157614791091398
"28285","20074.16",28285,55919678,-0.184338524412844
"28286","20074.16",28286,55920659,0.520603486326505
"28287","20074.16",28287,55922258,-0.0332442940716238
"28288","20074.16",28288,55922341,0.526926177399301
"28289","20074.16",28289,55922429,0.257690299053523
"28290","20074.16",28290,55922793,-0.813802958705449
"28291","20074.16",28291,55924349,-0.602396672854564
"28292","20074.16",28292,55924731,0.283223606881751
"28293","20074.16",28293,55925756,-0.0847742383596009
"28294","20074.16",28294,55926242,0.404318703938126
"28295","20074.16",28295,55931797,0.0593595624786305
"28296","20074.16",28296,55932021,0.893487672490376
"28297","20074.16",28297,55932649,-0.220195180420662
"28298","20074.16",28298,55934159,-0.290367130286555
"28299","20074.16",28299,55936074,-0.440622241457611
"28300","20074.16",28300,55936137,-0.296459839188286
"28301","20074.16",28301,55937129,-1.39133361459613
"28302","20074.16",28302,55940145,-0.159902165265065
"28303","20074.16",28303,55940440,-0.18846861087089
"28304","20074.16",28304,55944009,0.23288905986195
"28305","20074.16",28305,55944220,-0.382525676599946
"28306","20074.16",28306,55945024,0.0358204756370206
"28307","20074.16",28307,55945177,-0.474315424499435
"28308","20074.16",28308,55945564,0.371794214793593
"28309","20074.16",28309,55946719,-0.268582514062325
"28310","20074.16",28310,55947034,-0.14793919890249
"28311","20074.16",28311,55948988,0.125226060598712
"28312","20074.16",28312,55957662,-0.210853570144941
"28313","20074.16",28313,55958620,0.303616505457328
"28314","20074.16",28314,55960748,-0.617591934830007
"28315","20074.16",28315,55963017,-0.396472104445949
"28316","20074.16",28316,55963109,-0.0126614634125177
"28317","20074.16",28317,55963142,-0.109523904003081
"28318","20074.16",28318,55965272,-0.410796314692563
"28319","20074.16",28319,55966039,0.53480893911903
"28320","20074.16",28320,55970100,0.0178971301848847
"28321","20074.16",28321,55970218,0.227778925875406
"28322","20074.16",28322,55971982,0.264679341051443
"28323","20074.16",28323,55973028,0.421765653655979
"28324","20074.16",28324,55977575,-0.677981502150758
"28325","20074.16",28325,55979504,-0.302565685763
"28326","20074.16",28326,55982303,-0.0422582445705872
"28327","20074.16",28327,55982728,0.121820229634078
"28328","20074.16",28328,55982743,0.673441658830261
"28329","20074.16",28329,55982806,0.380233168293318
"28330","20074.16",28330,55985524,-0.437121365809465
"28331","20074.16",28331,55985580,-0.268841755488512
"28332","20074.16",28332,55987793,-0.549825329917785
"28333","20074.16",28333,55988508,0.0661166627639789
"28334","20074.16",28334,55988680,0.0267732626858059
"28335","20074.16",28335,55991183,0.77060160786747
"28336","20074.16",28336,55991514,0.163242403892519
"28337","20074.16",28337,55991565,0.135351345835118
"28338","20074.16",28338,55993322,-0.601943137899747
"28339","20074.16",28339,55994640,0.126218313162351
"28340","20074.16",28340,55994703,-0.158502100798126
"28341","20074.16",28341,55994843,0.55166645923597
"28342","20074.16",28342,55996059,-0.863935029092789
"28343","20074.16",28343,55997751,-0.450318737460852
"28344","20074.16",28344,55999978,0.0421035309979318
"28345","20074.16",28345,56000188,0.619005572823572
"28346","20074.16",28346,56003175,0.176879877218593
"28347","20074.16",28347,56003243,0.160096879174842
"28348","20074.16",28348,56004068,-0.202600019348508
"28349","20074.16",28349,56004778,0.20627153215775
"28350","20074.16",28350,56005179,0.117423105511286
"28351","20074.16",28351,56005973,-0.424886313328789
"28352","20074.16",28352,56006108,0.0895507323471572
"28353","20074.16",28353,56006243,0.506552137692258
"28354","20074.16",28354,56006958,-0.611591428178658
"28355","20074.16",28355,56007484,-0.160207721418722
"28356","20074.16",28356,56007511,0.0500346562924934
"28357","20074.16",28357,56008483,-0.699457013981813
"28358","20074.16",28358,56009447,-0.393143939007345
"28359","20074.16",28359,56011968,0.331832067001142
"28360","20074.16",28360,56019548,0.404252873684233
"28361","20074.16",28361,56019615,0.304864051586857
"28362","20074.16",28362,56020092,-0.05390324443818
"28363","20074.16",28363,56025734,-0.41473353884686
"28364","20074.16",28364,56025975,-0.196575367445718
"28365","20074.16",28365,56028863,0.0803088752940182
"28366","20074.16",28366,56035321,0.225386734638219
"28367","20074.16",28367,56035639,-0.203048362855439
"28368","20074.16",28368,56036491,-0.502839431032392
"28369","20074.16",28369,56039207,0.0459422306085742
"28370","20074.16",28370,56039310,0.124199336802483
"28371","20074.16",28371,56039600,-0.613341473309896
"28372","20074.16",28372,56039807,0.640642647708947
"28373","20074.16",28373,56039886,0.563210442817152
"28374","20074.16",28374,56039916,0.626967949399533
"28375","20074.16",28375,56051808,-1.36420623520228
"28376","20074.16",28376,56053183,-0.176698311753269
"28377","20074.16",28377,56055104,0.273130713878241
"28378","20074.16",28378,56055997,0.311924578936762
"28379","20074.16",28379,56056048,0.765029886328066
"28380","20074.16",28380,56056275,0.804566711052682
"28381","20074.16",28381,56060670,-0.757870031089879
"28382","20074.16",28382,56062718,-0.648199563137313
"28383","20074.16",28383,56063852,0.0373618448791708
"28384","20074.16",28384,56064718,-0.295971740621615
"28385","20074.16",28385,56065271,0.810745085878776
"28386","20074.16",28386,56065760,0.863225679473984
"28387","20074.16",28387,56065916,0.244243191252099
"28388","20074.16",28388,56066749,-0.0903719559197471
"28389","20074.16",28389,56067696,-0.263880983139473
"28390","20074.16",28390,56067825,0.586101693272556
"28391","20074.16",28391,56070404,-0.866960874634844
"28392","20074.16",28392,56070901,0.756932313795207
"28393","20074.16",28393,56070929,-0.848981349375193
"28394","20074.16",28394,56072146,-0.23709589762505
"28395","20074.16",28395,56074444,-0.636625370660068
"28396","20074.16",28396,56075601,-0.859235796069795
"28397","20074.16",28397,56077135,0.471142860159921
"28398","20074.16",28398,56077495,0.433537611371759
"28399","20074.16",28399,56077710,0.256121595806561
"28400","20074.16",28400,56077767,0.722401853490655
"28401","20074.16",28401,56079460,0.415939283760898
"28402","20074.16",28402,56079754,0.467113346719144
"28403","20074.16",28403,56079925,-0.538555213528507
"28404","20074.16",28404,56080098,-0.0180264175901703
"28405","20074.16",28405,56081161,-0.116021280247934
"28406","20074.16",28406,56081394,0.490632696521366
"28407","20074.16",28407,56082163,-0.19943788635425
"28408","20074.16",28408,56082843,0.0150962029547275
"28409","20074.16",28409,56083338,0.569870629284813
"28410","20074.16",28410,56084160,0.604519062280391
"28411","20074.16",28411,56084511,-0.191479845066103
"28412","20074.16",28412,56088957,-0.883863032967895
"28413","20074.16",28413,56090638,-0.0771958449944607
"28414","20074.16",28414,56090709,0.183855895950312
"28415","20074.16",28415,56090763,-0.147361750959821
"28416","20074.16",28416,56090802,-0.0561817882122329
"28417","20074.16",28417,56090893,0.00523916365701638
"28418","20074.16",28418,56090964,0.75789192738087
"28419","20074.16",28419,56091257,-0.706299458425478
"28420","20074.16",28420,56093177,-0.363025363391464
"28421","20074.16",28421,56093655,0.0114329552791617
"28422","20074.16",28422,56098072,-0.201047720007334
"28423","20074.16",28423,56098379,0.785823676105907
"28424","20074.16",28424,56099461,-0.187259628333785
"28425","20074.16",28425,56100205,-0.644441567237935
"28426","20074.16",28426,56102758,0.171464385581229
"28427","20074.16",28427,56102900,0.1113170487089
"28428","20074.16",28428,56103287,-0.517433805827213
"28429","20074.16",28429,56107077,0.390666257920611
"28430","20074.16",28430,56107876,-0.566018584339947
"28431","20074.16",28431,56109702,-0.846750768572838
"28432","20074.16",28432,56117520,0.119904414737823
"28433","20074.16",28433,56118379,-0.117008270990936
"28434","20074.16",28434,56120350,0.439362108322796
"28435","20074.16",28435,56120852,1.01481784525892
"28436","20074.16",28436,56121310,0.0959620831014432
"28437","20074.16",28437,56121859,0.525901344839244
"28438","20074.16",28438,56129260,0.193561285855608
"28439","20074.16",28439,56129860,0.724531059835587
"28440","20074.16",28440,56129903,1.04508584988316
"28441","20074.16",28441,56130633,0.00149552280937471
"28442","20074.16",28442,56132674,1.365110626336
"28443","20074.16",28443,56133165,1.36780932674978
"28444","20074.16",28444,56135138,-0.50069776041371
"28445","20074.16",28445,56142765,0.218649477911476
"28446","20074.16",28446,56143045,-0.0695201480004224
"28447","20074.16",28447,56143924,0.742652918429104
"28448","20074.16",28448,56144303,-0.176455113000769
"28449","20074.16",28449,56145049,0.414830182591325
"28450","20074.16",28450,56145530,-0.161132274035491
"28451","20074.16",28451,56146367,0.0381968616220618
"28452","20074.16",28452,56146540,-1.02201665905338
"28453","20074.16",28453,56149715,0.0411205387797464
"28454","20074.16",28454,56150098,-0.258943039145043
"28455","20074.16",28455,56156846,0.69304854669862
"28456","20074.16",28456,56158718,0.740945553368399
"28457","20074.16",28457,56162242,0.00798033334377646
"28458","20074.16",28458,56164306,-0.97500818869862
"28459","20074.16",28459,56165504,-0.395756339462297
"28460","20074.16",28460,56169790,-0.116348442202924
"28461","20074.16",28461,56169937,0.394537931861502
"28462","20074.16",28462,56172329,-1.03633072698601
"28463","20074.16",28463,56172733,0.0717934766069819
"28464","20074.16",28464,56172779,0.316199952442891
"28465","20074.16",28465,56173106,-0.389000051807885
"28466","20074.16",28466,56176041,0.0114015074646234
"28467","20074.16",28467,56179726,-0.127919278688614
"28468","20074.16",28468,56180471,0.237579008419971
"28469","20074.16",28469,56180550,0.0432587783378411
"28470","20074.16",28470,56180806,0.163051155998343
"28471","20074.16",28471,56182887,-0.759664633331736
"28472","20074.16",28472,56183043,-0.742356755345537
"28473","20074.16",28473,56194293,-0.0762801215196944
"28474","20074.16",28474,56198096,0.028068614721418
"28475","20074.16",28475,56198338,0.570925292049457
"28476","20074.16",28476,56198604,0.117238535078699
"28477","20074.16",28477,56198704,0.224920777098738
"28478","20074.16",28478,56199305,0.0486362333451327
"28479","20074.16",28479,56200196,-0.254808105183965
"28480","20074.16",28480,56200376,-0.0879399374957206
"28481","20074.16",28481,56201233,0.13693606132838
"28482","20074.16",28482,56204976,0.09497490145956
"28483","20074.16",28483,56205574,0.639008058110973
"28484","20074.16",28484,56206086,-0.183249236157686
"28485","20074.16",28485,56208243,0.391535863782653
"28486","20074.16",28486,56208410,-0.550564921160074
"28487","20074.16",28487,56210387,-0.402601180032505
"28488","20074.16",28488,56210989,0.232760648251822
"28489","20074.16",28489,56211508,0.0226841680917538
"28490","20074.16",28490,56215936,0.297544383693796
"28491","20074.16",28491,56216268,0.202238303743441
"28492","20074.16",28492,56219565,-0.259901293346313
"28493","20074.16",28493,56222538,-0.283656898807502
"28494","20074.16",28494,56230696,-0.0816680546096995
"28495","20074.16",28495,56231044,0.524474041372881
"28496","20074.16",28496,56232075,-0.958722584144006
"28497","20074.16",28497,56235800,0.028919305481705
"28498","20074.16",28498,56239224,0.300102840309491
"28499","20074.16",28499,56241498,0.740938694768599
"28500","20074.16",28500,56241877,-0.181981647674792
"28501","20074.16",28501,56242143,0.434603746770187
"28502","20074.16",28502,56242477,0.57716581710241
"28503","20074.16",28503,56243459,-0.258088717841253
"28504","20074.16",28504,56245394,-0.0871448940878619
"28505","20074.16",28505,56245796,-0.213634340824666
"28506","20074.16",28506,56247893,0.277485157706351
"28507","20074.16",28507,56248934,0.0416655817382603
"28508","20074.16",28508,56251894,-0.381396584495093
"28509","20074.16",28509,56252672,-0.312702628277777
"28510","20074.16",28510,56255956,1.34403099449578
"28511","20074.16",28511,56255970,0.216884709584961
"28512","20074.16",28512,56256463,0.0705558057384277
"28513","20074.16",28513,56256725,0.0637267467479257
"28514","20074.16",28514,56261429,-0.13857442238477
"28515","20074.16",28515,56261749,-0.243275546955378
"28516","20074.16",28516,56264643,0.652159596944659
"28517","20074.16",28517,56264771,-0.168232718172632
"28518","20074.16",28518,56264834,-0.212597075124644
"28519","20074.16",28519,56265405,0.525052268861072
"28520","20074.16",28520,56267133,0.734289518567656
"28521","20074.16",28521,56269679,-0.724368123705243
"28522","20074.16",28522,56269973,-0.177225615291859
"28523","20074.16",28523,56271084,-0.726073277237846
"28524","20074.16",28524,56273532,0.962078135815735
"28525","20074.16",28525,56273886,-0.508222703914438
"28526","20074.16",28526,56273886,0.0486777561722516
"28527","20074.16",28527,56274501,0.528134358611985
"28528","20074.16",28528,56274900,-1.90962959893544
"28529","20074.16",28529,56275745,-0.0802360989820219
"28530","20074.16",28530,56275879,-0.265416716722516
"28531","20074.16",28531,56276314,0.367802560335119
"28532","20074.16",28532,56276910,-0.020306270077227
"28533","20074.16",28533,56280441,-0.706074089837661
"28534","20074.16",28534,56281367,-0.353720065810036
"28535","20074.16",28535,56281754,0.337256032949811
"28536","20074.16",28536,56281915,-0.136702399666802
"28537","20074.16",28537,56283251,-0.116221583503992
"28538","20074.16",28538,56283348,0.229654197781904
"28539","20074.16",28539,56285031,-0.222321404656478
"28540","20074.16",28540,56287591,0.36756196826641
"28541","20074.16",28541,56288071,-0.358681790434919
"28542","20074.16",28542,56290030,0.759466864297072
"28543","20074.16",28543,56291848,-0.818951495105365
"28544","20074.16",28544,56292826,0.75362732695643
"28545","20074.16",28545,56293294,0.479757313073137
"28546","20074.16",28546,56305295,0.515125496821278
"28547","20074.16",28547,56308431,-0.97667016287161
"28548","20074.16",28548,56309166,-0.111592792247614
"28549","20074.16",28549,56311626,-0.228310841646698
"28550","20074.16",28550,56311774,0.0981194891994335
"28551","20074.16",28551,56312564,0.339239026415471
"28552","20074.16",28552,56312663,0.767763081971503
"28553","20074.16",28553,56314020,0.626362692360606
"28554","20074.16",28554,56314406,-0.339197749129187
"28555","20074.16",28555,56316227,0.400671168104641
"28556","20074.16",28556,56317216,-0.0302896189016124
"28557","20074.16",28557,56317237,0.476296937221577
"28558","20074.16",28558,56317345,0.726370845169426
"28559","20074.16",28559,56320435,0.617261180169815
"28560","20074.16",28560,56321602,-0.68507417404667
"28561","20074.16",28561,56323232,0.0427304766934204
"28562","20074.16",28562,56324878,0.251329936491184
"28563","20074.16",28563,56326600,0.244401569840929
"28564","20074.16",28564,56327356,0.37469417261372
"28565","20074.16",28565,56327744,-0.0837604119409443
"28566","20074.16",28566,56328094,0.0674071749638712
"28567","20074.16",28567,56330832,-0.270683739379352
"28568","20074.16",28568,56332129,0.925193805170394
"28569","20074.16",28569,56339226,0.94188094336919
"28570","20074.16",28570,56342059,-0.509151215812998
"28571","20074.16",28571,56346272,0.0870551613283075
"28572","20074.16",28572,56351707,0.524760594782291
"28573","20074.16",28573,56353176,-0.427177663769681
"28574","20074.16",28574,56354079,-0.466929563088389
"28575","20074.16",28575,56355450,-0.252581683348565
"28576","20074.16",28576,56356830,-0.619246637488932
"28577","20074.16",28577,56358912,-0.451710336100193
"28578","20074.16",28578,56359845,-0.0043133561244737
"28579","20074.16",28579,56360167,-0.404086555033276
"28580","20074.16",28580,56361557,1.35335648279301
"28581","20074.16",28581,56362331,0.185324097608768
"28582","20074.16",28582,56364030,-0.588198105034289
"28583","20074.16",28583,56367969,-0.0802758401407813
"28584","20074.16",28584,56369165,-0.294981806382238
"28585","20074.16",28585,56371522,0.11265551258047
"28586","20074.16",28586,56372461,0.224233460822657
"28587","20074.16",28587,56373222,0.470046314196154
"28588","20074.16",28588,56373308,0.470332728016563
"28589","20074.16",28589,56375496,-0.0263647230902544
"28590","20074.16",28590,56376210,0.0113746177435683
"28591","20074.16",28591,56376689,-0.0115603433063436
"28592","20074.16",28592,56377748,0.094999712274669
"28593","20074.16",28593,56384854,0.0129111104361073
"28594","20074.16",28594,56385640,-0.374116669170503
"28595","20074.16",28595,56389481,-0.689800681332469
"28596","20074.16",28596,56394939,0.357607121213587
"28597","20074.16",28597,56395308,0.115964103991477
"28598","20074.16",28598,56396535,-0.314154202421361
"28599","20074.16",28599,56398371,0.122257663892464
"28600","20074.16",28600,56406097,-0.556053787113377
"28601","20074.16",28601,56407173,-0.207452253222352
"28602","20074.16",28602,56407444,-0.721740701021437
"28603","20074.16",28603,56411769,-0.586887530094324
"28604","20074.16",28604,56412526,0.767048278800913
"28605","20074.16",28605,56412734,1.10848139247506
"28606","20074.16",28606,56413500,0.105872734338956
"28607","20074.16",28607,56414244,-0.0950987945215518
"28608","20074.16",28608,56416986,0.709914292133848
"28609","20074.16",28609,56417047,0.519700995255293
"28610","20074.16",28610,56417533,0.516165835093598
"28611","20074.16",28611,56418122,0.427785135372585
"28612","20074.16",28612,56418336,0.665892473488591
"28613","20074.16",28613,56418704,-0.95527123755253
"28614","20074.16",28614,56419628,0.405013362133066
"28615","20074.16",28615,56432619,-0.5405725610815
"28616","20074.16",28616,56435227,0.0814377663282988
"28617","20074.16",28617,56435725,-0.0793125042162464
"28618","20074.16",28618,56436360,-0.000799641470424994
"28619","20074.16",28619,56446612,-0.157491958107408
"28620","20074.16",28620,56452901,1.16767817615565
"28621","20074.16",28621,56453981,0.540763436401394
"28622","20074.16",28622,56454111,0.0587265328157818
"28623","20074.16",28623,56454423,-0.565429123670355
"28624","20074.16",28624,56460282,-0.360405262616917
"28625","20074.16",28625,56465359,0.310390480117552
"28626","20074.16",28626,56468853,0.176401420714199
"28627","20074.16",28627,56469730,-1.10096892335749
"28628","20074.16",28628,56471410,0.442278173114595
"28629","20074.16",28629,56471555,-0.068283235489015
"28630","20074.16",28630,56474619,-0.499419458866894
"28631","20074.16",28631,56476158,-1.24149526248573
"28632","20074.16",28632,56476881,0.29944544437059
"28633","20074.16",28633,56479561,-0.45885073362502
"28634","20074.16",28634,56480146,-0.553441658607215
"28635","20074.16",28635,56480562,0.0483973114163527
"28636","20074.16",28636,56481282,0.758131276858028
"28637","20074.16",28637,56485400,0.926788213270126
"28638","20074.16",28638,56485795,1.53707409911163e-06
"28639","20074.16",28639,56485871,0.610184551261459
"28640","20074.16",28640,56485997,-0.245462930721265
"28641","20074.16",28641,56487445,0.94819798881481
"28642","20074.16",28642,56487643,-0.448628448108414
"28643","20074.16",28643,56490549,0.061409407641265
"28644","20074.16",28644,56492937,-0.470942573925393
"28645","20074.16",28645,56498607,0.121799364057379
"28646","20074.16",28646,56501821,0.0292852533107695
"28647","20074.16",28647,56503416,-0.355950877710551
"28648","20074.16",28648,56504292,-0.0452575281449743
"28649","20074.16",28649,56504724,0.814717845237294
"28650","20074.16",28650,56506749,-0.489270671190822
"28651","20074.16",28651,56507979,-1.03842324627293
"28652","20074.16",28652,56511178,0.84918259298944
"28653","20074.16",28653,56511245,-0.930172128681177
"28654","20074.16",28654,56511419,-0.250994889670567
"28655","20074.16",28655,56511736,-0.1986322217343
"28656","20074.16",28656,56521468,-0.380984963551971
"28657","20074.16",28657,56526120,0.25993288977572
"28658","20074.16",28658,56526724,0.435205190316354
"28659","20074.16",28659,56529527,0.855750666971377
"28660","20074.16",28660,56530462,-0.158029880471288
"28661","20074.16",28661,56533706,-0.56944509488335
"28662","20074.16",28662,56536707,-0.730913389546955
"28663","20074.16",28663,56542340,0.442725300035389
"28664","20074.16",28664,56543457,0.213760431966726
"28665","20074.16",28665,56543558,0.586126522477033
"28666","20074.16",28666,56545495,0.227588103804371
"28667","20074.16",28667,56547702,-0.163064307925651
"28668","20074.16",28668,56548501,0.332466498934559
"28669","20074.16",28669,56548679,0.384722277964735
"28670","20074.16",28670,56548777,0.0525144422075279
"28671","20074.16",28671,56548917,-0.500438419892237
"28672","20074.16",28672,56552541,-0.91171163192702
"28673","20074.16",28673,56554476,-0.218249565050225
"28674","20074.16",28674,56556960,-0.213050505427145
"28675","20074.16",28675,56561494,0.768594737201796
"28676","20074.16",28676,56562024,-0.753461099926448
"28677","20074.16",28677,56564944,0.290828037641805
"28678","20074.16",28678,56567104,-0.600276875717347
"28679","20074.16",28679,56567687,-1.01421389209777
"28680","20074.16",28680,56568501,-0.609901167932011
"28681","20074.16",28681,56568928,0.0534684545940944
"28682","20074.16",28682,56568988,-0.278623399172707
"28683","20074.16",28683,56569191,0.0380351341470533
"28684","20074.16",28684,56572374,-0.441000165471649
"28685","20074.16",28685,56576670,0.54390125766943
"28686","20074.16",28686,56576806,-0.392090004684097
"28687","20074.16",28687,56578562,0.113973977010139
"28688","20074.16",28688,56578749,0.603188742386842
"28689","20074.16",28689,56579257,0.0715826010888874
"28690","20074.16",28690,56580134,0.0236063811687952
"28691","20074.16",28691,56581045,-0.161157154505151
"28692","20074.16",28692,56581066,-0.0516022313138151
"28693","20074.16",28693,56582224,-0.733020687417762
"28694","20074.16",28694,56582413,-0.203032984162983
"28695","20074.16",28695,56583042,-0.0369040818162203
"28696","20074.16",28696,56583055,0.513719528049012
"28697","20074.16",28697,56583516,-0.170690963031906
"28698","20074.16",28698,56583726,0.151266142061934
"28699","20074.16",28699,56584273,-0.742918616677118
"28700","20074.16",28700,56584627,0.45781494917597
"28701","20074.16",28701,56584697,-0.152829973594429
"28702","20074.16",28702,56587316,0.492523791740228
"28703","20074.16",28703,56587725,-0.0138577372679185
"28704","20074.16",28704,56588470,0.29096759009489
"28705","20074.16",28705,56588481,0.052057684310201
"28706","20074.16",28706,56589534,-0.61562714186226
"28707","20074.16",28707,56589859,0.424659917067216
"28708","20074.16",28708,56591722,-0.163531017853398
"28709","20074.16",28709,56592984,-0.254993822958767
"28710","20074.16",28710,56597483,0.460796659585566
"28711","20074.16",28711,56597606,-0.022565740656594
"28712","20074.16",28712,56597636,1.20001396915654
"28713","20074.16",28713,56597941,0.0632208548801465
"28714","20074.16",28714,56598337,0.37606681402569
"28715","20074.16",28715,56599435,0.444064250117024
"28716","20074.16",28716,56602352,0.976511807094101
"28717","20074.16",28717,56602671,-0.455131227264603
"28718","20074.16",28718,56602798,-0.862171896318789
"28719","20074.16",28719,56602848,-0.3614763815552
"28720","20074.16",28720,56603674,0.112242861395334
"28721","20074.16",28721,56607003,-0.248978729891299
"28722","20074.16",28722,56609988,0.205837311875397
"28723","20074.16",28723,56610115,-0.430031647377696
"28724","20074.16",28724,56610375,-0.457521424434333
"28725","20074.16",28725,56610615,-0.0796903383261425
"28726","20074.16",28726,56612702,0.331458963101997
"28727","20074.16",28727,56613116,-0.169396090573038
"28728","20074.16",28728,56618661,0.743990800687906
"28729","20074.16",28729,56620834,-0.170107113915708
"28730","20074.16",28730,56622129,0.0294751417203898
"28731","20074.16",28731,56622714,0.74789216611471
"28732","20074.16",28732,56626629,-1.07067117392045
"28733","20074.16",28733,56630934,0.3575076236523
"28734","20074.16",28734,56631294,0.234611110710061
"28735","20074.16",28735,56631559,0.763233319528385
"28736","20074.16",28736,56632268,-1.47553415260415
"28737","20074.16",28737,56634265,-0.695707037356206
"28738","20074.16",28738,56634978,0.464838028797515
"28739","20074.16",28739,56635752,0.686578868461333
"28740","20074.16",28740,56638649,-0.678325057405881
"28741","20074.16",28741,56639705,0.445484386252732
"28742","20074.16",28742,56639800,0.659207663581998
"28743","20074.16",28743,56640580,-0.532537873991487
"28744","20074.16",28744,56644265,0.697730488143839
"28745","20074.16",28745,56645941,-1.17427834076512
"28746","20074.16",28746,56647518,0.0741612011178798
"28747","20074.16",28747,56648126,0.612710925533272
"28748","20074.16",28748,56649637,-0.0630800241182516
"28749","20074.16",28749,56652464,-0.180604769018958
"28750","20074.16",28750,56653020,0.0750938826971437
"28751","20074.16",28751,56663807,-0.43983626408039
"28752","20074.16",28752,56664673,-0.986595761389308
"28753","20074.16",28753,56664966,0.867620397745129
"28754","20074.16",28754,56667785,-0.272158046893662
"28755","20074.16",28755,56671496,-1.13714187790429
"28756","20074.16",28756,56673410,0.477005616203846
"28757","20074.16",28757,56674111,0.301063400455686
"28758","20074.16",28758,56674858,0.396528360776951
"28759","20074.16",28759,56680357,-0.156919009170303
"28760","20074.16",28760,56683911,0.811384631807234
"28761","20074.16",28761,56683993,0.478556255801755
"28762","20074.16",28762,56685080,0.317689124316519
"28763","20074.16",28763,56687061,-0.308397643791379
"28764","20074.16",28764,56687638,-0.0226557068966047
"28765","20074.16",28765,56688184,-0.584525200473915
"28766","20074.16",28766,56689906,0.0693516174291089
"28767","20074.16",28767,56690124,-0.359906235977801
"28768","20074.16",28768,56692218,-0.552296571832639
"28769","20074.16",28769,56693095,0.713761337194389
"28770","20074.16",28770,56695490,-0.202466177597565
"28771","20074.16",28771,56695546,-0.423396671717968
"28772","20074.16",28772,56695664,0.56114466725422
"28773","20074.16",28773,56695929,-1.11143271706153
"28774","20074.16",28774,56696551,0.825364524878943
"28775","20074.16",28775,56697581,-0.16207309623247
"28776","20074.16",28776,56697738,0.51858959875235
"28777","20074.16",28777,56697798,0.767596180406135
"28778","20074.16",28778,56699501,-0.625452192009174
"28779","20074.16",28779,56699756,0.283072417644619
"28780","20074.16",28780,56703914,1.02875602253955
"28781","20074.16",28781,56705869,0.602721010766358
"28782","20074.16",28782,56710097,-0.104107048147693
"28783","20074.16",28783,56712745,-0.643132952711214
"28784","20074.16",28784,56713504,-1.05759894999862
"28785","20074.16",28785,56714520,0.152869939883622
"28786","20074.16",28786,56718742,0.0204930229619906
"28787","20074.16",28787,56721870,1.0130424871269
"28788","20074.16",28788,56722572,0.105536230620142
"28789","20074.16",28789,56724128,-0.481400880497751
"28790","20074.16",28790,56726874,0.555671251503013
"28791","20074.16",28791,56727312,0.469930604829561
"28792","20074.16",28792,56727885,-0.478817830631715
"28793","20074.16",28793,56730361,-0.0805381528953895
"28794","20074.16",28794,56730518,0.198028406531041
"28795","20074.16",28795,56730610,-0.262913078329293
"28796","20074.16",28796,56732125,0.282617715001641
"28797","20074.16",28797,56732186,-1.08000253015387
"28798","20074.16",28798,56732211,-0.721173309668925
"28799","20074.16",28799,56738866,-0.126418038266524
"28800","20074.16",28800,56739126,0.857878076044339
"28801","20074.16",28801,56739763,-0.174645817807201
"28802","20074.16",28802,56742658,0.211051559735343
"28803","20074.16",28803,56742746,-0.631369232163256
"28804","20074.16",28804,56743824,-0.30789729487023
"28805","20074.16",28805,56745679,-0.0284829421767094
"28806","20074.16",28806,56746307,0.171692402117804
"28807","20074.16",28807,56746843,-0.0698674226646139
"28808","20074.16",28808,56749365,-1.24988773697224
"28809","20074.16",28809,56753896,0.691818777939841
"28810","20074.16",28810,56755734,-0.15123844513102
"28811","20074.16",28811,56756147,-0.339593959768432
"28812","20074.16",28812,56759809,-0.682692694373902
"28813","20074.16",28813,56760439,-0.0867129184081517
"28814","20074.16",28814,56760974,-1.10159657112656
"28815","20074.16",28815,56761208,0.8091867545236
"28816","20074.16",28816,56761272,-0.3144202119739
"28817","20074.16",28817,56765226,0.787327363859304
"28818","20074.16",28818,56765686,-0.619072725748345
"28819","20074.16",28819,56765785,-0.948337171282894
"28820","20074.16",28820,56766831,-0.273217033102179
"28821","20074.16",28821,56767284,0.118893022699753
"28822","20074.16",28822,56767863,-0.489203328255744
"28823","20074.16",28823,56770105,-0.725917966602145
"28824","20074.16",28824,56772453,-0.335660341561787
"28825","20074.16",28825,56781601,0.12529322581362
"28826","20074.16",28826,56787107,0.12966180563263
"28827","20074.16",28827,56787289,1.03333847925898
"28828","20074.16",28828,56787683,0.121615070359617
"28829","20074.16",28829,56789987,0.159513172641539
"28830","20074.16",28830,56791082,-1.35696063723103
"28831","20074.16",28831,56793346,-0.0113383991815832
"28832","20074.16",28832,56793397,0.0542569736364582
"28833","20074.16",28833,56796416,0.664543796641973
"28834","20074.16",28834,56798553,0.743883785627392
"28835","20074.16",28835,56799727,-0.320000006867837
"28836","20074.16",28836,56800333,0.297929056256565
"28837","20074.16",28837,56802159,-0.745905760473121
"28838","20074.16",28838,56808612,1.12244753729611
"28839","20074.16",28839,56808736,0.195850960796859
"28840","20074.16",28840,56809471,-0.204052831498283
"28841","20074.16",28841,56815593,-0.1307525653337
"28842","20074.16",28842,56815772,-0.391930705549401
"28843","20074.16",28843,56816316,-1.01920635619472
"28844","20074.16",28844,56819171,0.000309117832213879
"28845","20074.16",28845,56819480,0.390030532737241
"28846","20074.16",28846,56819919,0.188461048987124
"28847","20074.16",28847,56820312,-0.0680655241870074
"28848","20074.16",28848,56820640,0.867799327090496
"28849","20074.16",28849,56823059,0.634544068385069
"28850","20074.16",28850,56830964,0.123201869361766
"28851","20074.16",28851,56831836,0.301330894389028
"28852","20074.16",28852,56832075,0.198529992504265
"28853","20074.16",28853,56832302,-0.792828779181975
"28854","20074.16",28854,56832302,0.114050054454118
"28855","20074.16",28855,56833658,0.551675287991062
"28856","20074.16",28856,56839897,0.098348061548995
"28857","20074.16",28857,56840171,0.683665217281438
"28858","20074.16",28858,56840328,0.362898157283824
"28859","20074.16",28859,56840466,-0.673444605460714
"28860","20074.16",28860,56841437,-0.244677028390957
"28861","20074.16",28861,56844729,0.138614656036502
"28862","20074.16",28862,56846597,-0.443511983436779
"28863","20074.16",28863,56846804,0.8903892605469
"28864","20074.16",28864,56847343,0.334980448112513
"28865","20074.16",28865,56847929,0.534419669871995
"28866","20074.16",28866,56854530,-0.0676379186667297
"28867","20074.16",28867,56855496,-0.0547597283935293
"28868","20074.16",28868,56856971,0.809047425282553
"28869","20074.16",28869,56857672,-0.999339209251447
"28870","20074.16",28870,56861638,-0.445050839071909
"28871","20074.16",28871,56863027,-0.237757848442082
"28872","20074.16",28872,56863586,-0.967860863970635
"28873","20074.16",28873,56865144,0.112559948331398
"28874","20074.16",28874,56865249,0.510289800964034
"28875","20074.16",28875,56866140,-0.314724426540966
"28876","20074.16",28876,56867804,1.2628496575923
"28877","20074.16",28877,56868089,-0.126231764717733
"28878","20074.16",28878,56868700,0.220624599068761
"28879","20074.16",28879,56868864,0.463133711841706
"28880","20074.16",28880,56872290,-0.123152601621811
"28881","20074.16",28881,56873667,-0.37362341038956
"28882","20074.16",28882,56873789,-0.227156538296869
"28883","20074.16",28883,56873840,-0.184669717658913
"28884","20074.16",28884,56874272,0.304207007447794
"28885","20074.16",28885,56883438,0.693626441049388
"28886","20074.16",28886,56883709,-0.93225779492379
"28887","20074.16",28887,56884243,-1.3237343359623
"28888","20074.16",28888,56885041,-0.472522478761058
"28889","20074.16",28889,56886636,0.988242808757463
"28890","20074.16",28890,56887205,-0.208972700482607
"28891","20074.16",28891,56889619,0.285538609661889
"28892","20074.16",28892,56890900,-0.780425547454598
"28893","20074.16",28893,56893636,0.429136136751391
"28894","20074.16",28894,56898879,-0.201077163684713
"28895","20074.16",28895,56899436,0.0713501731811883
"28896","20074.16",28896,56899508,0.192709183220952
"28897","20074.16",28897,56899540,-0.225131245271728
"28898","20074.16",28898,56901288,-0.52989665315935
"28899","20074.16",28899,56905432,0.33898054111235
"28900","20074.16",28900,56911016,0.252676738622589
"28901","20074.16",28901,56912903,-0.441099646395666
"28902","20074.16",28902,56914686,0.456006037144438
"28903","20074.16",28903,56916945,0.534592822215154
"28904","20074.16",28904,56917148,0.457306416050408
"28905","20074.16",28905,56917169,0.132569895563481
"28906","20074.16",28906,56917767,-0.485057703478137
"28907","20074.16",28907,56919348,-0.245308494654079
"28908","20074.16",28908,56921040,0.365194910109637
"28909","20074.16",28909,56923976,-1.16032453952302
"28910","20074.16",28910,56930550,-0.259695175966691
"28911","20074.16",28911,56930719,0.970952784330474
"28912","20074.16",28912,56931262,-0.142758170700043
"28913","20074.16",28913,56935120,0.217252522062823
"28914","20074.16",28914,56937998,0.290635498619296
"28915","20074.16",28915,56938244,0.0813675111822425
"28916","20074.16",28916,56938522,0.539468612953566
"28917","20074.16",28917,56939546,0.809484491682546
"28918","20074.16",28918,56939639,0.371887797299027
"28919","20074.16",28919,56939969,-0.185893670595436
"28920","20074.16",28920,56940128,0.115368090358283
"28921","20074.16",28921,56940513,0.631876396807756
"28922","20074.16",28922,56940817,-0.760632799215275
"28923","20074.16",28923,56941819,0.522503694580394
"28924","20074.16",28924,56942475,0.132107282181664
"28925","20074.16",28925,56942617,0.912819685953381
"28926","20074.16",28926,56944727,0.0917810920323214
"28927","20074.16",28927,56944955,0.234698565399133
"28928","20074.16",28928,56947275,-0.738871251119175
"28929","20074.16",28929,56950028,-0.0510872396657662
"28930","20074.16",28930,56950134,-0.333471845519463
"28931","20074.16",28931,56951447,-0.473312991228028
"28932","20074.16",28932,56952098,0.41727416451008
"28933","20074.16",28933,56953697,-1.22157825829264
"28934","20074.16",28934,56956468,-0.409637695494025
"28935","20074.16",28935,56958801,-0.162078569009759
"28936","20074.16",28936,56963322,0.466784889231742
"28937","20074.16",28937,56969381,-0.173741050162068
"28938","20074.16",28938,56970203,0.510079753151623
"28939","20074.16",28939,56972713,0.491055220392298
"28940","20074.16",28940,56973049,0.0439944263782834
"28941","20074.16",28941,56973155,-0.416594607817433
"28942","20074.16",28942,56973447,0.561743981257464
"28943","20074.16",28943,56973461,-0.0427746795732267
"28944","20074.16",28944,56977574,1.11278900131658
"28945","20074.16",28945,56977805,-0.440476046535077
"28946","20074.16",28946,56977898,1.13043985549257
"28947","20074.16",28947,56980908,0.794828656921303
"28948","20074.16",28948,56981240,0.378164022796718
"28949","20074.16",28949,56985139,0.227382585929297
"28950","20074.16",28950,56990716,-0.115454155840775
"28951","20074.16",28951,56991098,-0.249524307984634
"28952","20074.16",28952,56991495,0.954921641824558
"28953","20074.16",28953,56992017,0.231444324519151
"28954","20074.16",28954,56995038,-0.225398344375962
"28955","20074.16",28955,56995236,-0.950996945152336
"28956","20074.16",28956,57003788,-1.21631497267283
"28957","20074.16",28957,57004662,0.357893793221366
"28958","20074.16",28958,57004932,0.440103875744133
"28959","20074.16",28959,57005301,1.13138976522957
"28960","20074.16",28960,57007512,1.1556510122122
"28961","20074.16",28961,57007730,-0.842704841305249
"28962","20074.16",28962,57008508,0.0240288840430463
"28963","20074.16",28963,57008729,0.59226520839725
"28964","20074.16",28964,57012379,-0.0474464552436649
"28965","20074.16",28965,57015545,0.334601856372408
"28966","20074.16",28966,57017292,-0.280255302696832
"28967","20074.16",28967,57017319,-0.817748003178956
"28968","20074.16",28968,57017762,-0.750483077043318
"28969","20074.16",28969,57020327,-0.682474779773509
"28970","20074.16",28970,57024317,-0.162295094103238
"28971","20074.16",28971,57024662,0.449010858191126
"28972","20074.16",28972,57026775,-0.468986807491931
"28973","20074.16",28973,57029355,0.387422605311962
"28974","20074.16",28974,57031811,0.297550883841168
"28975","20074.16",28975,57033013,-0.127000869809042
"28976","20074.16",28976,57037903,-0.659124304076072
"28977","20074.16",28977,57038162,0.665524679259982
"28978","20074.16",28978,57038494,0.23357650539933
"28979","20074.16",28979,57039142,1.00915943362957
"28980","20074.16",28980,57040579,-0.295248499907193
"28981","20074.16",28981,57044974,0.293763628305004
"28982","20074.16",28982,57046765,0.69355132833173
"28983","20074.16",28983,57047102,-0.415711649908229
"28984","20074.16",28984,57047164,0.281073671910817
"28985","20074.16",28985,57047299,-0.421782100592414
"28986","20074.16",28986,57049982,0.117626089852521
"28987","20074.16",28987,57050841,-0.176409271516133
"28988","20074.16",28988,57051154,0.0155638075146074
"28989","20074.16",28989,57051501,-0.284165116867634
"28990","20074.16",28990,57051627,0.367959642606874
"28991","20074.16",28991,57051984,0.254499616340753
"28992","20074.16",28992,57052193,0.15375211974578
"28993","20074.16",28993,57055150,-0.0229922786091805
"28994","20074.16",28994,57055184,0.0696319823642026
"28995","20074.16",28995,57055414,0.643095660440875
"28996","20074.16",28996,57055692,0.00414802088108868
"28997","20074.16",28997,57055714,-0.591497465876239
"28998","20074.16",28998,57056368,0.128577643489465
"28999","20074.16",28999,57057194,0.232967431553283
"29000","20074.16",29000,57059484,-0.506745013207265
"29001","20074.16",29001,57060724,-0.440694816203992
"29002","20074.16",29002,57061189,0.159912742724154
"29003","20074.16",29003,57061215,-0.140238404033718
"29004","20074.16",29004,57061536,-0.7114386457785
"29005","20074.16",29005,57062261,-0.662405394388255
"29006","20074.16",29006,57064997,-1.41787023879284
"29007","20074.16",29007,57065121,1.01182250543339
"29008","20074.16",29008,57065329,-0.936451262874828
"29009","20074.16",29009,57065556,0.799357514840344
"29010","20074.16",29010,57068686,0.0925573428470248
"29011","20074.16",29011,57069022,-0.325569720902166
"29012","20074.16",29012,57069650,0.390563350972584
"29013","20074.16",29013,57069913,-0.216774245858818
"29014","20074.16",29014,57071375,0.186014781743106
"29015","20074.16",29015,57071463,-0.540387984770107
"29016","20074.16",29016,57071580,0.753914890833479
"29017","20074.16",29017,57074955,-0.897500507196662
"29018","20074.16",29018,57075253,0.340551591748159
"29019","20074.16",29019,57077506,-0.0198013062662419
"29020","20074.16",29020,57079354,0.382893661095529
"29021","20074.16",29021,57080528,0.137482596576413
"29022","20074.16",29022,57085365,-1.01749750066806
"29023","20074.16",29023,57085547,-0.274937927426886
"29024","20074.16",29024,57086842,0.216073346273419
"29025","20074.16",29025,57087125,-0.0495403097687115
"29026","20074.16",29026,57089636,-1.16469098334955
"29027","20074.16",29027,57089959,0.0967449413766168
"29028","20074.16",29028,57090076,-0.604512923591381
"29029","20074.16",29029,57091977,0.249338236535531
"29030","20074.16",29030,57094015,-0.486705722494623
"29031","20074.16",29031,57095775,-0.761711458490116
"29032","20074.16",29032,57098552,0.384760812048005
"29033","20074.16",29033,57101291,0.134504544070796
"29034","20074.16",29034,57101340,0.249922259468769
"29035","20074.16",29035,57101728,-0.629572955800652
"29036","20074.16",29036,57102731,-0.244185212674708
"29037","20074.16",29037,57105839,0.2428678952157
"29038","20074.16",29038,57106151,0.504295724579101
"29039","20074.16",29039,57109504,-0.0664431190730896
"29040","20074.16",29040,57109539,-0.107376903333075
"29041","20074.16",29041,57110635,-0.147418154729686
"29042","20074.16",29042,57111002,-0.612295064033436
"29043","20074.16",29043,57111232,-0.155600181352017
"29044","20074.16",29044,57112303,-0.383360067999314
"29045","20074.16",29045,57116819,-0.215381487050901
"29046","20074.16",29046,57116992,-0.113638846879276
"29047","20074.16",29047,57117331,0.719980424903354
"29048","20074.16",29048,57117395,0.403896916282487
"29049","20074.16",29049,57117405,0.506434555494962
"29050","20074.16",29050,57117516,0.69904418982093
"29051","20074.16",29051,57117569,-0.531871300378597
"29052","20074.16",29052,57117990,-0.218247599978003
"29053","20074.16",29053,57118208,0.130758655121284
"29054","20074.16",29054,57118736,0.315013995829712
"29055","20074.16",29055,57120000,-0.0628593050844088
"29056","20074.16",29056,57120348,-0.00304008387548205
"29057","20074.16",29057,57122993,0.537810980092806
"29058","20074.16",29058,57123148,0.08530123575831
"29059","20074.16",29059,57123310,-0.0498257816738343
"29060","20074.16",29060,57123735,-0.788703527649198
"29061","20074.16",29061,57124381,0.204517232604149
"29062","20074.16",29062,57130751,-0.282794353200678
"29063","20074.16",29063,57135851,0.021012631395938
"29064","20074.16",29064,57136207,-0.286031591676736
"29065","20074.16",29065,57141207,-0.535462842693764
"29066","20074.16",29066,57142087,-0.312669357320676
"29067","20074.16",29067,57142691,-0.265119678066562
"29068","20074.16",29068,57146047,-0.59929262971735
"29069","20074.16",29069,57151854,0.750499032506185
"29070","20074.16",29070,57154547,-0.159882225684998
"29071","20074.16",29071,57155563,-0.192289960058431
"29072","20074.16",29072,57156366,0.559770435027786
"29073","20074.16",29073,57157035,0.586354803465764
"29074","20074.16",29074,57157206,0.32944719844116
"29075","20074.16",29075,57157380,0.229092304538952
"29076","20074.16",29076,57159402,0.499445698563954
"29077","20074.16",29077,57160320,-0.821828025866026
"29078","20074.16",29078,57161463,0.0299835997362896
"29079","20074.16",29079,57162656,0.703450940754126
"29080","20074.16",29080,57163536,-0.610669978850695
"29081","20074.16",29081,57165978,0.366476974077744
"29082","20074.16",29082,57170367,-0.501830998057429
"29083","20074.16",29083,57171397,0.66283962759252
"29084","20074.16",29084,57172629,-0.483838084168756
"29085","20074.16",29085,57172971,0.0958647937087536
"29086","20074.16",29086,57174931,-0.0359176164316377
"29087","20074.16",29087,57181770,-0.288501042624965
"29088","20074.16",29088,57181937,-1.08472051901971
"29089","20074.16",29089,57182924,0.141346969521599
"29090","20074.16",29090,57183075,-0.433286066461164
"29091","20074.16",29091,57183252,-0.69045826999633
"29092","20074.16",29092,57183725,-0.364178382701438
"29093","20074.16",29093,57185761,-0.334594430992092
"29094","20074.16",29094,57186859,-0.0965847489288878
"29095","20074.16",29095,57187105,-0.435895875702897
"29096","20074.16",29096,57190102,-0.0725617734306025
"29097","20074.16",29097,57190364,-0.364837145468503
"29098","20074.16",29098,57191148,-0.193436187357019
"29099","20074.16",29099,57196609,-0.55660697892425
"29100","20074.16",29100,57198544,-0.153786715408083
"29101","20074.16",29101,57199432,0.968122488667764
"29102","20074.16",29102,57199497,0.798182325577025
"29103","20074.16",29103,57199849,-0.447327408272652
"29104","20074.16",29104,57201934,-0.0633409573861972
"29105","20074.16",29105,57203152,0.616563478271206
"29106","20074.16",29106,57205441,0.127214883214544
"29107","20074.16",29107,57209620,0.296711095501952
"29108","20074.16",29108,57213513,-0.565044706795431
"29109","20074.16",29109,57213766,0.401072933418198
"29110","20074.16",29110,57214036,-0.134824933596933
"29111","20074.16",29111,57216518,-0.238938612605663
"29112","20074.16",29112,57222743,0.710999350925145
"29113","20074.16",29113,57228836,0.114853485714872
"29114","20074.16",29114,57230778,-0.465105542889492
"29115","20074.16",29115,57237772,-0.612505534498716
"29116","20074.16",29116,57241549,-0.404842231592466
"29117","20074.16",29117,57247576,-0.4062844058897
"29118","20074.16",29118,57247654,0.613224259737328
"29119","20074.16",29119,57247963,-0.047294200111403
"29120","20074.16",29120,57248437,0.418652662535139
"29121","20074.16",29121,57248479,0.35883190365137
"29122","20074.16",29122,57259638,-0.68738127280254
"29123","20074.16",29123,57260172,-0.00744776873076258
"29124","20074.16",29124,57261146,-0.309638643122763
"29125","20074.16",29125,57268689,-1.57560707583766
"29126","20074.16",29126,57272555,-1.18954129195956
"29127","20074.16",29127,57273823,-0.579716123350088
"29128","20074.16",29128,57274034,0.419091073892212
"29129","20074.16",29129,57276202,-0.667148099672612
"29130","20074.16",29130,57278568,-0.072310953501975
"29131","20074.16",29131,57279812,-0.695070116137455
"29132","20074.16",29132,57283085,1.0484236189871
"29133","20074.16",29133,57283730,0.211245494138486
"29134","20074.16",29134,57283839,0.327004444994198
"29135","20074.16",29135,57284287,0.503319412174892
"29136","20074.16",29136,57285547,-0.449563121620952
"29137","20074.16",29137,57287424,-0.0371910647623332
"29138","20074.16",29138,57292480,0.333649565541667
"29139","20074.16",29139,57300578,-0.480505087164558
"29140","20074.16",29140,57300985,-0.357249182001094
"29141","20074.16",29141,57301112,-0.0348672628211126
"29142","20074.16",29142,57301949,-0.088493718853635
"29143","20074.16",29143,57302197,0.614421323728574
"29144","20074.16",29144,57303194,-0.325900058823829
"29145","20074.16",29145,57311057,-0.778916875097353
"29146","20074.16",29146,57311812,0.521570072102084
"29147","20074.16",29147,57312268,-0.0367230373726821
"29148","20074.16",29148,57312687,-0.270843264320016
"29149","20074.16",29149,57312910,-0.233623120860483
"29150","20074.16",29150,57313585,-1.4696393853663
"29151","20074.16",29151,57314472,-0.245992505543371
"29152","20074.16",29152,57314650,-0.0504398987080146
"29153","20074.16",29153,57314934,0.277094286055664
"29154","20074.16",29154,57315033,-0.396718467411572
"29155","20074.16",29155,57319479,0.63135792656371
"29156","20074.16",29156,57324070,1.40093600528724
"29157","20074.16",29157,57324541,-0.742771705489065
"29158","20074.16",29158,57326269,1.20825474509362
"29159","20074.16",29159,57336951,0.147998779872937
"29160","20074.16",29160,57341148,0.408688477165703
"29161","20074.16",29161,57342297,0.378707643596809
"29162","20074.16",29162,57342381,1.1894975450989
"29163","20074.16",29163,57346337,-1.04095824819684
"29164","20074.16",29164,57347193,-0.0154747570476097
"29165","20074.16",29165,57347392,-0.337938100520691
"29166","20074.16",29166,57347772,-0.547517848013138
"29167","20074.16",29167,57351403,0.699892527545756
"29168","20074.16",29168,57351493,-0.296503602278812
"29169","20074.16",29169,57353204,-1.47807762947645
"29170","20074.16",29170,57353765,1.00788226426355
"29171","20074.16",29171,57353888,0.562815684343724
"29172","20074.16",29172,57353934,0.351890350744431
"29173","20074.16",29173,57355959,-0.347631164421441
"29174","20074.16",29174,57359412,-0.166845871455568
"29175","20074.16",29175,57360290,0.695092462775656
"29176","20074.16",29176,57361346,-0.337494076731461
"29177","20074.16",29177,57364214,-0.505466819624029
"29178","20074.16",29178,57364895,-0.134660047387463
"29179","20074.16",29179,57368671,-1.45371027850906
"29180","20074.16",29180,57375932,-0.650551267628625
"29181","20074.16",29181,57376254,0.442086654638651
"29182","20074.16",29182,57378975,-0.0502499220782502
"29183","20074.16",29183,57380956,-0.166948288244665
"29184","20074.16",29184,57382169,0.412853197742408
"29185","20074.16",29185,57382213,0.0173111939258463
"29186","20074.16",29186,57387791,0.702800111610954
"29187","20074.16",29187,57401308,-0.921856056081264
"29188","20074.16",29188,57403364,-1.40452286246907
"29189","20074.16",29189,57403500,0.64629166433591
"29190","20074.16",29190,57406019,-0.420623694893472
"29191","20074.16",29191,57407646,-0.203073209882104
"29192","20074.16",29192,57408668,-0.338677260620466
"29193","20074.16",29193,57413839,0.667996777152609
"29194","20074.16",29194,57417761,0.137597873156984
"29195","20074.16",29195,57418188,-0.109627523153298
"29196","20074.16",29196,57418340,0.772134497171233
"29197","20074.16",29197,57418987,-0.398826553949989
"29198","20074.16",29198,57422442,0.0324036421163623
"29199","20074.16",29199,57422519,0.520993960501664
"29200","20074.16",29200,57423722,-0.705369329781441
"29201","20074.16",29201,57423743,0.230052691585797
"29202","20074.16",29202,57430803,-0.278035272943463
"29203","20074.16",29203,57433341,0.497223529670529
"29204","20074.16",29204,57436153,-0.6162191238322
"29205","20074.16",29205,57437937,-1.38432133786174
"29206","20074.16",29206,57439113,-0.471171395000689
"29207","20074.16",29207,57441300,0.0226514859968123
"29208","20074.16",29208,57441407,0.443746734345461
"29209","20074.16",29209,57444002,0.517149471437098
"29210","20074.16",29210,57444563,-0.166972708377512
"29211","20074.16",29211,57445113,0.0171682551154158
"29212","20074.16",29212,57447414,-0.412504869981573
"29213","20074.16",29213,57447514,0.142458484323575
"29214","20074.16",29214,57448612,-0.574323119205869
"29215","20074.16",29215,57454703,-0.143468929237679
"29216","20074.16",29216,57455412,-0.72552123980033
"29217","20074.16",29217,57456195,0.425471984816418
"29218","20074.16",29218,57458602,0.192908608423536
"29219","20074.16",29219,57461017,-0.0772760562596293
"29220","20074.16",29220,57461173,-0.122580261221384
"29221","20074.16",29221,57461724,0.266165260334126
"29222","20074.16",29222,57462254,-0.0283232688534927
"29223","20074.16",29223,57467964,-1.9762642440743
"29224","20074.16",29224,57468408,-0.325151071205052
"29225","20074.16",29225,57468614,-0.0858794883298888
"29226","20074.16",29226,57473111,-0.633566264972438
"29227","20074.16",29227,57474099,-1.1794060648786
"29228","20074.16",29228,57474687,0.480501491953965
"29229","20074.16",29229,57474740,0.843052689010883
"29230","20074.16",29230,57474971,0.112533318422653
"29231","20074.16",29231,57478966,-0.141865647204424
"29232","20074.16",29232,57479710,-0.810548187227756
"29233","20074.16",29233,57480074,-0.53360849092956
"29234","20074.16",29234,57482957,0.517787969349366
"29235","20074.16",29235,57483133,0.0237581592092146
"29236","20074.16",29236,57488806,0.218311765564681
"29237","20074.16",29237,57494622,0.626545645106375
"29238","20074.16",29238,57499465,-0.271782626527308
"29239","20074.16",29239,57499502,0.096854895698013
"29240","20074.16",29240,57499782,0.36867915704073
"29241","20074.16",29241,57499841,0.0773428128577418
"29242","20074.16",29242,57501004,-0.283984905550232
"29243","20074.16",29243,57502926,0.309290373958059
"29244","20074.16",29244,57503213,0.44861372564097
"29245","20074.16",29245,57503330,0.424734832205195
"29246","20074.16",29246,57503360,0.253587979881675
"29247","20074.16",29247,57503532,-0.253052295808776
"29248","20074.16",29248,57503773,0.396639845120451
"29249","20074.16",29249,57504038,-1.37658311886246
"29250","20074.16",29250,57506915,0.174661002522319
"29251","20074.16",29251,57508137,-1.25532327475444
"29252","20074.16",29252,57510942,-0.622078521404389
"29253","20074.16",29253,57511295,0.467728776803402
"29254","20074.16",29254,57511625,-0.176193386377188
"29255","20074.16",29255,57512518,-0.144304236873155
"29256","20074.16",29256,57514699,-0.0466199183192213
"29257","20074.16",29257,57518839,0.177486644816508
"29258","20074.16",29258,57523065,0.742673072828873
"29259","20074.16",29259,57523861,-0.856785908434537
"29260","20074.16",29260,57528415,-1.02842522526781
"29261","20074.16",29261,57529788,-0.486382415034993
"29262","20074.16",29262,57534580,0.377101136326218
"29263","20074.16",29263,57534957,-1.13336677429998
"29264","20074.16",29264,57539511,0.611962900728517
"29265","20074.16",29265,57539697,0.317141294781993
"29266","20074.16",29266,57542573,-0.140101356303905
"29267","20074.16",29267,57543173,-0.222273465004332
"29268","20074.16",29268,57543349,-0.277992818067197
"29269","20074.16",29269,57543422,-0.373033048454013
"29270","20074.16",29270,57545736,0.53161985595997
"29271","20074.16",29271,57546131,-0.0848188078744458
"29272","20074.16",29272,57546146,-0.670542486497089
"29273","20074.16",29273,57549997,0.311405572840054
"29274","20074.16",29274,57552584,-1.03371353770569
"29275","20074.16",29275,57553038,-0.0270192949859318
"29276","20074.16",29276,57556471,-0.0932073548856156
"29277","20074.16",29277,57558120,-0.325623941821917
"29278","20074.16",29278,57561642,0.782008007931661
"29279","20074.16",29279,57561854,0.172798191931075
"29280","20074.16",29280,57562220,0.095222477274512
"29281","20074.16",29281,57565774,0.86590038053851
"29282","20074.16",29282,57566228,0.0724824266611632
"29283","20074.16",29283,57567624,0.349620502382517
"29284","20074.16",29284,57575397,-0.499898331329511
"29285","20074.16",29285,57577047,-0.166269203473896
"29286","20074.16",29286,57577113,0.411433713281286
"29287","20074.16",29287,57579651,0.863853271079067
"29288","20074.16",29288,57580478,-0.119537950548817
"29289","20074.16",29289,57581015,-0.078740176983974
"29290","20074.16",29290,57583171,-0.762095727925799
"29291","20074.16",29291,57583211,-0.553167457590909
"29292","20074.16",29292,57583797,-0.192043405820799
"29293","20074.16",29293,57585433,-0.0333392433086148
"29294","20074.16",29294,57586235,0.082669204351645
"29295","20074.16",29295,57590554,0.387327219071307
"29296","20074.16",29296,57590680,0.131305842744183
"29297","20074.16",29297,57592253,0.246971345584078
"29298","20074.16",29298,57593090,0.161826200910808
"29299","20074.16",29299,57593215,0.225518447843657
"29300","20074.16",29300,57593857,-0.063743838874629
"29301","20074.16",29301,57594681,0.0852841028165416
"29302","20074.16",29302,57596323,-0.0520487150683628
"29303","20074.16",29303,57596552,0.914378456696162
"29304","20074.16",29304,57598944,-0.213846301324461
"29305","20074.16",29305,57601792,0.25713460117053
"29306","20074.16",29306,57604537,-0.834627631363805
"29307","20074.16",29307,57605169,0.183848009170366
"29308","20074.16",29308,57605453,0.444869940236237
"29309","20074.16",29309,57608955,-0.0725233017215352
"29310","20074.16",29310,57609000,-0.212538615327976
"29311","20074.16",29311,57610423,0.190451435024073
"29312","20074.16",29312,57611533,-1.18797990349974
"29313","20074.16",29313,57614457,0.286691940783476
"29314","20074.16",29314,57617605,0.59988194259808
"29315","20074.16",29315,57618088,-0.455537703340116
"29316","20074.16",29316,57620225,-0.809487516754118
"29317","20074.16",29317,57622473,-0.527528203270228
"29318","20074.16",29318,57622522,-0.178511736027819
"29319","20074.16",29319,57622780,1.2194057331916
"29320","20074.16",29320,57622901,-0.153484458694243
"29321","20074.16",29321,57625230,-0.109257830628611
"29322","20074.16",29322,57628463,0.877544078348554
"29323","20074.16",29323,57628571,0.52302338924756
"29324","20074.16",29324,57628742,-0.768282249223176
"29325","20074.16",29325,57628827,-0.191841085310953
"29326","20074.16",29326,57632171,-0.537264522129821
"29327","20074.16",29327,57632536,0.365096638885899
"29328","20074.16",29328,57632904,-0.116477475686669
"29329","20074.16",29329,57635641,-0.260017464163614
"29330","20074.16",29330,57636207,-0.144630868086557
"29331","20074.16",29331,57636305,0.0446052429811123
"29332","20074.16",29332,57636678,-0.0196592549226731
"29333","20074.16",29333,57637087,-0.226260940071727
"29334","20074.16",29334,57639037,-0.775767024523304
"29335","20074.16",29335,57639530,0.267389407765674
"29336","20074.16",29336,57640051,0.489961654414796
"29337","20074.16",29337,57640552,0.436342579580255
"29338","20074.16",29338,57641344,0.056736167455111
"29339","20074.16",29339,57647396,-1.26930203625936
"29340","20074.16",29340,57647433,0.632348387076454
"29341","20074.16",29341,57647678,0.205759148184776
"29342","20074.16",29342,57647707,0.551345128044473
"29343","20074.16",29343,57649368,-0.376205832511317
"29344","20074.16",29344,57651087,-2.09363957127466
"29345","20074.16",29345,57651648,0.0075198473757263
"29346","20074.16",29346,57656519,0.0390344255977144
"29347","20074.16",29347,57656606,-0.927517983159097
"29348","20074.16",29348,57656921,0.599879763129354
"29349","20074.16",29349,57657973,0.319477054741198
"29350","20074.16",29350,57658514,0.611314085509172
"29351","20074.16",29351,57660346,-0.774136085347938
"29352","20074.16",29352,57660521,-0.951575969178112
"29353","20074.16",29353,57660521,-1.47936660604076
"29354","20074.16",29354,57660708,-0.770838417949399
"29355","20074.16",29355,57666356,1.00320638434247
"29356","20074.16",29356,57666431,-0.0844908338785704
"29357","20074.16",29357,57667120,1.04536329867508
"29358","20074.16",29358,57667210,0.456011530612156
"29359","20074.16",29359,57667346,-0.560879036661922
"29360","20074.16",29360,57669055,0.253963637547874
"29361","20074.16",29361,57669620,-0.592278345109957
"29362","20074.16",29362,57670176,-0.316474023066027
"29363","20074.16",29363,57672186,-1.05732593198812
"29364","20074.16",29364,57675078,-0.387516708580847
"29365","20074.16",29365,57675438,-1.19943822566054
"29366","20074.16",29366,57677983,-0.777639036576301
"29367","20074.16",29367,57678297,-0.64899292714751
"29368","20074.16",29368,57681660,-0.716981843513973
"29369","20074.16",29369,57681854,0.0187341376141807
"29370","20074.16",29370,57682505,0.00557426531186422
"29371","20074.16",29371,57683091,-1.23491077715963
"29372","20074.16",29372,57684543,-0.836633161989209
"29373","20074.16",29373,57687252,-1.07753928728945
"29374","20074.16",29374,57692426,-0.0825218142628783
"29375","20074.16",29375,57692456,0.178412394823609
"29376","20074.16",29376,57692584,0.327811094418878
"29377","20074.16",29377,57693055,1.22229732091866
"29378","20074.16",29378,57694063,0.311405635383369
"29379","20074.16",29379,57694343,-0.823935122799668
"29380","20074.16",29380,57695510,0.584631252037123
"29381","20074.16",29381,57696164,0.334818617912176
"29382","20074.16",29382,57697532,-1.50902608807664
"29383","20074.16",29383,57698931,0.556997309699056
"29384","20074.16",29384,57699013,1.38172195888951
"29385","20074.16",29385,57701886,-0.650592429999988
"29386","20074.16",29386,57702705,0.806920707507397
"29387","20074.16",29387,57702893,0.789188798853965
"29388","20074.16",29388,57703023,0.0284327159547137
"29389","20074.16",29389,57703104,0.633281885780327
"29390","20074.16",29390,57703352,0.762822531016012
"29391","20074.16",29391,57704266,0.721159333605853
"29392","20074.16",29392,57705732,-1.14706346565054
"29393","20074.16",29393,57706583,0.731902057987322
"29394","20074.16",29394,57707111,-0.130309754306454
"29395","20074.16",29395,57711705,-0.325017922719207
"29396","20074.16",29396,57713387,0.0182349352168973
"29397","20074.16",29397,57715755,0.00755540076841932
"29398","20074.16",29398,57718822,-0.253283174802646
"29399","20074.16",29399,57718865,0.356494944763816
"29400","20074.16",29400,57719194,0.104319955170491
"29401","20074.16",29401,57720488,0.339529522107372
"29402","20074.16",29402,57720965,-0.595165301162852
"29403","20074.16",29403,57721127,0.0552486373846017
"29404","20074.16",29404,57721146,-0.187783361926003
"29405","20074.16",29405,57722328,-0.127551154244036
"29406","20074.16",29406,57722576,-0.29736443590409
"29407","20074.16",29407,57733279,0.066118501146863
"29408","20074.16",29408,57734232,-0.341318214894767
"29409","20074.16",29409,57738377,-0.0244993066991697
"29410","20074.16",29410,57741726,-0.417859423706779
"29411","20074.16",29411,57741896,1.17513856138087
"29412","20074.16",29412,57742418,0.525327067376929
"29413","20074.16",29413,57748661,1.00629781456831
"29414","20074.16",29414,57748759,0.581820678588012
"29415","20074.16",29415,57748807,0.370200231134732
"29416","20074.16",29416,57748845,1.13808078236109
"29417","20074.16",29417,57748881,0.31496859610625
"29418","20074.16",29418,57752662,-0.149537430531419
"29419","20074.16",29419,57753015,0.0185117697441397
"29420","20074.16",29420,57753816,0.02142716263391
"29421","20074.16",29421,57754130,0.0996423833455822
"29422","20074.16",29422,57754268,-0.223488769688756
"29423","20074.16",29423,57755677,-1.87262670930938
"29424","20074.16",29424,57756269,0.677014030740481
"29425","20074.16",29425,57756643,-0.399849276107457
"29426","20074.16",29426,57757274,-0.509836080490876
"29427","20074.16",29427,57757300,0.0524749825392137
"29428","20074.16",29428,57759859,-0.287861413981902
"29429","20074.16",29429,57760154,0.383397907381444
"29430","20074.16",29430,57760511,0.221020545330623
"29431","20074.16",29431,57766190,-0.496461870198798
"29432","20074.16",29432,57769569,-0.958351352023243
"29433","20074.16",29433,57776319,0.218606656768077
"29434","20074.16",29434,57778488,0.223044046357266
"29435","20074.16",29435,57779063,0.419318320573645
"29436","20074.16",29436,57780156,-0.333968344419663
"29437","20074.16",29437,57780403,0.0349505703469388
"29438","20074.16",29438,57781426,0.0770847617170878
"29439","20074.16",29439,57786366,-0.239900021966969
"29440","20074.16",29440,57786711,-0.24200301194983
"29441","20074.16",29441,57789742,-1.28643202186817
"29442","20074.16",29442,57790239,-0.389677582839229
"29443","20074.16",29443,57792631,0.199590779076644
"29444","20074.16",29444,57793521,-0.750102791352504
"29445","20074.16",29445,57801350,0.297857547649985
"29446","20074.16",29446,57802565,0.226358346088841
"29447","20074.16",29447,57802897,-0.992698805115879
"29448","20074.16",29448,57804171,-0.417438483245162
"29449","20074.16",29449,57804849,0.0349602181306805
"29450","20074.16",29450,57805176,-0.100128039228192
"29451","20074.16",29451,57807066,0.369132974173561
"29452","20074.16",29452,57807439,-1.11417585583965
"29453","20074.16",29453,57808171,-0.158237027743035
"29454","20074.16",29454,57809578,0.193884879802029
"29455","20074.16",29455,57810090,-0.496362197613688
"29456","20074.16",29456,57810318,-0.607277156658546
"29457","20074.16",29457,57813308,-0.0460339381733199
"29458","20074.16",29458,57816109,-0.196225349504764
"29459","20074.16",29459,57818100,0.0983397415957912
"29460","20074.16",29460,57818874,-0.352492051358478
"29461","20074.16",29461,57818935,0.733676889953847
"29462","20074.16",29462,57819018,-0.698765917107155
"29463","20074.16",29463,57819198,-0.933319524777062
"29464","20074.16",29464,57820984,-0.465619880888206
"29465","20074.16",29465,57821227,-0.426895349795798
"29466","20074.16",29466,57821327,-0.0224689268081288
"29467","20074.16",29467,57826826,0.658489303608721
"29468","20074.16",29468,57834732,-0.20871258254312
"29469","20074.16",29469,57837247,-0.395212736007399
"29470","20074.16",29470,57840371,-0.606988418257251
"29471","20074.16",29471,57840663,-0.531193114947175
"29472","20074.16",29472,57848319,-0.14294882925403
"29473","20074.16",29473,57848928,0.185525249153263
"29474","20074.16",29474,57850141,0.197878519234342
"29475","20074.16",29475,57850806,0.463789429966369
"29476","20074.16",29476,57850928,-0.054173467754878
"29477","20074.16",29477,57851393,-0.593878508565893
"29478","20074.16",29478,57851574,0.28279111267148
"29479","20074.16",29479,57852819,0.251509608304548
"29480","20074.16",29480,57852840,0.412570948624267
"29481","20074.16",29481,57852955,0.340327988384659
"29482","20074.16",29482,57853084,1.70732258260878
"29483","20074.16",29483,57857459,0.123324616288671
"29484","20074.16",29484,57857924,-0.376183441464749
"29485","20074.16",29485,57858065,-0.554242565894219
"29486","20074.16",29486,57860333,-0.0543347081405026
"29487","20074.16",29487,57864091,0.829628548465101
"29488","20074.16",29488,57864447,0.286032722816409
"29489","20074.16",29489,57868843,0.16119033876317
"29490","20074.16",29490,57868991,-1.20313889028826
"29491","20074.16",29491,57869092,0.165220740159523
"29492","20074.16",29492,57869457,-0.205389622253062
"29493","20074.16",29493,57869530,0.250488127251699
"29494","20074.16",29494,57877310,-1.01295740360557
"29495","20074.16",29495,57882562,-0.288986761527398
"29496","20074.16",29496,57882574,0.548152037992256
"29497","20074.16",29497,57888792,-0.460761983896604
"29498","20074.16",29498,57891538,-0.124249484569156
"29499","20074.16",29499,57892429,0.401541036578707
"29500","20074.16",29500,57905176,0.464408196544194
"29501","20074.16",29501,57905226,-0.323935191042091
"29502","20074.16",29502,57906145,-0.623261348342366
"29503","20074.16",29503,57907095,0.14109453742376
"29504","20074.16",29504,57909654,1.2065857118573
"29505","20074.16",29505,57911264,0.116704869991803
"29506","20074.16",29506,57912679,0.288326006365691
"29507","20074.16",29507,57912896,-0.66269576095365
"29508","20074.16",29508,57914805,-0.423409386497905
"29509","20074.16",29509,57915407,0.106020514340275
"29510","20074.16",29510,57918569,-0.196753541202608
"29511","20074.16",29511,57919034,-0.513992553604639
"29512","20074.16",29512,57919314,0.122451056532847
"29513","20074.16",29513,57919906,-0.257190452559705
"29514","20074.16",29514,57919926,0.435071202069786
"29515","20074.16",29515,57920461,0.190800062706616
"29516","20074.16",29516,57921116,0.0160104366541161
"29517","20074.16",29517,57921492,0.495597889102496
"29518","20074.16",29518,57921556,0.787853103371046
"29519","20074.16",29519,57921712,-0.114226815615015
"29520","20074.16",29520,57921752,0.121193316403365
"29521","20074.16",29521,57921843,0.238456743920223
"29522","20074.16",29522,57924400,-0.560156226581307
"29523","20074.16",29523,57926171,0.450363141706979
"29524","20074.16",29524,57926418,0.3073672949644
"29525","20074.16",29525,57926847,0.688399044234845
"29526","20074.16",29526,57926957,-0.768991978702574
"29527","20074.16",29527,57927336,0.628593539041598
"29528","20074.16",29528,57928011,0.780615012749954
"29529","20074.16",29529,57928547,1.16333935327398
"29530","20074.16",29530,57929002,0.23930510828916
"29531","20074.16",29531,57932954,1.04432903122078
"29532","20074.16",29532,57933038,0.0772493071492413
"29533","20074.16",29533,57933066,1.47738526345387
"29534","20074.16",29534,57933600,-0.665685322121996
"29535","20074.16",29535,57935443,0.2514846401373
"29536","20074.16",29536,57936863,0.591714583821525
"29537","20074.16",29537,57937772,-1.08767792934861
"29538","20074.16",29538,57937788,0.0570362231223474
"29539","20074.16",29539,57938192,-0.639323916599726
"29540","20074.16",29540,57938209,0.273037100684605
"29541","20074.16",29541,57938755,0.934152598968448
"29542","20074.16",29542,57940891,0.336613838804623
"29543","20074.16",29543,57941344,0.339069731870846
"29544","20074.16",29544,57943317,1.03811487753534
"29545","20074.16",29545,57943707,-0.0974385898355807
"29546","20074.16",29546,57945081,1.15064023650112
"29547","20074.16",29547,57945121,0.0153824427632783
"29548","20074.16",29548,57948543,-0.722632891565618
"29549","20074.16",29549,57950057,0.737817612732393
"29550","20074.16",29550,57950366,0.0595445095460558
"29551","20074.16",29551,57950985,1.47058624242446
"29552","20074.16",29552,57951199,-0.190966265635004
"29553","20074.16",29553,57951421,0.317744437670723
"29554","20074.16",29554,57952870,0.662664362932861
"29555","20074.16",29555,57953380,-0.0493710932877178
"29556","20074.16",29556,57953613,-1.01230366600045
"29557","20074.16",29557,57953723,-0.580345725995999
"29558","20074.16",29558,57955816,-0.147397621410106
"29559","20074.16",29559,57956208,0.0860857040867211
"29560","20074.16",29560,57956231,-0.394266557809289
"29561","20074.16",29561,57957889,-0.380093542894592
"29562","20074.16",29562,57958159,0.516680428581075
"29563","20074.16",29563,57962062,-0.489323671250137
"29564","20074.16",29564,57967192,-0.0174771109624157
"29565","20074.16",29565,57967218,0.704710264402554
"29566","20074.16",29566,57971921,-0.298298561865996
"29567","20074.16",29567,57976117,-0.738631361881785
"29568","20074.16",29568,57977147,-0.45688291783952
"29569","20074.16",29569,57978966,0.46317148935259
"29570","20074.16",29570,57980302,-0.231456826580166
"29571","20074.16",29571,57980621,-0.054258975563017
"29572","20074.16",29572,57983711,0.65859343868403
"29573","20074.16",29573,57983903,1.19494482271132
"29574","20074.16",29574,57983966,0.879847529059455
"29575","20074.16",29575,57989833,0.370325509548777
"29576","20074.16",29576,57990235,0.427336512166771
"29577","20074.16",29577,57992738,-0.154629693110925
"29578","20074.16",29578,57993040,0.0975097202989748
"29579","20074.16",29579,57996081,-1.63808354116499
"29580","20074.16",29580,57996720,-0.749747139032471
"29581","20074.16",29581,57996932,0.362959727957063
"29582","20074.16",29582,58000163,0.197456444266077
"29583","20074.16",29583,58000714,0.472096732299973
"29584","20074.16",29584,58001068,-0.666603610639148
"29585","20074.16",29585,58001988,0.34374961768489
"29586","20074.16",29586,58004179,0.264997233974792
"29587","20074.16",29587,58004375,-0.721167513555132
"29588","20074.16",29588,58006224,-0.29260524076028
"29589","20074.16",29589,58006269,-0.644543483445739
"29590","20074.16",29590,58006975,0.554386329335776
"29591","20074.16",29591,58008642,0.233548617766342
"29592","20074.16",29592,58009253,-0.0555495119520097
"29593","20074.16",29593,58011450,-0.119482039029118
"29594","20074.16",29594,58011642,-0.489022005400574
"29595","20074.16",29595,58014059,-0.537624590027008
"29596","20074.16",29596,58022371,-1.48036130779854
"29597","20074.16",29597,58026366,-0.503411836689712
"29598","20074.16",29598,58026977,0.824203249260337
"29599","20074.16",29599,58027133,-1.07923550681456
"29600","20074.16",29600,58027465,0.125060784073512
"29601","20074.16",29601,58036347,0.847722448278291
"29602","20074.16",29602,58036408,0.0407726292752484
"29603","20074.16",29603,58040230,-1.91578050040489
"29604","20074.16",29604,58049329,-0.26062788721681
"29605","20074.16",29605,58049449,0.36523275203137
"29606","20074.16",29606,58051197,-0.144087922774773
"29607","20074.16",29607,58051456,-0.613237721229341
"29608","20074.16",29608,58053161,0.939622661545612
"29609","20074.16",29609,58057345,0.263776384341422
"29610","20074.16",29610,58057627,0.213079718089042
"29611","20074.16",29611,58065624,0.583249530168119
"29612","20074.16",29612,58069469,0.610446364422171
"29613","20074.16",29613,58071159,-0.291740375742592
"29614","20074.16",29614,58071471,-0.603541833820734
"29615","20074.16",29615,58073377,-0.475272369367126
"29616","20074.16",29616,58074210,0.64783260302334
"29617","20074.16",29617,58083490,0.0615155677290105
"29618","20074.16",29618,58083755,-0.128967389920949
"29619","20074.16",29619,58085131,0.494008029546451
"29620","20074.16",29620,58085882,0.514625185235551
"29621","20074.16",29621,58088162,-0.208599380817893
"29622","20074.16",29622,58088559,0.826476942485942
"29623","20074.16",29623,58091215,-0.537944499285458
"29624","20074.16",29624,58091654,0.451902549115579
"29625","20074.16",29625,58091945,0.10835720328267
"29626","20074.16",29626,58097106,0.722877640473754
"29627","20074.16",29627,58097357,-0.150697957546432
"29628","20074.16",29628,58100068,-0.806183823223587
"29629","20074.16",29629,58100208,-0.170226721553195
"29630","20074.16",29630,58101017,-0.953778503153142
"29631","20074.16",29631,58103866,0.0392835998884129
"29632","20074.16",29632,58108249,-0.385861147432406
"29633","20074.16",29633,58109979,0.0829282944375214
"29634","20074.16",29634,58110249,0.151885125817542
"29635","20074.16",29635,58110794,-0.1782687082496
"29636","20074.16",29636,58111073,0.260121753720155
"29637","20074.16",29637,58114140,0.0567858266532424
"29638","20074.16",29638,58126160,0.782905462955584
"29639","20074.16",29639,58126479,-0.54365263359086
"29640","20074.16",29640,58129519,0.0699709520624303
"29641","20074.16",29641,58134958,0.414819297706287
"29642","20074.16",29642,58136662,-1.12593856041513
"29643","20074.16",29643,58137665,0.403741501485684
"29644","20074.16",29644,58143027,0.134765137529367
"29645","20074.16",29645,58143301,0.00914354656259331
"29646","20074.16",29646,58143392,-0.0978001711327607
"29647","20074.16",29647,58145585,0.382587828473738
"29648","20074.16",29648,58149703,0.15753028543349
"29649","20074.16",29649,58149928,-0.962109334956163
"29650","20074.16",29650,58155121,0.074939955273897
"29651","20074.16",29651,58157202,-0.634913245538128
"29652","20074.16",29652,58158668,-0.481465281448695
"29653","20074.16",29653,58160974,0.7090563687813
"29654","20074.16",29654,58161291,-0.00152243587992995
"29655","20074.16",29655,58162481,-0.389957022400798
"29656","20074.16",29656,58163479,-0.194665892245208
"29657","20074.16",29657,58163519,0.313209851160443
"29658","20074.16",29658,58167433,-0.468341690634232
"29659","20074.16",29659,58168322,-1.04582936759508
"29660","20074.16",29660,58171579,-1.13584984027781
"29661","20074.16",29661,58172577,-0.510876604728967
"29662","20074.16",29662,58172603,0.547009547387142
"29663","20074.16",29663,58175334,0.0812371817037443
"29664","20074.16",29664,58186521,-0.027207365750491
"29665","20074.16",29665,58188075,-0.612695799479319
"29666","20074.16",29666,58193691,0.154734841758235
"29667","20074.16",29667,58194326,-0.317203696379848
"29668","20074.16",29668,58194724,0.269347730395718
"29669","20074.16",29669,58194926,0.327592839186146
"29670","20074.16",29670,58196161,-0.239363627835627
"29671","20074.16",29671,58196736,-0.250266155812791
"29672","20074.16",29672,58198661,0.478598693658744
"29673","20074.16",29673,58198956,1.00554134023958
"29674","20074.16",29674,58199203,0.503907625295091
"29675","20074.16",29675,58199491,-0.913262437430473
"29676","20074.16",29676,58200973,0.408095821738793
"29677","20074.16",29677,58201635,0.349140606632914
"29678","20074.16",29678,58205005,-0.139831441941143
"29679","20074.16",29679,58206325,-0.637252770705721
"29680","20074.16",29680,58206826,0.649863200310244
"29681","20074.16",29681,58207203,1.22633288828404
"29682","20074.16",29682,58207354,-0.31913856715359
"29683","20074.16",29683,58211449,0.447385351035096
"29684","20074.16",29684,58215735,-1.1630573599952
"29685","20074.16",29685,58216953,0.123954419753992
"29686","20074.16",29686,58219283,0.0698018200278785
"29687","20074.16",29687,58220110,0.164431939944157
"29688","20074.16",29688,58221867,-0.553929808104741
"29689","20074.16",29689,58224015,-0.0990339960081092
"29690","20074.16",29690,58224685,-0.118014157361714
"29691","20074.16",29691,58226124,0.464318241346223
"29692","20074.16",29692,58226747,0.407671761941768
"29693","20074.16",29693,58227044,0.0986725244276556
"29694","20074.16",29694,58228064,0.303949670593615
"29695","20074.16",29695,58228807,-0.436498787708789
"29696","20074.16",29696,58229348,0.334181489222046
"29697","20074.16",29697,58229435,0.684765039708316
"29698","20074.16",29698,58229628,-0.340392913295241
"29699","20074.16",29699,58229831,-0.348640818449909
"29700","20074.16",29700,58231200,-0.255716196887403
"29701","20074.16",29701,58233339,-0.518047313109554
"29702","20074.16",29702,58233956,0.510431149532903
"29703","20074.16",29703,58234135,0.333648433942961
"29704","20074.16",29704,58234767,1.26414492535318
"29705","20074.16",29705,58235026,0.025148982306531
"29706","20074.16",29706,58236940,-0.48939283323914
"29707","20074.16",29707,58239005,-1.04169984423712
"29708","20074.16",29708,58239498,-0.0322815828516205
"29709","20074.16",29709,58241271,0.103264674947336
"29710","20074.16",29710,58242015,-0.0646945179810583
"29711","20074.16",29711,58244467,-0.307381403377198
"29712","20074.16",29712,58247587,0.0943081569567381
"29713","20074.16",29713,58247588,-0.28595282170224
"29714","20074.16",29714,58248326,0.467319129741932
"29715","20074.16",29715,58251406,0.111370372632381
"29716","20074.16",29716,58252155,0.0428070582592683
"29717","20074.16",29717,58252843,-0.332289622232249
"29718","20074.16",29718,58253311,-0.813404368426699
"29719","20074.16",29719,58253460,-1.02751968978499
"29720","20074.16",29720,58255909,-0.0843324151517146
"29721","20074.16",29721,58256336,0.511798136453351
"29722","20074.16",29722,58256370,0.0817386465369996
"29723","20074.16",29723,58256428,0.565499399489462
"29724","20074.16",29724,58257452,-0.665663389262135
"29725","20074.16",29725,58261963,-0.338397773148113
"29726","20074.16",29726,58261992,0.328647277975763
"29727","20074.16",29727,58262206,-0.0779581349843514
"29728","20074.16",29728,58263208,0.174917362034757
"29729","20074.16",29729,58263584,-0.822955251234919
"29730","20074.16",29730,58263924,-0.887175040412285
"29731","20074.16",29731,58264412,0.0549897104759829
"29732","20074.16",29732,58266212,0.487181248821584
"29733","20074.16",29733,58267622,-0.098556331931376
"29734","20074.16",29734,58272522,0.426564447049349
"29735","20074.16",29735,58272823,0.68277372378114
"29736","20074.16",29736,58274238,-0.373891697102551
"29737","20074.16",29737,58279928,-0.97686565749233
"29738","20074.16",29738,58280078,0.81316005496646
"29739","20074.16",29739,58281371,-0.645958287383116
"29740","20074.16",29740,58283103,0.0457536491654249
"29741","20074.16",29741,58283281,0.125245385657292
"29742","20074.16",29742,58285203,0.179794474566954
"29743","20074.16",29743,58288959,-0.441112389163648
"29744","20074.16",29744,58294512,0.121198119946851
"29745","20074.16",29745,58294700,-0.545184892812749
"29746","20074.16",29746,58294724,-0.231306098753088
"29747","20074.16",29747,58295198,1.41797317610663
"29748","20074.16",29748,58297919,-0.623948544328312
"29749","20074.16",29749,58298471,-0.0126790624806237
"29750","20074.16",29750,58298743,-0.437941862763687
"29751","20074.16",29751,58298906,-0.00384434690683388
"29752","20074.16",29752,58308775,0.349112961958286
"29753","20074.16",29753,58310416,-0.124736923123107
"29754","20074.16",29754,58310615,0.0630745493295217
"29755","20074.16",29755,58313122,-0.659346517347577
"29756","20074.16",29756,58313190,-0.151170799916536
"29757","20074.16",29757,58313242,0.340035718910124
"29758","20074.16",29758,58313948,-0.337407078591454
"29759","20074.16",29759,58315051,-0.892673466952782
"29760","20074.16",29760,58315631,0.859780918174413
"29761","20074.16",29761,58316464,-0.553431930721067
"29762","20074.16",29762,58316584,0.0615601724820252
"29763","20074.16",29763,58319198,0.384324470626074
"29764","20074.16",29764,58320211,0.637551629420183
"29765","20074.16",29765,58320294,0.236411202482719
"29766","20074.16",29766,58320769,0.541370365746485
"29767","20074.16",29767,58320844,0.890550563782049
"29768","20074.16",29768,58322496,-0.108121314364495
"29769","20074.16",29769,58322851,-0.277331814506975
"29770","20074.16",29770,58324186,-0.48165747246103
"29771","20074.16",29771,58326610,0.495833651110256
"29772","20074.16",29772,58326940,0.609849351708628
"29773","20074.16",29773,58327594,-1.25500795132924
"29774","20074.16",29774,58327646,-0.0266275177246014
"29775","20074.16",29775,58327742,0.909264763718382
"29776","20074.16",29776,58327774,0.409003790605829
"29777","20074.16",29777,58336391,0.324373755219468
"29778","20074.16",29778,58336624,-0.0996898537468995
"29779","20074.16",29779,58338305,-0.83395313262604
"29780","20074.16",29780,58346898,-1.04914450393666
"29781","20074.16",29781,58350967,0.113471499594664
"29782","20074.16",29782,58352534,0.0910426352370122
"29783","20074.16",29783,58355742,0.178449114112331
"29784","20074.16",29784,58358930,0.198250796618809
"29785","20074.16",29785,58362339,0.131967797869308
"29786","20074.16",29786,58363893,-1.59515314645096
"29787","20074.16",29787,58364991,0.0928683204381882
"29788","20074.16",29788,58365078,0.394246463720724
"29789","20074.16",29789,58366343,-0.572194449078696
"29790","20074.16",29790,58367397,-0.0402761544533758
"29791","20074.16",29791,58368100,-0.299964532004672
"29792","20074.16",29792,58368639,-0.647964468042714
"29793","20074.16",29793,58369457,-0.304497133802664
"29794","20074.16",29794,58370837,0.458403218242851
"29795","20074.16",29795,58373849,0.114523608287136
"29796","20074.16",29796,58374473,-0.912458342727367
"29797","20074.16",29797,58374959,0.119250529421689
"29798","20074.16",29798,58378408,-0.264541106851973
"29799","20074.16",29799,58379612,-0.431409148445614
"29800","20074.16",29800,58380032,0.42031749197029
"29801","20074.16",29801,58381021,0.198825419685715
"29802","20074.16",29802,58383111,0.660841586420768
"29803","20074.16",29803,58385383,-0.345781236973318
"29804","20074.16",29804,58385811,-0.240559270290884
"29805","20074.16",29805,58389550,-0.508538525592744
"29806","20074.16",29806,58389966,0.0897261592607501
"29807","20074.16",29807,58390623,-0.935134148543434
"29808","20074.16",29808,58390831,-0.0910692489807108
"29809","20074.16",29809,58392441,0.135884621777375
"29810","20074.16",29810,58398095,0.46899768942711
"29811","20074.16",29811,58398160,-0.20432781927259
"29812","20074.16",29812,58398288,-1.41882852130801
"29813","20074.16",29813,58402375,0.114981181686733
"29814","20074.16",29814,58404504,0.684289373871624
"29815","20074.16",29815,58404520,-0.436538096270533
"29816","20074.16",29816,58405771,-0.43489829329067
"29817","20074.16",29817,58406322,-0.630089868636285
"29818","20074.16",29818,58406564,-0.113000119427163
"29819","20074.16",29819,58406706,0.257111621979871
"29820","20074.16",29820,58410742,-0.334102868971282
"29821","20074.16",29821,58411214,0.302023259776555
"29822","20074.16",29822,58412746,0.6396421075121
"29823","20074.16",29823,58413008,-0.415352734233386
"29824","20074.16",29824,58414164,-0.521164150716753
"29825","20074.16",29825,58415400,-0.0361654917650709
"29826","20074.16",29826,58417167,-0.849816966727863
"29827","20074.16",29827,58419169,-0.46168591874895
"29828","20074.16",29828,58421108,-0.811886114666407
"29829","20074.16",29829,58421316,0.422332548642605
"29830","20074.16",29830,58424059,0.162401372621335
"29831","20074.16",29831,58424216,0.768434449024851
"29832","20074.16",29832,58424282,-0.0172713562151783
"29833","20074.16",29833,58424968,-0.426005541921515
"29834","20074.16",29834,58426182,-0.901045280400581
"29835","20074.16",29835,58436347,-0.0853025543782167
"29836","20074.16",29836,58436862,-0.462209549202512
"29837","20074.16",29837,58438683,-0.138676485539293
"29838","20074.16",29838,58440843,-0.297075799967809
"29839","20074.16",29839,58443325,0.231064955642171
"29840","20074.16",29840,58443425,-0.147317768122422
"29841","20074.16",29841,58446415,0.761593059478346
"29842","20074.16",29842,58446532,0.481964274820483
"29843","20074.16",29843,58447338,0.0180113660064949
"29844","20074.16",29844,58447390,-0.0993021722963974
"29845","20074.16",29845,58447579,-0.250572198848779
"29846","20074.16",29846,58450097,-1.06652172693305
"29847","20074.16",29847,58451178,-0.501730788905118
"29848","20074.16",29848,58451780,-0.622021735076294
"29849","20074.16",29849,58454844,-0.0233536131755976
"29850","20074.16",29850,58456159,-0.75680742694894
"29851","20074.16",29851,58456643,-0.240783045518945
"29852","20074.16",29852,58456677,-0.230712986646553
"29853","20074.16",29853,58457507,0.634200361158658
"29854","20074.16",29854,58459023,-0.147398314093534
"29855","20074.16",29855,58459038,0.262034224908759
"29856","20074.16",29856,58459859,0.94678013747936
"29857","20074.16",29857,58459926,-0.299151901753188
"29858","20074.16",29858,58460976,0.640855331544656
"29859","20074.16",29859,58462997,0.317980821168377
"29860","20074.16",29860,58463168,0.910383433483305
"29861","20074.16",29861,58464340,-0.0968062193044856
"29862","20074.16",29862,58464438,0.214376765252086
"29863","20074.16",29863,58465352,0.0482985777718801
"29864","20074.16",29864,58466091,0.12869477702036
"29865","20074.16",29865,58467853,0.478968784430168
"29866","20074.16",29866,58470075,0.160972236812964
"29867","20074.16",29867,58470153,-0.0240048169210381
"29868","20074.16",29868,58470427,0.0667518227021624
"29869","20074.16",29869,58471219,-0.0176798225224415
"29870","20074.16",29870,58472105,-0.736943219051872
"29871","20074.16",29871,58472821,-0.3827910408819
"29872","20074.16",29872,58473195,0.431680711433038
"29873","20074.16",29873,58474208,0.379342278589308
"29874","20074.16",29874,58477000,0.129010931509446
"29875","20074.16",29875,58477375,0.0253334550747457
"29876","20074.16",29876,58478331,0.326405199567223
"29877","20074.16",29877,58478402,0.271956714419658
"29878","20074.16",29878,58482038,-0.203912303243757
"29879","20074.16",29879,58482483,0.810444970978646
"29880","20074.16",29880,58484815,-0.602869918845261
"29881","20074.16",29881,58488181,-0.227873712807036
"29882","20074.16",29882,58488985,0.489985222519983
"29883","20074.16",29883,58489597,-0.211713202578061
"29884","20074.16",29884,58490442,0.560281437112557
"29885","20074.16",29885,58500244,-0.563245638584394
"29886","20074.16",29886,58503721,-0.786522850914424
"29887","20074.16",29887,58504461,-0.0117428935273844
"29888","20074.16",29888,58505375,-0.522782859788226
"29889","20074.16",29889,58508256,-0.199333807410721
"29890","20074.16",29890,58509151,0.760920473433734
"29891","20074.16",29891,58510034,-0.199022729631577
"29892","20074.16",29892,58510319,0.199801493776505
"29893","20074.16",29893,58515914,0.12160187551818
"29894","20074.16",29894,58517531,-1.16907795106387
"29895","20074.16",29895,58519573,-0.183238517985536
"29896","20074.16",29896,58521039,-1.45691314466516
"29897","20074.16",29897,58521090,0.266637478687032
"29898","20074.16",29898,58523882,-0.5795413294595
"29899","20074.16",29899,58524500,-0.70405142172278
"29900","20074.16",29900,58527722,-0.0820256457669908
"29901","20074.16",29901,58527975,-0.361138615736818
"29902","20074.16",29902,58528407,-0.0237237351847908
"29903","20074.16",29903,58529481,-0.0329519988381186
"29904","20074.16",29904,58529615,0.349425982689763
"29905","20074.16",29905,58531841,-0.0484951426093891
"29906","20074.16",29906,58532703,0.147060682544926
"29907","20074.16",29907,58533009,-2.14085328495257
"29908","20074.16",29908,58533528,-0.248719603771327
"29909","20074.16",29909,58536624,1.21159838437456
"29910","20074.16",29910,58536919,-0.0356208222950878
"29911","20074.16",29911,58537512,-0.635701536195207
"29912","20074.16",29912,58540026,0.196280555833556
"29913","20074.16",29913,58540875,0.254943459609712
"29914","20074.16",29914,58545785,-0.392374670525992
"29915","20074.16",29915,58546297,-0.00414231804964782
"29916","20074.16",29916,58546722,-0.0418815560500629
"29917","20074.16",29917,58552793,-0.342812740211924
"29918","20074.16",29918,58553164,0.543441945873433
"29919","20074.16",29919,58555553,0.990364441300973
"29920","20074.16",29920,58555719,-0.323056437153238
"29921","20074.16",29921,58556595,-0.0558706568883718
"29922","20074.16",29922,58556736,0.337012214181043
"29923","20074.16",29923,58557342,-0.273176914423829
"29924","20074.16",29924,58560266,-1.62749250104183
"29925","20074.16",29925,58560322,0.00660078375022977
"29926","20074.16",29926,58563199,-0.333911105418017
"29927","20074.16",29927,58566304,-0.198042399679822
"29928","20074.16",29928,58566361,0.349705017253663
"29929","20074.16",29929,58566510,0.342044300118068
"29930","20074.16",29930,58568117,-0.325754154990874
"29931","20074.16",29931,58570296,-0.214283687839684
"29932","20074.16",29932,58570716,0.746669099319312
"29933","20074.16",29933,58575907,-0.00099049494843939
"29934","20074.16",29934,58575931,0.755212119292657
"29935","20074.16",29935,58576277,-2.30699828129933
"29936","20074.16",29936,58577421,-0.034224457338544
"29937","20074.16",29937,58579274,0.417217564952414
"29938","20074.16",29938,58584105,0.290805883654289
"29939","20074.16",29939,58584183,-0.4552109207141
"29940","20074.16",29940,58584197,-0.238406472989965
"29941","20074.16",29941,58584772,-0.102463704105615
"29942","20074.16",29942,58586517,0.289797741121904
"29943","20074.16",29943,58586784,-0.417209060057468
"29944","20074.16",29944,58590317,-0.534519934768688
"29945","20074.16",29945,58592278,0.289822857219952
"29946","20074.16",29946,58592625,-0.0782759851106531
"29947","20074.16",29947,58593522,-0.0223162795369465
"29948","20074.16",29948,58594236,-1.42121021356527
"29949","20074.16",29949,58595213,-0.00455103141594382
"29950","20074.16",29950,58596039,-0.086300910662537
"29951","20074.16",29951,58600883,0.344028484892507
"29952","20074.16",29952,58601937,-0.41764105452688
"29953","20074.16",29953,58604035,-0.28460667825218
"29954","20074.16",29954,58606316,-1.73210486060579
"29955","20074.16",29955,58606695,-1.38809008088459
"29956","20074.16",29956,58610413,0.212210700207785
"29957","20074.16",29957,58610637,0.0505216881305941
"29958","20074.16",29958,58615354,0.116773901648088
"29959","20074.16",29959,58619656,0.146061531620174
"29960","20074.16",29960,58620512,-1.21617492774873
"29961","20074.16",29961,58625717,-0.578831186253516
"29962","20074.16",29962,58626924,-0.701034795679847
"29963","20074.16",29963,58627681,0.293068767290475
"29964","20074.16",29964,58633000,0.643493939197083
"29965","20074.16",29965,58633050,0.787756099528367
"29966","20074.16",29966,58643658,-0.948653876074182
"29967","20074.16",29967,58646363,-0.501039118988206
"29968","20074.16",29968,58646943,0.845616357076451
"29969","20074.16",29969,58650857,-0.763569962240231
"29970","20074.16",29970,58650936,-0.100053760186716
"29971","20074.16",29971,58651427,-0.339561161068889
"29972","20074.16",29972,58661625,0.676311002125012
"29973","20074.16",29973,58661738,0.192878542268487
"29974","20074.16",29974,58662852,-0.499713299633068
"29975","20074.16",29975,58668566,0.595686751741771
"29976","20074.16",29976,58678091,0.381556544777495
"29977","20074.16",29977,58686816,-0.742295402196434
"29978","20074.16",29978,58687068,-0.32621956024107
"29979","20074.16",29979,58688876,0.604483535081896
"29980","20074.16",29980,58690098,0.0473884430743734
"29981","20074.16",29981,58693264,-0.416332552078354
"29982","20074.16",29982,58693916,-0.0371611973276549
"29983","20074.16",29983,58694972,-0.414319597918172
"29984","20074.16",29984,58698163,-0.192814109155078
"29985","20074.16",29985,58698649,0.197852841030682
"29986","20074.16",29986,58698817,-0.327517841259588
"29987","20074.16",29987,58703388,-0.704305780225276
"29988","20074.16",29988,58703937,0.489120686523669
"29989","20074.16",29989,58703966,0.590604594978013
"29990","20074.16",29990,58704263,0.150356638213437
"29991","20074.16",29991,58713621,0.669808274139357
"29992","20074.16",29992,58714048,-0.0866384185605158
"29993","20074.16",29993,58714222,0.707444026575959
"29994","20074.16",29994,58714473,-0.216023756132647
"29995","20074.16",29995,58719147,0.919222125374294
"29996","20074.16",29996,58719178,0.17174094782158
"29997","20074.16",29997,58719260,-0.198229008015572
"29998","20074.16",29998,58719788,-0.478729273309347
"29999","20074.16",29999,58722158,0.191445585113605
"30000","20074.16",30000,58722646,0.499532108403961
"30001","20074.16",30001,58722704,-0.133134027833274
"30002","20074.16",30002,58725800,-0.201377810275555
"30003","20074.16",30003,58726297,-0.544774387146112
"30004","20074.16",30004,58727680,0.232174975610782
"30005","20074.16",30005,58727915,0.224495809363511
"30006","20074.16",30006,58728423,-0.546794152908299
"30007","20074.16",30007,58728525,-0.126740283804128
"30008","20074.16",30008,58728822,0.378029248967812
"30009","20074.16",30009,58729432,0.254362793068057
"30010","20074.16",30010,58734207,-0.0123968228850924
"30011","20074.16",30011,58738198,0.663838933747953
"30012","20074.16",30012,58739146,1.12491398323958
"30013","20074.16",30013,58740137,-0.483136733664705
"30014","20074.16",30014,58741367,-0.55602534637182
"30015","20074.16",30015,58743454,0.233933432220971
"30016","20074.16",30016,58743703,-0.401381719406006
"30017","20074.16",30017,58746090,-0.60583108924564
"30018","20074.16",30018,58746530,0.68257074281217
"30019","20074.16",30019,58747659,-0.118810911767743
"30020","20074.16",30020,58747784,-1.43979902877868
"30021","20074.16",30021,58750523,0.185871910930799
"30022","20074.16",30022,58750843,0.0765051786124005
"30023","20074.16",30023,58750869,0.117290746792539
"30024","20074.16",30024,58750933,0.129392375849331
"30025","20074.16",30025,58752498,0.630995493910986
"30026","20074.16",30026,58753761,0.350738091558024
"30027","20074.16",30027,58754888,-0.0507072112738491
"30028","20074.16",30028,58755349,-0.162491674410139
"30029","20074.16",30029,58757013,-0.0615763800924976
"30030","20074.16",30030,58757398,-0.289902763707
"30031","20074.16",30031,58758867,0.178879393695168
"30032","20074.16",30032,58759332,-0.841544942738425
"30033","20074.16",30033,58759799,-0.668379658141661
"30034","20074.16",30034,58759939,0.80630922189061
"30035","20074.16",30035,58761450,-0.9944460974713
"30036","20074.16",30036,58761580,-0.00150032838340319
"30037","20074.16",30037,58762311,0.00396508398564244
"30038","20074.16",30038,58763201,-0.682428651171351
"30039","20074.16",30039,58764031,-0.427128577034916
"30040","20074.16",30040,58770795,0.0287706320290209
"30041","20074.16",30041,58771192,-0.867867386015861
"30042","20074.16",30042,58771236,-0.203019750307443
"30043","20074.16",30043,58774097,-0.692045875029603
"30044","20074.16",30044,58776314,0.845431525562003
"30045","20074.16",30045,58776741,0.570703112720246
"30046","20074.16",30046,58777196,0.189602434774438
"30047","20074.16",30047,58777608,-0.750076124339918
"30048","20074.16",30048,58781052,0.689764489968314
"30049","20074.16",30049,58794366,0.226653495187915
"30050","20074.16",30050,58801275,0.137075412822198
"30051","20074.16",30051,58801363,-0.850245329033815
"30052","20074.16",30052,58801906,0.0355101528279462
"30053","20074.16",30053,58802281,0.0378294743754575
"30054","20074.16",30054,58802861,0.48385081657845
"30055","20074.16",30055,58803981,-0.18553431503176
"30056","20074.16",30056,58804234,-0.515436318748494
"30057","20074.16",30057,58804365,-0.321992852555114
"30058","20074.16",30058,58805130,-0.310835039752092
"30059","20074.16",30059,58805181,0.403629750989325
"30060","20074.16",30060,58805563,-1.51331273178998
"30061","20074.16",30061,58806490,-0.395317020539058
"30062","20074.16",30062,58807882,0.131829416792224
"30063","20074.16",30063,58808019,-0.0180184620298434
"30064","20074.16",30064,58809552,0.224975875649636
"30065","20074.16",30065,58811816,-0.657124709001534
"30066","20074.16",30066,58813062,-0.807888034243911
"30067","20074.16",30067,58820922,0.00508561043190703
"30068","20074.16",30068,58826510,-0.671607062146681
"30069","20074.16",30069,58827897,0.118470080975682
"30070","20074.16",30070,58827911,-0.179880469427304
"30071","20074.16",30071,58828793,0.123421006603549
"30072","20074.16",30072,58829790,0.210432584868376
"30073","20074.16",30073,58830204,0.635521678106893
"30074","20074.16",30074,58830433,0.378336683449686
"30075","20074.16",30075,58831656,0.363178328169107
"30076","20074.16",30076,58831729,-0.0703731229784861
"30077","20074.16",30077,58836764,0.575855882733383
"30078","20074.16",30078,58836911,0.291794960734067
"30079","20074.16",30079,58837194,-1.09479606227515
"30080","20074.16",30080,58837859,0.434156015403071
"30081","20074.16",30081,58839780,-0.494917745251203
"30082","20074.16",30082,58840884,0.0563029265447037
"30083","20074.16",30083,58842252,-1.71770808988382
"30084","20074.16",30084,58842930,-0.361241183496883
"30085","20074.16",30085,58842965,-0.723718588509593
"30086","20074.16",30086,58843105,0.583915615240895
"30087","20074.16",30087,58846851,0.0683712957415814
"30088","20074.16",30088,58847217,0.482409453178154
"30089","20074.16",30089,58847447,-0.828413605623261
"30090","20074.16",30090,58847679,-0.0651164006683933
"30091","20074.16",30091,58849325,0.66192321994474
"30092","20074.16",30092,58849390,0.0691501873064331
"30093","20074.16",30093,58849571,0.331219030495331
"30094","20074.16",30094,58851587,0.482945897711097
"30095","20074.16",30095,58855672,0.719759081796265
"30096","20074.16",30096,58855816,0.579760200827773
"30097","20074.16",30097,58856027,0.333247002617573
"30098","20074.16",30098,58861293,0.0631705522355768
"30099","20074.16",30099,58861872,-0.0880923541710343
"30100","20074.16",30100,58863045,-0.615831912642793
"30101","20074.16",30101,58864152,-0.0298920273612202
"30102","20074.16",30102,58864314,0.0447387200811988
"30103","20074.16",30103,58864544,0.84562101271039
"30104","20074.16",30104,58867855,-1.10285587967866
"30105","20074.16",30105,58868151,0.247710907335281
"30106","20074.16",30106,58868269,0.318015025035701
"30107","20074.16",30107,58868919,0.332093325399897
"30108","20074.16",30108,58868949,0.777651561165171
"30109","20074.16",30109,58869629,0.151173903801376
"30110","20074.16",30110,58873893,-0.769321552073891
"30111","20074.16",30111,58874903,1.640160172318
"30112","20074.16",30112,58874905,1.93231221860894
"30113","20074.16",30113,58877502,-0.128788362762595
"30114","20074.16",30114,58881269,0.646830379784823
"30115","20074.16",30115,58881510,-0.885112001908981
"30116","20074.16",30116,58882380,0.524143851062079
"30117","20074.16",30117,58885423,0.358948535299102
"30118","20074.16",30118,58885486,0.64227888255676
"30119","20074.16",30119,58885951,-0.27208989025713
"30120","20074.16",30120,58886452,0.477978482617057
"30121","20074.16",30121,58887786,0.108370114309965
"30122","20074.16",30122,58893375,-0.231925783291439
"30123","20074.16",30123,58893833,-0.175680317831217
"30124","20074.16",30124,58896274,1.58543417136541
"30125","20074.16",30125,58896553,-0.0680043742584688
"30126","20074.16",30126,58896979,0.293501965887056
"30127","20074.16",30127,58897178,0.505295505489967
"30128","20074.16",30128,58902521,0.297424012353775
"30129","20074.16",30129,58905404,0.647764983887392
"30130","20074.16",30130,58905420,-0.476929160107075
"30131","20074.16",30131,58906507,-0.219010710115597
"30132","20074.16",30132,58906818,-0.305625025019311
"30133","20074.16",30133,58914507,-0.338223447505996
"30134","20074.16",30134,58918306,0.777946558271233
"30135","20074.16",30135,58918356,0.285500452599231
"30136","20074.16",30136,58918381,0.445899793966551
"30137","20074.16",30137,58918424,0.597029385706439
"30138","20074.16",30138,58918840,-0.341090412319277
"30139","20074.16",30139,58919113,-0.253362933388301
"30140","20074.16",30140,58919647,0.418280606401788
"30141","20074.16",30141,58920904,-0.0335682886114483
"30142","20074.16",30142,58920938,1.01077213133677
"30143","20074.16",30143,58921488,-0.10970280264871
"30144","20074.16",30144,58922192,0.0850723671799258
"30145","20074.16",30145,58922604,-0.873803456898159
"30146","20074.16",30146,58922891,0.102411601034793
"30147","20074.16",30147,58923067,0.0242240656097241
"30148","20074.16",30148,58923862,0.116571010224243
"30149","20074.16",30149,58927959,-1.03259706191926
"30150","20074.16",30150,58928295,0.199098647134847
"30151","20074.16",30151,58928760,0.66381424630163
"30152","20074.16",30152,58931983,0.814689506991729
"30153","20074.16",30153,58933283,0.0441218161469816
"30154","20074.16",30154,58934133,0.185059924991182
"30155","20074.16",30155,58937209,0.482133490725063
"30156","20074.16",30156,58937460,-0.118448383582326
"30157","20074.16",30157,58940329,-1.07321393691321
"30158","20074.16",30158,58942076,0.0807715411886232
"30159","20074.16",30159,58942173,0.62364614152538
"30160","20074.16",30160,58942661,-0.18518885909716
"30161","20074.16",30161,58942986,-0.313328678831983
"30162","20074.16",30162,58947476,-0.415446785114206
"30163","20074.16",30163,58947778,-0.132308287427188
"30164","20074.16",30164,58947849,0.127200295783743
"30165","20074.16",30165,58948232,-0.113361873020876
"30166","20074.16",30166,58955656,0.84065443851296
"30167","20074.16",30167,58956134,-0.17485984342158
"30168","20074.16",30168,58961580,-0.00909718942794413
"30169","20074.16",30169,58962670,-0.481740068583697
"30170","20074.16",30170,58962763,0.727861371744662
"30171","20074.16",30171,58963008,0.39844575582426
"30172","20074.16",30172,58963579,-0.163664475405369
"30173","20074.16",30173,58963620,-0.129399013076527
"30174","20074.16",30174,58970741,-0.568451065913422
"30175","20074.16",30175,58970887,0.300739260025812
"30176","20074.16",30176,58973180,0.101737109898693
"30177","20074.16",30177,58973237,-0.962978424761767
"30178","20074.16",30178,58973237,-0.0165222470852022
"30179","20074.16",30179,58973519,0.63871410166359
"30180","20074.16",30180,58973840,-0.280059466935173
"30181","20074.16",30181,58973931,-0.116673648070962
"30182","20074.16",30182,58973967,-0.156765472463965
"30183","20074.16",30183,58973967,0.904174262478343
"30184","20074.16",30184,58977686,0.42124665841327
"30185","20074.16",30185,58978721,0.948808031030558
"30186","20074.16",30186,58979505,-0.423832717942645
"30187","20074.16",30187,58985278,0.0636675756255638
"30188","20074.16",30188,58985473,0.232691361377475
"30189","20074.16",30189,58985667,0.104038376375303
"30190","20074.16",30190,58986204,0.525764134855527
"30191","20074.16",30191,58987131,0.0663102339165675
"30192","20074.16",30192,58987708,0.469158109984661
"30193","20074.16",30193,58988057,-0.0393246385051853
"30194","20074.16",30194,58988073,0.596478180843714
"30195","20074.16",30195,58991618,0.185736607989222
"30196","20074.16",30196,58992134,0.49783368723812
"30197","20074.16",30197,58992165,-0.082762175708659
"30198","20074.16",30198,58992192,0.480462567778043
"30199","20074.16",30199,58992492,-0.184260235063326
"30200","20074.16",30200,58993857,0.405516228786735
"30201","20074.16",30201,58995431,0.40631941386972
"30202","20074.16",30202,58995465,0.141811664971093
"30203","20074.16",30203,58995547,-0.297608536795661
"30204","20074.16",30204,58998483,-0.78593042736704
"30205","20074.16",30205,59001106,-1.15377840360145
"30206","20074.16",30206,59001592,0.620896076689461
"30207","20074.16",30207,59002142,0.377833886821233
"30208","20074.16",30208,59002638,-0.822394492137693
"30209","20074.16",30209,59003011,0.93707499464032
"30210","20074.16",30210,59003254,1.22199347972519
"30211","20074.16",30211,59003578,0.349322325747726
"30212","20074.16",30212,59004062,-0.123277251599306
"30213","20074.16",30213,59008117,0.746272198363678
"30214","20074.16",30214,59008995,0.298002778305016
"30215","20074.16",30215,59009028,-0.255320276199334
"30216","20074.16",30216,59009091,0.324809341736924
"30217","20074.16",30217,59009159,0.124401478292599
"30218","20074.16",30218,59010328,-0.0707917259266031
"30219","20074.16",30219,59010501,0.221960841297675
"30220","20074.16",30220,59010778,0.932839531253237
"30221","20074.16",30221,59017939,-0.0233632284072431
"30222","20074.16",30222,59018080,-0.0246631844362435
"30223","20074.16",30223,59020111,0.145209870676781
"30224","20074.16",30224,59021128,-0.0734699610498089
"30225","20074.16",30225,59021396,0.498134929298849
"30226","20074.16",30226,59022389,-0.162264259513333
"30227","20074.16",30227,59022962,-0.0639135025927189
"30228","20074.16",30228,59027585,-0.57425957905818
"30229","20074.16",30229,59028324,-0.97710043761672
"30230","20074.16",30230,59029152,0.280490343501012
"30231","20074.16",30231,59038651,0.179973916624619
"30232","20074.16",30232,59040360,0.489133148142668
"30233","20074.16",30233,59040394,0.0212693876462513
"30234","20074.16",30234,59040689,-0.141658026112366
"30235","20074.16",30235,59041233,0.669238748418215
"30236","20074.16",30236,59042599,-0.310103359981547
"30237","20074.16",30237,59042628,0.0660753781886152
"30238","20074.16",30238,59043214,0.201481007376573
"30239","20074.16",30239,59043871,0.195889432184033
"30240","20074.16",30240,59044099,0.487199505332648
"30241","20074.16",30241,59044591,0.259032785934733
"30242","20074.16",30242,59044837,0.108906598245809
"30243","20074.16",30243,59045772,0.184731545519262
"30244","20074.16",30244,59046913,0.332995165451888
"30245","20074.16",30245,59050164,-0.746037917465378
"30246","20074.16",30246,59053094,-0.0826531410053928
"30247","20074.16",30247,59053739,0.240707192581491
"30248","20074.16",30248,59054409,-0.0939258109617924
"30249","20074.16",30249,59054458,-0.547157742941821
"30250","20074.16",30250,59054620,-0.106072453856796
"30251","20074.16",30251,59058932,-0.8424416821565
"30252","20074.16",30252,59059541,-0.0475039878424459
"30253","20074.16",30253,59061870,0.44651240565046
"30254","20074.16",30254,59062723,0.0241745131891395
"30255","20074.16",30255,59064785,-0.533514655163993
"30256","20074.16",30256,59064896,0.587741282199089
"30257","20074.16",30257,59070836,-0.360275417050008
"30258","20074.16",30258,59071149,-0.0315947381959409
"30259","20074.16",30259,59071212,-1.34736945389911
"30260","20074.16",30260,59072580,-0.34336289195979
"30261","20074.16",30261,59073776,0.632041845678066
"30262","20074.16",30262,59073848,-0.300494312695357
"30263","20074.16",30263,59074543,-0.00982402497229895
"30264","20074.16",30264,59074556,-1.00024812917364
"30265","20074.16",30265,59076427,0.232825566508714
"30266","20074.16",30266,59076476,-0.0193107441561384
"30267","20074.16",30267,59077827,-0.134690970640763
"30268","20074.16",30268,59078209,-0.0940262315063256
"30269","20074.16",30269,59078337,0.270384640815961
"30270","20074.16",30270,59085657,0.201330659234118
"30271","20074.16",30271,59087718,-0.446795291153739
"30272","20074.16",30272,59087987,-0.560361162900548
"30273","20074.16",30273,59088614,-0.429579374999911
"30274","20074.16",30274,59095344,-0.231786666668846
"30275","20074.16",30275,59095706,-0.205548974253394
"30276","20074.16",30276,59096374,-0.00349384828693111
"30277","20074.16",30277,59096432,-0.544116751271777
"30278","20074.16",30278,59098160,0.786851578676527
"30279","20074.16",30279,59098285,0.219237602692652
"30280","20074.16",30280,59098447,0.152738342866041
"30281","20074.16",30281,59098810,-0.033615534627911
"30282","20074.16",30282,59102523,-0.276748895635122
"30283","20074.16",30283,59112564,-0.75854797407887
"30284","20074.16",30284,59113343,-0.014838616313912
"30285","20074.16",30285,59115760,-0.222774411837372
"30286","20074.16",30286,59116413,0.957138379510226
"30287","20074.16",30287,59121588,-0.207560858784056
"30288","20074.16",30288,59122548,0.535659295760536
"30289","20074.16",30289,59122820,0.142684992555403
"30290","20074.16",30290,59123240,0.229628915466246
"30291","20074.16",30291,59128311,-1.43628427443036
"30292","20074.16",30292,59129237,-0.249696441319069
"30293","20074.16",30293,59129344,0.637958822146993
"30294","20074.16",30294,59129692,0.284159699052362
"30295","20074.16",30295,59136611,-0.150291133588912
"30296","20074.16",30296,59137586,-0.40342533478871
"30297","20074.16",30297,59139120,0.341729718292494
"30298","20074.16",30298,59144232,0.0609117825956771
"30299","20074.16",30299,59144541,0.236674453482405
"30300","20074.16",30300,59144804,-0.619309056419194
"30301","20074.16",30301,59149553,-0.874072135896414
"30302","20074.16",30302,59150174,0.214813459419465
"30303","20074.16",30303,59150471,0.317129230700327
"30304","20074.16",30304,59150656,-0.125563887531168
"30305","20074.16",30305,59155052,0.0974584795257165
"30306","20074.16",30306,59156405,0.689360158586504
"30307","20074.16",30307,59156421,-0.426606443330919
"30308","20074.16",30308,59156434,0.601712962109306
"30309","20074.16",30309,59156703,0.0125364637076295
"30310","20074.16",30310,59163552,0.316401043163117
"30311","20074.16",30311,59164352,0.298461311356809
"30312","20074.16",30312,59164912,-0.929425488863617
"30313","20074.16",30313,59168376,0.174210861076276
"30314","20074.16",30314,59169615,0.811485932717939
"30315","20074.16",30315,59171087,-0.351354119352369
"30316","20074.16",30316,59173369,0.555387933066398
"30317","20074.16",30317,59179855,0.714738695270639
"30318","20074.16",30318,59179969,-1.10828260958913
"30319","20074.16",30319,59183088,-0.414151485366875
"30320","20074.16",30320,59184245,-0.222908171669313
"30321","20074.16",30321,59185767,-0.582646961966402
"30322","20074.16",30322,59187470,0.347959787540559
"30323","20074.16",30323,59187562,-0.237637953423187
"30324","20074.16",30324,59187668,0.785629070203359
"30325","20074.16",30325,59190700,-0.612205832257146
"30326","20074.16",30326,59192838,0.055644817691407
"30327","20074.16",30327,59194570,-0.229341022137461
"30328","20074.16",30328,59194707,0.455148578067434
"30329","20074.16",30329,59196330,-0.594614743394774
"30330","20074.16",30330,59196883,-0.541742018150831
"30331","20074.16",30331,59197051,-0.308990995824433
"30332","20074.16",30332,59198714,-0.459760596876456
"30333","20074.16",30333,59198787,-0.00348990646530467
"30334","20074.16",30334,59198827,-0.280890705147238
"30335","20074.16",30335,59199161,0.181163995983279
"30336","20074.16",30336,59199322,-0.635914088523713
"30337","20074.16",30337,59203974,0.242445763884382
"30338","20074.16",30338,59204298,-0.621958430870297
"30339","20074.16",30339,59204485,-0.136057433274204
"30340","20074.16",30340,59204762,0.221296296979355
"30341","20074.16",30341,59205013,-0.235636628492627
"30342","20074.16",30342,59205738,-0.585404689066178
"30343","20074.16",30343,59207753,-0.547066537890593
"30344","20074.16",30344,59207770,0.852077198108446
"30345","20074.16",30345,59207908,0.219470136577232
"30346","20074.16",30346,59208069,0.562208568320233
"30347","20074.16",30347,59208713,0.564515209625266
"30348","20074.16",30348,59210286,-1.6190716324229
"30349","20074.16",30349,59210689,-0.229175095303618
"30350","20074.16",30350,59211225,-0.021858128360086
"30351","20074.16",30351,59211457,0.10935829005635
"30352","20074.16",30352,59213296,-0.0549659909875606
"30353","20074.16",30353,59213753,0.87303464373094
"30354","20074.16",30354,59214866,-0.248383256152896
"30355","20074.16",30355,59215917,-0.816400476521228
"30356","20074.16",30356,59218141,0.126495183468556
"30357","20074.16",30357,59222271,0.178296084364142
"30358","20074.16",30358,59222338,0.203545508986412
"30359","20074.16",30359,59222406,0.255624677371551
"30360","20074.16",30360,59222493,-0.395405655091502
"30361","20074.16",30361,59223087,1.15993834765737
"30362","20074.16",30362,59225420,0.118214272550823
"30363","20074.16",30363,59226272,0.656265935982206
"30364","20074.16",30364,59226806,-0.649602057260653
"30365","20074.16",30365,59226850,0.30378314916675
"30366","20074.16",30366,59229318,0.472458083094504
"30367","20074.16",30367,59233178,0.53498625016769
"30368","20074.16",30368,59233236,-1.11049473074794
"30369","20074.16",30369,59234144,0.067009239623431
"30370","20074.16",30370,59238126,-0.248836070792825
"30371","20074.16",30371,59238307,-0.563883412413852
"30372","20074.16",30372,59240636,-2.03331198833464
"30373","20074.16",30373,59245872,-0.411738678212282
"30374","20074.16",30374,59246565,-0.119720430544858
"30375","20074.16",30375,59247294,-0.177107257389863
"30376","20074.16",30376,59250439,-0.577683527637099
"30377","20074.16",30377,59251289,0.667645348902997
"30378","20074.16",30378,59253397,0.633558523044614
"30379","20074.16",30379,59254468,-0.268459982898961
"30380","20074.16",30380,59254712,-0.138503754290491
"30381","20074.16",30381,59258577,-0.91225845657675
"30382","20074.16",30382,59258982,-0.704909730677201
"30383","20074.16",30383,59259567,-0.609514902647017
"30384","20074.16",30384,59262421,-0.500810547333168
"30385","20074.16",30385,59264926,-0.949752703034575
"30386","20074.16",30386,59265904,-0.726542355881205
"30387","20074.16",30387,59270661,-0.100245226342095
"30388","20074.16",30388,59270830,-0.0484323543691625
"30389","20074.16",30389,59271087,0.68414044762228
"30390","20074.16",30390,59271588,0.531475599024895
"30391","20074.16",30391,59271689,-0.761424610408588
"30392","20074.16",30392,59272053,-0.140185301949714
"30393","20074.16",30393,59274584,0.0194545866234161
"30394","20074.16",30394,59275184,0.557824272163823
"30395","20074.16",30395,59279376,-0.38206504023967
"30396","20074.16",30396,59282423,-0.882682398944373
"30397","20074.16",30397,59285157,-1.20223417661176
"30398","20074.16",30398,59285182,0.0418086651658891
"30399","20074.16",30399,59285767,-1.37924954187404
"30400","20074.16",30400,59285783,0.189545422908324
"30401","20074.16",30401,59288327,0.560560447717172
"30402","20074.16",30402,59288346,-0.412541247094594
"30403","20074.16",30403,59288518,-1.07891017406789
"30404","20074.16",30404,59289093,0.0287966846665517
"30405","20074.16",30405,59289600,-0.540957363417881
"30406","20074.16",30406,59290138,-0.14127143440623
"30407","20074.16",30407,59293982,-2.14188459612817
"30408","20074.16",30408,59294647,-0.804303750130064
"30409","20074.16",30409,59298158,0.21713078056132
"30410","20074.16",30410,59298589,0.283281470926254
"30411","20074.16",30411,59300915,0.131401803796724
"30412","20074.16",30412,59301797,-0.0637200391048669
"30413","20074.16",30413,59302425,0.368582615728408
"30414","20074.16",30414,59302754,0.367678502578669
"30415","20074.16",30415,59305416,0.384367119099786
"30416","20074.16",30416,59306260,-0.084411993034986
"30417","20074.16",30417,59306522,-0.85088821674112
"30418","20074.16",30418,59307083,-0.663873578782015
"30419","20074.16",30419,59310833,-0.105442145277322
"30420","20074.16",30420,59310899,0.0281179745598186
"30421","20074.16",30421,59314733,0.0105323544940426
"30422","20074.16",30422,59314789,0.550489865403578
"30423","20074.16",30423,59315375,-0.753608682892811
"30424","20074.16",30424,59320702,0.368123496122789
"30425","20074.16",30425,59322041,-0.203050821375819
"30426","20074.16",30426,59325326,0.344014712881788
"30427","20074.16",30427,59325676,-0.0947939070376478
"30428","20074.16",30428,59329765,0.0902917736558662
"30429","20074.16",30429,59331286,-0.0710455113795234
"30430","20074.16",30430,59331902,0.45586457672245
"30431","20074.16",30431,59331960,-0.36436970868976
"30432","20074.16",30432,59332175,0.28018321049838
"30433","20074.16",30433,59333074,0.273475002466035
"30434","20074.16",30434,59333597,-0.707381242282957
"30435","20074.16",30435,59333942,-0.080472070805305
"30436","20074.16",30436,59334041,0.421998620908837
"30437","20074.16",30437,59334235,-0.116526071422232
"30438","20074.16",30438,59335284,0.371381717440202
"30439","20074.16",30439,59337337,-0.110590622832619
"30440","20074.16",30440,59337598,0.105003701104137
"30441","20074.16",30441,59337783,0.377550650734395
"30442","20074.16",30442,59337969,0.419742325750463
"30443","20074.16",30443,59338130,-0.0967260723118475
"30444","20074.16",30444,59342384,0.249297641300235
"30445","20074.16",30445,59346340,0.171586959923099
"30446","20074.16",30446,59349464,-0.652195970761652
"30447","20074.16",30447,59349532,-0.267775112544249
"30448","20074.16",30448,59350275,-0.0374900098209183
"30449","20074.16",30449,59350698,-0.121368830269744
"30450","20074.16",30450,59352757,0.107716384705386
"30451","20074.16",30451,59353042,-0.638019068381753
"30452","20074.16",30452,59354418,0.23734940204977
"30453","20074.16",30453,59356847,-0.720443439274985
"30454","20074.16",30454,59357121,-0.325251668280103
"30455","20074.16",30455,59358456,0.545974433251529
"30456","20074.16",30456,59362446,0.126973373680652
"30457","20074.16",30457,59363218,0.786917920777497
"30458","20074.16",30458,59364193,-0.289155105664256
"30459","20074.16",30459,59364836,0.5318222924617
"30460","20074.16",30460,59371610,-0.569713305005022
"30461","20074.16",30461,59372273,-0.58503926557504
"30462","20074.16",30462,59373755,-0.277815575744175
"30463","20074.16",30463,59374207,-0.026255355286243
"30464","20074.16",30464,59377850,-0.0266478198834292
"30465","20074.16",30465,59378177,-0.681149472723959
"30466","20074.16",30466,59381286,-1.79251736368465
"30467","20074.16",30467,59381433,0.470962069938756
"30468","20074.16",30468,59381595,0.323391956161827
"30469","20074.16",30469,59381785,0.649246486160354
"30470","20074.16",30470,59382647,-0.207128240538896
"30471","20074.16",30471,59387499,-0.155535133583287
"30472","20074.16",30472,59388689,-0.291333934883885
"30473","20074.16",30473,59389083,-0.267531936767867
"30474","20074.16",30474,59390195,-0.145167443760621
"30475","20074.16",30475,59390295,0.761526770241635
"30476","20074.16",30476,59391190,-0.33307245283175
"30477","20074.16",30477,59392020,0.0863939225891688
"30478","20074.16",30478,59392147,0.641773465137558
"30479","20074.16",30479,59394794,0.322019714698691
"30480","20074.16",30480,59395166,0.159987733029755
"30481","20074.16",30481,59395561,0.511386285560488
"30482","20074.16",30482,59396090,0.19639791572865
"30483","20074.16",30483,59401563,0.48200147946397
"30484","20074.16",30484,59401701,-0.0485257986857288
"30485","20074.16",30485,59403054,-0.300114041238299
"30486","20074.16",30486,59406512,0.248644829974404
"30487","20074.16",30487,59414617,0.222909922739775
"30488","20074.16",30488,59415321,0.484673190411205
"30489","20074.16",30489,59418024,-0.341297312311616
"30490","20074.16",30490,59418479,0.666693727064081
"30491","20074.16",30491,59418522,-0.264084629114743
"30492","20074.16",30492,59421043,-0.298396378388401
"30493","20074.16",30493,59421321,0.325559491984893
"30494","20074.16",30494,59422094,-0.372772740055595
"30495","20074.16",30495,59423770,0.230190744778217
"30496","20074.16",30496,59427237,0.796437789974312
"30497","20074.16",30497,59429696,-0.323121256706448
"30498","20074.16",30498,59430914,0.538886433680969
"30499","20074.16",30499,59431506,0.132384658957783
"30500","20074.16",30500,59431868,0.0358642229133785
"30501","20074.16",30501,59432119,-0.70360157453981
"30502","20074.16",30502,59435328,0.33499443673396
"30503","20074.16",30503,59435439,-0.241618517077197
"30504","20074.16",30504,59440620,-0.245225556504611
"30505","20074.16",30505,59440905,-1.92015812406224
"30506","20074.16",30506,59444778,0.370320880806827
"30507","20074.16",30507,59445147,0.265590125959204
"30508","20074.16",30508,59445574,0.199061908546033
"30509","20074.16",30509,59445687,0.442786040767678
"30510","20074.16",30510,59448267,-0.0937060091225588
"30511","20074.16",30511,59450596,0.600121186573268
"30512","20074.16",30512,59450890,0.627824147350876
"30513","20074.16",30513,59452139,1.23811143584784
"30514","20074.16",30514,59452245,-0.170244539911836
"30515","20074.16",30515,59453242,0.244134826583209
"30516","20074.16",30516,59453286,0.386744559745082
"30517","20074.16",30517,59453673,0.13753000372539
"30518","20074.16",30518,59456328,-0.79240583061297
"30519","20074.16",30519,59457573,-0.457474738331307
"30520","20074.16",30520,59457717,0.132422097993824
"30521","20074.16",30521,59461067,-0.904739085834976
"30522","20074.16",30522,59464272,0.314913658750013
"30523","20074.16",30523,59464845,0.430246986491944
"30524","20074.16",30524,59465049,-0.427179300035672
"30525","20074.16",30525,59466190,0.24520050425432
"30526","20074.16",30526,59467479,0.654245603822104
"30527","20074.16",30527,59469430,0.0604488372881073
"30528","20074.16",30528,59473014,-0.666025758519538
"30529","20074.16",30529,59473982,-0.658331441546016
"30530","20074.16",30530,59474362,0.202524652649872
"30531","20074.16",30531,59475728,0.00130463786136126
"30532","20074.16",30532,59475761,-0.300119286571012
"30533","20074.16",30533,59476179,0.20011597962428
"30534","20074.16",30534,59478500,-0.0416451684152674
"30535","20074.16",30535,59479434,0.554563856877873
"30536","20074.16",30536,59480562,0.904345940292678
"30537","20074.16",30537,59483104,0.161199823537681
"30538","20074.16",30538,59485985,-0.18220933951646
"30539","20074.16",30539,59489143,-0.205531144864079
"30540","20074.16",30540,59493137,0.259560094021768
"30541","20074.16",30541,59493455,-0.0973551448401979
"30542","20074.16",30542,59493698,0.749295399023214
"30543","20074.16",30543,59494648,0.0146930070549729
"30544","20074.16",30544,59502168,1.06430469001714
"30545","20074.16",30545,59504867,0.4260888705949
"30546","20074.16",30546,59505269,0.414548152518956
"30547","20074.16",30547,59509043,-0.896347826159378
"30548","20074.16",30548,59510164,-0.337282936855654
"30549","20074.16",30549,59512010,-0.628210337389735
"30550","20074.16",30550,59512085,-0.41380940351516
"30551","20074.16",30551,59512912,-0.281289472158831
"30552","20074.16",30552,59513020,0.545144787583122
"30553","20074.16",30553,59513066,0.527873577899133
"30554","20074.16",30554,59514354,0.166592533714577
"30555","20074.16",30555,59517805,0.386292022351532
"30556","20074.16",30556,59518142,-0.484357160620653
"30557","20074.16",30557,59519592,-0.71646233373346
"30558","20074.16",30558,59520159,-0.646502324166478
"30559","20074.16",30559,59520946,-0.013355066488856
"30560","20074.16",30560,59521573,1.06604791371809
"30561","20074.16",30561,59523966,-0.959140190100598
"30562","20074.16",30562,59529568,-1.6314792149701
"30563","20074.16",30563,59529665,0.730601832662427
"30564","20074.16",30564,59529825,-0.48712996596532
"30565","20074.16",30565,59530108,-0.417991389006517
"30566","20074.16",30566,59532111,-0.458763048761392
"30567","20074.16",30567,59532225,0.406488191323739
"30568","20074.16",30568,59532304,0.110764619757508
"30569","20074.16",30569,59532316,0.301537397389693
"30570","20074.16",30570,59534145,0.471261547614348
"30571","20074.16",30571,59537228,-0.612034321689611
"30572","20074.16",30572,59538438,0.338748248851437
"30573","20074.16",30573,59538743,-0.216329248855986
"30574","20074.16",30574,59539109,0.630848730038209
"30575","20074.16",30575,59539183,1.06505631897817
"30576","20074.16",30576,59539265,-1.64671636893897
"30577","20074.16",30577,59541073,1.00362792001068
"30578","20074.16",30578,59542183,0.34512551975969
"30579","20074.16",30579,59542288,0.213075267228688
"30580","20074.16",30580,59542488,0.642890928005374
"30581","20074.16",30581,59542708,-1.10766884813868
"30582","20074.16",30582,59542755,0.259931934995479
"30583","20074.16",30583,59547392,0.39230726387536
"30584","20074.16",30584,59547829,-0.192361635180852
"30585","20074.16",30585,59548008,0.0659626662165458
"30586","20074.16",30586,59548499,0.896595047191137
"30587","20074.16",30587,59548644,0.327282018624447
"30588","20074.16",30588,59557914,-0.668132275647084
"30589","20074.16",30589,59560799,0.289021035623063
"30590","20074.16",30590,59561673,0.793814292036532
"30591","20074.16",30591,59561687,-0.316884365818739
"30592","20074.16",30592,59561787,0.588345615049593
"30593","20074.16",30593,59562717,0.112704874328124
"30594","20074.16",30594,59565270,0.571488300029343
"30595","20074.16",30595,59565565,-0.563990948353228
"30596","20074.16",30596,59566093,-0.0212509301592378
"30597","20074.16",30597,59566146,-1.08580356295523
"30598","20074.16",30598,59566616,-0.36136196224975
"30599","20074.16",30599,59567416,-0.0263013803593086
"30600","20074.16",30600,59567872,-0.422726342768904
"30601","20074.16",30601,59570137,-0.741150296260176
"30602","20074.16",30602,59571673,0.112718873700213
"30603","20074.16",30603,59572101,0.256584309191966
"30604","20074.16",30604,59572227,-0.977302483384688
"30605","20074.16",30605,59572629,0.739532727030377
"30606","20074.16",30606,59572679,0.0630545058062131
"30607","20074.16",30607,59573328,-0.0530607751842629
"30608","20074.16",30608,59577573,-0.159523681700313
"30609","20074.16",30609,59577962,-0.275039331456828
"30610","20074.16",30610,59579972,0.779699131595092
"30611","20074.16",30611,59584360,1.00261838903926
"30612","20074.16",30612,59584628,-0.103668821006528
"30613","20074.16",30613,59585341,0.271243989623049
"30614","20074.16",30614,59585513,0.341009456563541
"30615","20074.16",30615,59586974,-0.42293383338956
"30616","20074.16",30616,59588971,0.272673612567549
"30617","20074.16",30617,59589174,0.0709293440206586
"30618","20074.16",30618,59591652,0.899662685609015
"30619","20074.16",30619,59591788,-0.866997350981182
"30620","20074.16",30620,59591925,-0.088853339622764
"30621","20074.16",30621,59592316,-0.881094069063168
"30622","20074.16",30622,59592351,-0.916582669349171
"30623","20074.16",30623,59592917,-0.84979659212277
"30624","20074.16",30624,59593049,-0.575767509254652
"30625","20074.16",30625,59601865,0.380671735868684
"30626","20074.16",30626,59602180,0.518257408547549
"30627","20074.16",30627,59602592,-0.727737938649286
"30628","20074.16",30628,59603046,0.814237271937674
"30629","20074.16",30629,59603301,-0.12411552894868
"30630","20074.16",30630,59605650,-0.0444030256631445
"30631","20074.16",30631,59605764,-0.377404049102679
"30632","20074.16",30632,59608612,0.121836294319498
"30633","20074.16",30633,59608947,-0.73433491287495
"30634","20074.16",30634,59611360,-0.448858038206833
"30635","20074.16",30635,59611643,-0.115675195924408
"30636","20074.16",30636,59617171,-0.0946566112651865
"30637","20074.16",30637,59617546,-0.87765010688624
"30638","20074.16",30638,59617744,0.706142037193199
"30639","20074.16",30639,59618443,0.285602468939937
"30640","20074.16",30640,59620793,-1.03899146875444
"30641","20074.16",30641,59622088,0.449896274648208
"30642","20074.16",30642,59622809,0.219151803165833
"30643","20074.16",30643,59623066,0.188120766853135
"30644","20074.16",30644,59626694,-0.038131636173679
"30645","20074.16",30645,59631518,-0.737909717394453
"30646","20074.16",30646,59631542,0.414477914660536
"30647","20074.16",30647,59631826,0.265034085063363
"30648","20074.16",30648,59633035,0.37637872052075
"30649","20074.16",30649,59633193,-0.248974238968358
"30650","20074.16",30650,59636438,0.264455644793979
"30651","20074.16",30651,59636658,-0.79882520010281
"30652","20074.16",30652,59638393,0.0680926511552533
"30653","20074.16",30653,59638681,0.413900338572026
"30654","20074.16",30654,59638779,0.36105138483935
"30655","20074.16",30655,59639621,-0.71074417534513
"30656","20074.16",30656,59641070,0.11247475301976
"30657","20074.16",30657,59641623,0.216508268805014
"30658","20074.16",30658,59643452,1.0304928019715
"30659","20074.16",30659,59643479,-0.0261665109699383
"30660","20074.16",30660,59643554,-0.372399474781153
"30661","20074.16",30661,59646923,-1.33372506688824
"30662","20074.16",30662,59648785,0.561997514286598
"30663","20074.16",30663,59649317,0.274477532964558
"30664","20074.16",30664,59651629,-0.144347100829648
"30665","20074.16",30665,59651804,0.288935166835155
"30666","20074.16",30666,59654201,-0.0407756004735127
"30667","20074.16",30667,59654429,0.213358323214757
"30668","20074.16",30668,59654852,-0.585413966290298
"30669","20074.16",30669,59655857,-0.802985834157453
"30670","20074.16",30670,59658418,0.0517188306534493
"30671","20074.16",30671,59658763,0.583235781222835
"30672","20074.16",30672,59659365,0.224026672119436
"30673","20074.16",30673,59668463,-0.433599964486402
"30674","20074.16",30674,59668949,-0.88962630164484
"30675","20074.16",30675,59672792,0.355554578570207
"30676","20074.16",30676,59673775,-0.140569803127804
"30677","20074.16",30677,59674503,-0.716371783751511
"30678","20074.16",30678,59675250,-0.340018101270601
"30679","20074.16",30679,59681839,0.0564763342076873
"30680","20074.16",30680,59682310,-0.0291030326482247
"30681","20074.16",30681,59682639,0.269315180169298
"30682","20074.16",30682,59685147,0.19232490293865
"30683","20074.16",30683,59685933,-0.597613544293701
"30684","20074.16",30684,59686042,-0.425568155350244
"30685","20074.16",30685,59686109,0.417674180282048
"30686","20074.16",30686,59687297,0.310995360912693
"30687","20074.16",30687,59689117,-0.313459169981813
"30688","20074.16",30688,59689244,0.88734500157
"30689","20074.16",30689,59689428,-0.368262924967748
"30690","20074.16",30690,59689709,-0.495604421733664
"30691","20074.16",30691,59691140,-0.640267223003711
"30692","20074.16",30692,59692677,0.241913273255947
"30693","20074.16",30693,59692843,0.180418691363213
"30694","20074.16",30694,59695293,0.37660536468337
"30695","20074.16",30695,59696502,0.337550243045972
"30696","20074.16",30696,59696841,-0.444513005742509
"30697","20074.16",30697,59697019,0.287284798352611
"30698","20074.16",30698,59697753,0.176833404944475
"30699","20074.16",30699,59698269,0.292943428227841
"30700","20074.16",30700,59702208,-0.714064042841866
"30701","20074.16",30701,59702239,0.10779339968752
"30702","20074.16",30702,59702793,0.286631036093655
"30703","20074.16",30703,59708549,-0.079964476448338
"30704","20074.16",30704,59709370,0.455633628745216
"30705","20074.16",30705,59717131,0.715870185946572
"30706","20074.16",30706,59717174,0.139159011800047
"30707","20074.16",30707,59718071,-0.151741010555211
"30708","20074.16",30708,59718195,1.02874275983088
"30709","20074.16",30709,59718483,-0.554359847415713
"30710","20074.16",30710,59718757,0.222453576422075
"30711","20074.16",30711,59723577,0.0184096634453574
"30712","20074.16",30712,59724336,0.361173500355126
"30713","20074.16",30713,59724898,0.0320695566639042
"30714","20074.16",30714,59725279,0.454925185548963
"30715","20074.16",30715,59726653,0.349204415333308
"30716","20074.16",30716,59727524,0.0466538215064638
"30717","20074.16",30717,59730595,0.370496581076769
"30718","20074.16",30718,59730737,0.107510918510244
"30719","20074.16",30719,59732842,-0.476926064597287
"30720","20074.16",30720,59733387,-0.472290951871695
"30721","20074.16",30721,59733761,-0.588340583813899
"30722","20074.16",30722,59733833,0.578491443635934
"30723","20074.16",30723,59736039,-0.802343289995927
"30724","20074.16",30724,59737104,-0.743857131798253
"30725","20074.16",30725,59737414,0.00373511094361945
"30726","20074.16",30726,59742272,0.520051540450843
"30727","20074.16",30727,59745602,0.721022587655004
"30728","20074.16",30728,59745634,-0.0254828886054215
"30729","20074.16",30729,59745719,-0.935341706639505
"30730","20074.16",30730,59745776,0.989570084624616
"30731","20074.16",30731,59748615,-0.284928070502094
"30732","20074.16",30732,59748842,-0.556875642034099
"30733","20074.16",30733,59750222,0.806529998271798
"30734","20074.16",30734,59753363,-0.761934995512582
"30735","20074.16",30735,59753616,0.21350797760015
"30736","20074.16",30736,59754071,-0.220721813878762
"30737","20074.16",30737,59755921,0.0991154826571075
"30738","20074.16",30738,59764072,1.09452000305059
"30739","20074.16",30739,59765682,0.312533124540344
"30740","20074.16",30740,59766962,0.535081294952522
"30741","20074.16",30741,59767268,-0.537174945509346
"30742","20074.16",30742,59770534,1.0141664742765
"30743","20074.16",30743,59770750,-0.0710650853728749
"30744","20074.16",30744,59772223,0.298423485821984
"30745","20074.16",30745,59774528,1.02024266046428
"30746","20074.16",30746,59776211,-0.274702444432475
"30747","20074.16",30747,59776341,-0.0394493467865633
"30748","20074.16",30748,59776886,0.759297693006121
"30749","20074.16",30749,59780785,-0.414265258679584
"30750","20074.16",30750,59781012,-0.158691781958474
"30751","20074.16",30751,59781282,0.0723503779268473
"30752","20074.16",30752,59782391,-0.0479893185991447
"30753","20074.16",30753,59785559,0.769365527537087
"30754","20074.16",30754,59785926,0.124754345565224
"30755","20074.16",30755,59786020,0.213040970787568
"30756","20074.16",30756,59786083,0.827364836567555
"30757","20074.16",30757,59786346,-0.35841284812729
"30758","20074.16",30758,59786557,0.458243925037803
"30759","20074.16",30759,59789390,-0.318849157860486
"30760","20074.16",30760,59790025,0.754312084029581
"30761","20074.16",30761,59790141,0.422547279526207
"30762","20074.16",30762,59790623,0.218381987278272
"30763","20074.16",30763,59790943,0.3422165183621
"30764","20074.16",30764,59791536,0.26452909058593
"30765","20074.16",30765,59791592,0.304694061915524
"30766","20074.16",30766,59793549,-0.51438489999205
"30767","20074.16",30767,59794883,-0.891269060202466
"30768","20074.16",30768,59798928,-0.113953171922661
"30769","20074.16",30769,59800296,0.265154030047344
"30770","20074.16",30770,59801105,-0.141043533374474
"30771","20074.16",30771,59801892,-0.304899173119626
"30772","20074.16",30772,59804057,0.376420302657469
"30773","20074.16",30773,59804904,-0.527841713523756
"30774","20074.16",30774,59804936,-0.212462627981549
"30775","20074.16",30775,59805047,0.372030376767895
"30776","20074.16",30776,59805767,-0.159143639223114
"30777","20074.16",30777,59806749,0.0553949208427342
"30778","20074.16",30778,59807266,0.75785949084894
"30779","20074.16",30779,59807636,0.021976944532585
"30780","20074.16",30780,59813392,-0.98952972112045
"30781","20074.16",30781,59816066,-0.639696777343878
"30782","20074.16",30782,59816191,-0.205714225867183
"30783","20074.16",30783,59816809,0.692420456355427
"30784","20074.16",30784,59817465,-0.0584805191715416
"30785","20074.16",30785,59821461,-0.600639659153665
"30786","20074.16",30786,59828499,-0.103638416086877
"30787","20074.16",30787,59828670,0.13856012609748
"30788","20074.16",30788,59828881,-0.0267187272009082
"30789","20074.16",30789,59828990,-0.726564076180088
"30790","20074.16",30790,59829870,-0.762363184635984
"30791","20074.16",30791,59831855,-0.150348943423403
"30792","20074.16",30792,59831915,-0.265269244037471
"30793","20074.16",30793,59834960,1.19647301963784
"30794","20074.16",30794,59835087,-0.550055912374827
"30795","20074.16",30795,59835382,0.130000899648897
"30796","20074.16",30796,59835426,0.99763329637226
"30797","20074.16",30797,59835606,-0.111785907791297
"30798","20074.16",30798,59842393,-0.117614025029301
"30799","20074.16",30799,59844040,-0.60956831258907
"30800","20074.16",30800,59845008,-0.430955530092256
"30801","20074.16",30801,59849105,-1.57904054211891
"30802","20074.16",30802,59851255,-0.406175895054036
"30803","20074.16",30803,59851319,0.0524276207786727
"30804","20074.16",30804,59853576,-0.575854611153183
"30805","20074.16",30805,59854720,-0.345504823898704
"30806","20074.16",30806,59854768,0.699530496922876
"30807","20074.16",30807,59858784,-0.368423867091692
"30808","20074.16",30808,59859125,0.58200964963692
"30809","20074.16",30809,59859266,-0.140085982586895
"30810","20074.16",30810,59859512,-0.812075758352264
"30811","20074.16",30811,59860373,-0.695280866304865
"30812","20074.16",30812,59860801,0.211143795617544
"30813","20074.16",30813,59863323,-0.67480945047113
"30814","20074.16",30814,59863819,0.424033543187853
"30815","20074.16",30815,59863893,0.63520481985791
"30816","20074.16",30816,59863994,0.169366389109253
"30817","20074.16",30817,59864519,-0.379992706851322
"30818","20074.16",30818,59864587,0.262557950038059
"30819","20074.16",30819,59868674,0.540572997580818
"30820","20074.16",30820,59875114,0.0111469337165904
"30821","20074.16",30821,59875181,-0.162453902276858
"30822","20074.16",30822,59876931,-0.319233038328054
"30823","20074.16",30823,59878703,0.700613928560517
"30824","20074.16",30824,59878909,0.227399762216111
"30825","20074.16",30825,59879721,-0.295661642482512
"30826","20074.16",30826,59879979,-0.580265097035139
"30827","20074.16",30827,59881518,0.696825779028347
"30828","20074.16",30828,59881659,0.686296463767602
"30829","20074.16",30829,59882680,0.941346344917274
"30830","20074.16",30830,59882938,0.0153065490479962
"30831","20074.16",30831,59883333,1.46808824707651
"30832","20074.16",30832,59883531,-0.105150546652814
"30833","20074.16",30833,59883531,0.772176494863575
"30834","20074.16",30834,59883891,0.556749356695387
"30835","20074.16",30835,59884024,0.501294534440686
"30836","20074.16",30836,59884249,0.0262960662880678
"30837","20074.16",30837,59884627,-0.369826789186344
"30838","20074.16",30838,59885737,0.693997291405302
"30839","20074.16",30839,59886183,-0.0619713283569565
"30840","20074.16",30840,59890330,0.0598732824554267
"30841","20074.16",30841,59890460,0.663419362181924
"30842","20074.16",30842,59892738,0.691567100398244
"30843","20074.16",30843,59895234,0.172604343910765
"30844","20074.16",30844,59895391,0.0320647188192567
"30845","20074.16",30845,59898153,-0.139876275289383
"30846","20074.16",30846,59900399,0.148020505127707
"30847","20074.16",30847,59903249,-0.0061781488649224
"30848","20074.16",30848,59903547,-0.590629098160881
"30849","20074.16",30849,59911263,-1.01857902682659
"30850","20074.16",30850,59911613,-0.661486318213563
"30851","20074.16",30851,59912736,0.538475250130529
"30852","20074.16",30852,59912805,0.516446066633077
"30853","20074.16",30853,59913252,0.240661714304483
"30854","20074.16",30854,59915965,-0.221261829242381
"30855","20074.16",30855,59916076,-0.796942130286659
"30856","20074.16",30856,59918532,0.547137054842987
"30857","20074.16",30857,59921262,0.761734873783099
"30858","20074.16",30858,59921605,0.252537144940798
"30859","20074.16",30859,59921789,-0.488722657892363
"30860","20074.16",30860,59922120,0.142054766701398
"30861","20074.16",30861,59929526,-0.303776785858578
"30862","20074.16",30862,59929620,0.836876231601091
"30863","20074.16",30863,59929748,-1.26133685577691
"30864","20074.16",30864,59935397,0.0268280901357496
"30865","20074.16",30865,59939854,0.451375013771707
"30866","20074.16",30866,59940039,-1.20330343286985
"30867","20074.16",30867,59940188,0.601915237838244
"30868","20074.16",30868,59940542,-0.61611317528783
"30869","20074.16",30869,59940584,-1.30429929412684
"30870","20074.16",30870,59944412,0.284635189840896
"30871","20074.16",30871,59944756,-0.96514056089489
"30872","20074.16",30872,59949579,-0.329007412625393
"30873","20074.16",30873,59950307,-0.388205761762237
"30874","20074.16",30874,59950422,-0.446472553545887
"30875","20074.16",30875,59950507,0.330344338750135
"30876","20074.16",30876,59951370,0.0386123833381866
"30877","20074.16",30877,59955115,0.300079530851273
"30878","20074.16",30878,59956140,0.534909127476227
"30879","20074.16",30879,59957753,-0.101687946037017
"30880","20074.16",30880,59959553,-0.542141735395663
"30881","20074.16",30881,59961457,0.618708137220987
"30882","20074.16",30882,59961550,0.257998941698255
"30883","20074.16",30883,59962168,-0.597972101719885
"30884","20074.16",30884,59964069,-1.32335611567191
"30885","20074.16",30885,59967125,0.365884137541616
"30886","20074.16",30886,59968200,-0.512964044697997
"30887","20074.16",30887,59969431,0.058025941767414
"30888","20074.16",30888,59972981,0.672436062680316
"30889","20074.16",30889,59973323,-0.824051529926914
"30890","20074.16",30890,59973461,0.341356951334052
"30891","20074.16",30891,59982969,0.680910443948448
"30892","20074.16",30892,59983591,0.426149180412557
"30893","20074.16",30893,59984946,-0.114355096918091
"30894","20074.16",30894,59985065,-0.150622803999113
"30895","20074.16",30895,59992695,0.568342708144603
"30896","20074.16",30896,59998397,0.484677345285895
"30897","20074.16",30897,59999202,-0.901182059149813
"30898","20074.16",30898,60002443,0.602031700905539
"30899","20074.16",30899,60002466,0.34772103777047
"30900","20074.16",30900,60002480,0.780660469888876
"30901","20074.16",30901,60003170,-0.713376548298204
"30902","20074.16",30902,60005041,-0.135857861804357
"30903","20074.16",30903,60005093,0.759215444680556
"30904","20074.16",30904,60007534,-0.828297471641272
"30905","20074.16",30905,60007681,0.381082607159931
"30906","20074.16",30906,60008423,0.689030200584409
"30907","20074.16",30907,60008514,-0.0848560358635124
"30908","20074.16",30908,60010037,-0.169507064548844
"30909","20074.16",30909,60020848,0.467537684343493
"30910","20074.16",30910,60021089,-0.599965334158342
"30911","20074.16",30911,60021309,0.14132839797009
"30912","20074.16",30912,60022166,1.11247288424038
"30913","20074.16",30913,60023198,0.527620513292848
"30914","20074.16",30914,60028973,0.0444335625428351
"30915","20074.16",30915,60031015,-0.174567927717501
"30916","20074.16",30916,60031823,0.875354062116586
"30917","20074.16",30917,60031901,0.457700517322837
"30918","20074.16",30918,60033443,0.646038623342444
"30919","20074.16",30919,60033637,-0.388393178247322
"30920","20074.16",30920,60033770,0.0079530126030436
"30921","20074.16",30921,60036086,0.0478523037788996
"30922","20074.16",30922,60036311,0.608407332334767
"30923","20074.16",30923,60038224,0.454106574264951
"30924","20074.16",30924,60038847,-0.0972014510766481
"30925","20074.16",30925,60040303,-0.264656204609955
"30926","20074.16",30926,60042410,-0.411147479479102
"30927","20074.16",30927,60042577,-1.32862685902793
"30928","20074.16",30928,60042683,0.69912667923739
"30929","20074.16",30929,60043302,-1.0483554644638
"30930","20074.16",30930,60044232,1.03948431942775
"30931","20074.16",30931,60048221,-0.443148604511678
"30932","20074.16",30932,60049436,0.124882517019838
"30933","20074.16",30933,60052350,0.303296659565661
"30934","20074.16",30934,60055615,-0.822989282100528
"30935","20074.16",30935,60056527,0.157139905725446
"30936","20074.16",30936,60057895,0.0231134023117079
"30937","20074.16",30937,60061370,0.0514747232607178
"30938","20074.16",30938,60063095,0.411728588279327
"30939","20074.16",30939,60063874,0.0325896331637852
"30940","20074.16",30940,60065079,0.427159296075682
"30941","20074.16",30941,60067063,0.379404481188629
"30942","20074.16",30942,60067108,0.171266069625853
"30943","20074.16",30943,60067355,-0.231820367294135
"30944","20074.16",30944,60073500,0.464080916159385
"30945","20074.16",30945,60074932,-0.330001813091086
"30946","20074.16",30946,60075165,0.69980948629344
"30947","20074.16",30947,60076233,0.611832768430328
"30948","20074.16",30948,60076497,0.161702496861293
"30949","20074.16",30949,60082606,0.627139343426712
"30950","20074.16",30950,60084014,-0.0998208127286677
"30951","20074.16",30951,60084579,1.24019648157982
"30952","20074.16",30952,60091179,0.300773932300518
"30953","20074.16",30953,60092088,0.498300808523847
"30954","20074.16",30954,60096987,0.0324460511197087
"30955","20074.16",30955,60105718,0.125961204425262
"30956","20074.16",30956,60107346,-0.316441388062205
"30957","20074.16",30957,60108892,-0.332656069775723
"30958","20074.16",30958,60109201,-0.149771094602297
"30959","20074.16",30959,60116864,0.406902833476804
"30960","20074.16",30960,60123518,0.68431377636195
"30961","20074.16",30961,60123646,0.00526626133591002
"30962","20074.16",30962,60125951,-0.187231772915966
"30963","20074.16",30963,60126524,0.0908006896911235
"30964","20074.16",30964,60133196,0.194301433290393
"30965","20074.16",30965,60134502,-0.0743020303142048
"30966","20074.16",30966,60135698,0.479331732353955
"30967","20074.16",30967,60136254,0.0370769327435942
"30968","20074.16",30968,60136930,0.111111480530588
"30969","20074.16",30969,60137345,0.350194388866842
"30970","20074.16",30970,60144550,-0.133587460847023
"30971","20074.16",30971,60146143,0.0920706211857114
"30972","20074.16",30972,60146460,-1.08121062495011
"30973","20074.16",30973,60148324,-0.538062809753615
"30974","20074.16",30974,60148857,-0.346023266715194
"30975","20074.16",30975,60154973,0.894874344249533
"30976","20074.16",30976,60157214,-0.46879341978152
"30977","20074.16",30977,60157835,-0.178234876852269
"30978","20074.16",30978,60157850,-0.287748681265587
"30979","20074.16",30979,60158430,0.078965439237713
"30980","20074.16",30980,60159522,0.565494063398696
"30981","20074.16",30981,60160596,0.282251640344719
"30982","20074.16",30982,60161684,0.317444590202821
"30983","20074.16",30983,60167931,-0.111817993887463
"30984","20074.16",30984,60168946,0.511809525282264
"30985","20074.16",30985,60171709,-0.34262423108756
"30986","20074.16",30986,60175694,0.118532733442205
"30987","20074.16",30987,60179975,-0.210326679541185
"30988","20074.16",30988,60181026,-0.161271432032515
"30989","20074.16",30989,60181496,0.323263655026278
"30990","20074.16",30990,60183689,-0.570722189617721
"30991","20074.16",30991,60188277,0.451089617199053
"30992","20074.16",30992,60191042,-0.335691340167538
"30993","20074.16",30993,60191582,-0.0844847010737979
"30994","20074.16",30994,60192676,-0.480168042948007
"30995","20074.16",30995,60192704,0.728427845996332
"30996","20074.16",30996,60192845,-0.209332368152298
"30997","20074.16",30997,60194826,-0.704604859408222
"30998","20074.16",30998,60195615,0.178476081213701
"30999","20074.16",30999,60196010,-1.69028973715372
"31000","20074.16",31000,60196044,-0.826429061363246
"31001","20074.16",31001,60197947,-0.303369530201062
"31002","20074.16",31002,60203604,0.266139313919425
"31003","20074.16",31003,60204427,-0.345250678167738
"31004","20074.16",31004,60205207,0.284033784646225
"31005","20074.16",31005,60205892,0.180720015974789
"31006","20074.16",31006,60209243,0.0246664278160811
"31007","20074.16",31007,60209303,0.856296975422743
"31008","20074.16",31008,60210244,-0.263746631748127
"31009","20074.16",31009,60217364,-0.240133475272986
"31010","20074.16",31010,60218019,0.436964327022863
"31011","20074.16",31011,60218315,0.270324266168283
"31012","20074.16",31012,60219194,0.375327838776498
"31013","20074.16",31013,60220006,0.328317475951747
"31014","20074.16",31014,60221141,0.80248256362428
"31015","20074.16",31015,60221508,0.166349034608095
"31016","20074.16",31016,60221595,0.705662224414676
"31017","20074.16",31017,60221613,0.674022505779756
"31018","20074.16",31018,60222975,0.827381972652824
"31019","20074.16",31019,60223669,-0.0160457859546073
"31020","20074.16",31020,60224910,0.733765078476778
"31021","20074.16",31021,60225185,0.05563476162967
"31022","20074.16",31022,60227118,-0.247339241009458
"31023","20074.16",31023,60233011,0.0958955952820721
"31024","20074.16",31024,60233448,0.777103077416554
"31025","20074.16",31025,60233784,-0.544043625570282
"31026","20074.16",31026,60235146,0.316108231439817
"31027","20074.16",31027,60235458,0.354207792020692
"31028","20074.16",31028,60235477,-1.18713441603022
"31029","20074.16",31029,60239442,-0.84038757524726
"31030","20074.16",31030,60240296,-0.751300194800145
"31031","20074.16",31031,60240636,-0.202203826547516
"31032","20074.16",31032,60241349,0.24692541750747
"31033","20074.16",31033,60242683,0.475297109630751
"31034","20074.16",31034,60243824,-0.617125917310097
"31035","20074.16",31035,60243915,-0.295516871117013
"31036","20074.16",31036,60245496,-0.341242475140012
"31037","20074.16",31037,60254788,0.649437834010707
"31038","20074.16",31038,60254943,-0.0771152250882183
"31039","20074.16",31039,60255092,0.413051018527594
"31040","20074.16",31040,60255171,-0.153259331586443
"31041","20074.16",31041,60257673,0.094519189319132
"31042","20074.16",31042,60258837,-0.470451120733424
"31043","20074.16",31043,60259256,-0.0766232985589053
"31044","20074.16",31044,60259269,-0.259190387228815
"31045","20074.16",31045,60260762,0.0810336432279906
"31046","20074.16",31046,60261975,-0.104710013102189
"31047","20074.16",31047,60267478,0.542619948425556
"31048","20074.16",31048,60271139,0.402538279726277
"31049","20074.16",31049,60271832,-0.355635262798951
"31050","20074.16",31050,60271988,-0.729594528106778
"31051","20074.16",31051,60274750,0.394003916584817
"31052","20074.16",31052,60286938,-1.42017120211285
"31053","20074.16",31053,60288070,1.37639306560861
"31054","20074.16",31054,60290095,0.151977885328892
"31055","20074.16",31055,60290946,-0.139418215356138
"31056","20074.16",31056,60292517,-0.22971260478192
"31057","20074.16",31057,60294136,0.324486111121598
"31058","20074.16",31058,60294328,0.0783460064292951
"31059","20074.16",31059,60294621,0.041851741798939
"31060","20074.16",31060,60298008,-1.272661375112
"31061","20074.16",31061,60298568,0.796015977787518
"31062","20074.16",31062,60299679,0.580533747941806
"31063","20074.16",31063,60300501,0.452284063487192
"31064","20074.16",31064,60301394,0.58106059235548
"31065","20074.16",31065,60303533,-0.907638416248473
"31066","20074.16",31066,60307450,0.195514448581441
"31067","20074.16",31067,60307499,0.0470803050138677
"31068","20074.16",31068,60309583,-0.922485893494305
"31069","20074.16",31069,60309776,0.635588162846612
"31070","20074.16",31070,60311115,-0.558397714783474
"31071","20074.16",31071,60311741,0.335447800346528
"31072","20074.16",31072,60316040,-0.0774196131238245
"31073","20074.16",31073,60317047,1.02828799739565
"31074","20074.16",31074,60325962,-0.612105032767484
"31075","20074.16",31075,60328351,-0.397282328038314
"31076","20074.16",31076,60328802,0.420252510248516
"31077","20074.16",31077,60328831,0.207841864616106
"31078","20074.16",31078,60328895,0.9155540136398
"31079","20074.16",31079,60331212,-0.309149712925318
"31080","20074.16",31080,60333600,-0.948295289540616
"31081","20074.16",31081,60334242,-0.944616328656227
"31082","20074.16",31082,60337675,-0.873939935989497
"31083","20074.16",31083,60338863,-0.0423075064508058
"31084","20074.16",31084,60344946,-0.047378360623993
"31085","20074.16",31085,60345256,-0.0633737096161271
"31086","20074.16",31086,60346478,-0.0622137065245543
"31087","20074.16",31087,60347849,-1.35393846228506
"31088","20074.16",31088,60348693,-1.13031905160022
"31089","20074.16",31089,60349093,0.0996929713050205
"31090","20074.16",31090,60349280,-0.0940728570833906
"31091","20074.16",31091,60353087,0.436201484150657
"31092","20074.16",31092,60359529,-0.463483955958444
"31093","20074.16",31093,60359911,0.64265983818911
"31094","20074.16",31094,60360162,0.17907442088098
"31095","20074.16",31095,60362232,0.524629873344284
"31096","20074.16",31096,60362336,0.68201381673613
"31097","20074.16",31097,60363203,-0.408941561081889
"31098","20074.16",31098,60364972,-0.512373887978508
"31099","20074.16",31099,60365477,-0.586693590766783
"31100","20074.16",31100,60365853,-0.427667615962664
"31101","20074.16",31101,60367131,0.108651816710596
"31102","20074.16",31102,60367360,-0.29414943455238
"31103","20074.16",31103,60375093,0.90951836566225
"31104","20074.16",31104,60376163,0.725521680944335
"31105","20074.16",31105,60376473,0.127856369307352
"31106","20074.16",31106,60376713,0.373637051690189
"31107","20074.16",31107,60377415,0.430665301568912
"31108","20074.16",31108,60377491,-0.571726042743983
"31109","20074.16",31109,60378309,0.12931212928412
"31110","20074.16",31110,60379543,0.644950594223153
"31111","20074.16",31111,60380470,1.14958951612698
"31112","20074.16",31112,60380876,0.00449615488698907
"31113","20074.16",31113,60381498,0.106339311411785
"31114","20074.16",31114,60382098,-0.382061849503766
"31115","20074.16",31115,60383579,-1.36094013365396
"31116","20074.16",31116,60385709,-0.168892714720743
"31117","20074.16",31117,60385913,0.235649403044129
"31118","20074.16",31118,60387605,-0.0826187309894593
"31119","20074.16",31119,60387707,-0.838885323292653
"31120","20074.16",31120,60388360,0.668444018133692
"31121","20074.16",31121,60389402,0.398757351645044
"31122","20074.16",31122,60389781,1.12412468852729
"31123","20074.16",31123,60389893,-0.027954338704788
"31124","20074.16",31124,60390023,0.438414818051542
"31125","20074.16",31125,60390444,0.552893105714664
"31126","20074.16",31126,60396226,0.00702900511320426
"31127","20074.16",31127,60401092,-0.575544815009474
"31128","20074.16",31128,60401820,-0.22476216262984
"31129","20074.16",31129,60402342,0.678315107781986
"31130","20074.16",31130,60402385,-0.466923501781676
"31131","20074.16",31131,60403259,0.388491954510314
"31132","20074.16",31132,60404524,-0.0543076150535908
"31133","20074.16",31133,60404918,0.190260979344874
"31134","20074.16",31134,60405059,-0.086312128060432
"31135","20074.16",31135,60405074,0.0527274732123653
"31136","20074.16",31136,60405936,-0.257929335651378
"31137","20074.16",31137,60406528,0.0689299461995114
"31138","20074.16",31138,60408622,-0.90960249091301
"31139","20074.16",31139,60410691,-0.588305442800969
"31140","20074.16",31140,60412331,0.174207381660633
"31141","20074.16",31141,60412584,0.4962593643521
"31142","20074.16",31142,60413683,0.119925130534495
"31143","20074.16",31143,60415075,-0.0936949898199524
"31144","20074.16",31144,60417708,0.520448750938107
"31145","20074.16",31145,60418200,-0.1940727017219
"31146","20074.16",31146,60419220,-0.712468719978705
"31147","20074.16",31147,60422159,-0.539413403403764
"31148","20074.16",31148,60422294,-0.45354998001783
"31149","20074.16",31149,60422772,0.615244918587906
"31150","20074.16",31150,60423238,0.689166890777886
"31151","20074.16",31151,60423899,-0.169834393167284
"31152","20074.16",31152,60424703,-0.867646222294169
"31153","20074.16",31153,60431019,0.519132672271014
"31154","20074.16",31154,60431419,0.617426140167965
"31155","20074.16",31155,60434136,0.377249825758573
"31156","20074.16",31156,60437322,-0.512736082295475
"31157","20074.16",31157,60437331,0.0971022002942528
"31158","20074.16",31158,60438119,-0.579465185896913
"31159","20074.16",31159,60439976,-0.694461047166606
"31160","20074.16",31160,60442728,0.680565427966909
"31161","20074.16",31161,60442778,-0.0376699074535329
"31162","20074.16",31162,60446167,-0.0262446602392465
"31163","20074.16",31163,60446264,-0.157517497876816
"31164","20074.16",31164,60447170,0.586468128742934
"31165","20074.16",31165,60449486,0.925161067358284
"31166","20074.16",31166,60449790,0.855678358551349
"31167","20074.16",31167,60449829,-0.579303390548927
"31168","20074.16",31168,60450549,0.0477709381270088
"31169","20074.16",31169,60454629,0.27519706905816
"31170","20074.16",31170,60454898,-1.20904106689532
"31171","20074.16",31171,60455069,-0.33690881004934
"31172","20074.16",31172,60455550,-0.98509912864742
"31173","20074.16",31173,60456797,-0.574212950134144
"31174","20074.16",31174,60456833,-0.683887463204834
"31175","20074.16",31175,60458787,-0.76294107310916
"31176","20074.16",31176,60460365,0.05508224979455
"31177","20074.16",31177,60460699,0.360725224039663
"31178","20074.16",31178,60460760,0.100604236927672
"31179","20074.16",31179,60462336,-0.157453124913438
"31180","20074.16",31180,60462358,-0.225890048865805
"31181","20074.16",31181,60462515,-0.27338319206596
"31182","20074.16",31182,60462900,-0.44020474045994
"31183","20074.16",31183,60466359,-1.41883628442976
"31184","20074.16",31184,60467647,0.00818549037560068
"31185","20074.16",31185,60467952,0.938859176336082
"31186","20074.16",31186,60469598,-0.941973668457591
"31187","20074.16",31187,60471081,-0.10643845336193
"31188","20074.16",31188,60474249,-0.616223472706315
"31189","20074.16",31189,60474724,-1.34727631939828
"31190","20074.16",31190,60477141,-0.79453427213684
"31191","20074.16",31191,60478055,-0.219210097713015
"31192","20074.16",31192,60481672,0.423455255084744
"31193","20074.16",31193,60482123,0.0758125044377618
"31194","20074.16",31194,60486690,-0.0641184299352675
"31195","20074.16",31195,60488275,1.03143139834242
"31196","20074.16",31196,60493421,0.815175399560292
"31197","20074.16",31197,60495886,0.175174874256318
"31198","20074.16",31198,60502316,-0.217786817506218
"31199","20074.16",31199,60503030,0.276654016598211
"31200","20074.16",31200,60509148,0.232599839861304
"31201","20074.16",31201,60509905,-0.168257876976214
"31202","20074.16",31202,60510631,0.936019094579629
"31203","20074.16",31203,60510715,0.671876885780923
"31204","20074.16",31204,60511482,0.574663828662454
"31205","20074.16",31205,60511792,-0.133803125895004
"31206","20074.16",31206,60516260,-0.899590759137578
"31207","20074.16",31207,60516810,0.941900370361965
"31208","20074.16",31208,60516834,-0.30907381171841
"31209","20074.16",31209,60516894,0.652748910962774
"31210","20074.16",31210,60517550,0.180836757529965
"31211","20074.16",31211,60519302,0.141188488609922
"31212","20074.16",31212,60519622,-0.54532358240258
"31213","20074.16",31213,60519710,-0.42323687049965
"31214","20074.16",31214,60520224,-0.89196690206042
"31215","20074.16",31215,60520590,-0.0971411282592136
"31216","20074.16",31216,60523497,0.67359995864659
"31217","20074.16",31217,60525889,-0.662904022095649
"31218","20074.16",31218,60526573,-0.0967628055527747
"31219","20074.16",31219,60528524,-0.127861004313186
"31220","20074.16",31220,60529386,0.519002102346575
"31221","20074.16",31221,60533440,0.209931120430872
"31222","20074.16",31222,60534938,0.0755988327587218
"31223","20074.16",31223,60535291,-0.264574650166645
"31224","20074.16",31224,60535537,0.632837886982315
"31225","20074.16",31225,60535899,0.233719277896803
"31226","20074.16",31226,60536926,0.309627481320985
"31227","20074.16",31227,60538518,0.109418262936915
"31228","20074.16",31228,60538538,0.250096365818329
"31229","20074.16",31229,60541966,-0.183160724934856
"31230","20074.16",31230,60548818,-0.0707255057155063
"31231","20074.16",31231,60553311,-0.721920938639431
"31232","20074.16",31232,60555539,-0.417293240588402
"31233","20074.16",31233,60555709,-0.336174540915841
"31234","20074.16",31234,60562873,-0.560004999893747
"31235","20074.16",31235,60565103,0.215253991026639
"31236","20074.16",31236,60566032,-0.577672648083382
"31237","20074.16",31237,60566072,0.359366400895687
"31238","20074.16",31238,60566963,0.140246501178387
"31239","20074.16",31239,60567079,0.129626438438736
"31240","20074.16",31240,60571220,-0.373513857929858
"31241","20074.16",31241,60574394,0.308224349566307
"31242","20074.16",31242,60575074,0.77765960466331
"31243","20074.16",31243,60577200,-0.159197507342057
"31244","20074.16",31244,60577793,-0.809751643367955
"31245","20074.16",31245,60578941,-0.0954892181347171
"31246","20074.16",31246,60579360,-0.219472588762006
"31247","20074.16",31247,60582514,-0.7098077345818
"31248","20074.16",31248,60583238,0.654435464998424
"31249","20074.16",31249,60583281,-1.16656662148471
"31250","20074.16",31250,60583538,-1.6486933640921
"31251","20074.16",31251,60586421,0.29927206205046
"31252","20074.16",31252,60586904,-0.392539098175432
"31253","20074.16",31253,60587204,0.410912440674907
"31254","20074.16",31254,60587336,0.631085109244213
"31255","20074.16",31255,60587373,-0.94357994818805
"31256","20074.16",31256,60588252,0.424331598043412
"31257","20074.16",31257,60588368,0.732097487092772
"31258","20074.16",31258,60599014,-0.825524724801835
"31259","20074.16",31259,60600728,0.423369116296148
"31260","20074.16",31260,60600985,-0.0788325699948969
"31261","20074.16",31261,60601131,0.0833681064954854
"31262","20074.16",31262,60606897,0.0590956609999944
"31263","20074.16",31263,60607569,-0.331751714530226
"31264","20074.16",31264,60609478,0.225416384401922
"31265","20074.16",31265,60609551,-0.186671739884087
"31266","20074.16",31266,60609717,-0.282157683785811
"31267","20074.16",31267,60611114,-0.427623612582254
"31268","20074.16",31268,60613534,0.207010041349782
"31269","20074.16",31269,60614015,0.500085498425306
"31270","20074.16",31270,60617330,-0.574172085271396
"31271","20074.16",31271,60618048,0.939570353486705
"31272","20074.16",31272,60620350,0.187055137654716
"31273","20074.16",31273,60620910,0.0971941392277262
"31274","20074.16",31274,60621450,0.0706951729189553
"31275","20074.16",31275,60621557,-0.0469853290626085
"31276","20074.16",31276,60624165,-0.0137988614301605
"31277","20074.16",31277,60626295,-0.871115630511174
"31278","20074.16",31278,60627052,-0.187872643916737
"31279","20074.16",31279,60627807,0.203081213382535
"31280","20074.16",31280,60628483,0.360200030152252
"31281","20074.16",31281,60628598,0.231501537538837
"31282","20074.16",31282,60630914,-0.3980294455275
"31283","20074.16",31283,60631390,0.0415590134627077
"31284","20074.16",31284,60631486,0.723598123882565
"31285","20074.16",31285,60631838,0.555726460467612
"31286","20074.16",31286,60632557,0.927678055839759
"31287","20074.16",31287,60634974,0.232972572683915
"31288","20074.16",31288,60635496,-1.56975106012997
"31289","20074.16",31289,60637343,-0.577205547569898
"31290","20074.16",31290,60639910,-0.516829766522591
"31291","20074.16",31291,60640236,-0.31596938354966
"31292","20074.16",31292,60644340,0.327661114444385
"31293","20074.16",31293,60644546,-0.500605835451042
"31294","20074.16",31294,60648153,-0.8577625661334
"31295","20074.16",31295,60650143,0.199307226754925
"31296","20074.16",31296,60650326,-0.111714815927425
"31297","20074.16",31297,60651911,-0.459359362882194
"31298","20074.16",31298,60652908,-0.340679862122219
"31299","20074.16",31299,60653220,0.0322751640999188
"31300","20074.16",31300,60654465,0.439666907978808
"31301","20074.16",31301,60654511,-0.0902199857964447
"31302","20074.16",31302,60654829,-0.648830103070151
"31303","20074.16",31303,60655306,0.528997023785275
"31304","20074.16",31304,60655420,-0.359778841386098
"31305","20074.16",31305,60655648,1.21877643406265
"31306","20074.16",31306,60659168,-0.969726710983133
"31307","20074.16",31307,60661591,-1.02055542959078
"31308","20074.16",31308,60665133,-0.617484574019118
"31309","20074.16",31309,60665241,-0.995446467367068
"31310","20074.16",31310,60665658,0.495507392705504
"31311","20074.16",31311,60669277,0.513618726768152
"31312","20074.16",31312,60669733,0.0278391362823021
"31313","20074.16",31313,60673421,-0.0950660195876303
"31314","20074.16",31314,60675619,-0.582827882151731
"31315","20074.16",31315,60683676,-0.068581288401945
"31316","20074.16",31316,60686960,-0.369437138250813
"31317","20074.16",31317,60686987,0.667285559895894
"31318","20074.16",31318,60688336,0.791071900840046
"31319","20074.16",31319,60688652,0.170768901809603
"31320","20074.16",31320,60688798,0.456272259720556
"31321","20074.16",31321,60693737,0.613160896545341
"31322","20074.16",31322,60693928,-1.04470305256407
"31323","20074.16",31323,60694364,-0.203708614220752
"31324","20074.16",31324,60696651,0.322512274749013
"31325","20074.16",31325,60696869,-0.24553442687101
"31326","20074.16",31326,60698094,-1.43819065842693
"31327","20074.16",31327,60698742,-0.715065228540039
"31328","20074.16",31328,60702637,-0.101873626816176
"31329","20074.16",31329,60704640,0.507407087292088
"31330","20074.16",31330,60708544,-0.342001693724534
"31331","20074.16",31331,60709106,0.311008093618732
"31332","20074.16",31332,60710191,-0.582293550898068
"31333","20074.16",31333,60710624,0.91803931612362
"31334","20074.16",31334,60711209,-0.623826794890734
"31335","20074.16",31335,60718802,-0.108123740526687
"31336","20074.16",31336,60719142,-0.68938697289078
"31337","20074.16",31337,60719401,-0.520852439136581
"31338","20074.16",31338,60723579,0.403912111479836
"31339","20074.16",31339,60724277,-0.291819831601474
"31340","20074.16",31340,60724625,-0.302262663222073
"31341","20074.16",31341,60729056,-0.502272079997012
"31342","20074.16",31342,60729385,0.16605322055911
"31343","20074.16",31343,60729657,-0.126008863414668
"31344","20074.16",31344,60729900,-0.65594510026282
"31345","20074.16",31345,60730542,-0.171293091624762
"31346","20074.16",31346,60730790,-0.0944709985758232
"31347","20074.16",31347,60731353,-0.0559865182868435
"31348","20074.16",31348,60733603,0.916632228763391
"31349","20074.16",31349,60733770,-1.05922815802526
"31350","20074.16",31350,60734255,-0.552566305052098
"31351","20074.16",31351,60734623,0.293800675697821
"31352","20074.16",31352,60735616,-0.0227720635904518
"31353","20074.16",31353,60739006,-0.650294675223432
"31354","20074.16",31354,60739638,0.802467253729719
"31355","20074.16",31355,60743355,-0.962616119044243
"31356","20074.16",31356,60745436,-0.400220953836
"31357","20074.16",31357,60745850,-0.797552679830047
"31358","20074.16",31358,60746327,-0.703294513845458
"31359","20074.16",31359,60746614,0.39017011538247
"31360","20074.16",31360,60747815,0.126512189039574
"31361","20074.16",31361,60747891,0.168160193176271
"31362","20074.16",31362,60749331,0.229200002853261
"31363","20074.16",31363,60753993,-0.206841507546368
"31364","20074.16",31364,60754657,0.520387042921596
"31365","20074.16",31365,60756711,0.180290741732342
"31366","20074.16",31366,60756867,-0.0611491341820551
"31367","20074.16",31367,60757113,-0.00241304308791168
"31368","20074.16",31368,60757368,-0.613693648408748
"31369","20074.16",31369,60758652,-0.00357817271441796
"31370","20074.16",31370,60759293,0.0476127059211411
"31371","20074.16",31371,60759830,-0.311315002063635
"31372","20074.16",31372,60762200,-0.924191967550718
"31373","20074.16",31373,60762946,-0.466928882040858
"31374","20074.16",31374,60763174,-0.52242449595827
"31375","20074.16",31375,60764216,-0.270451662043002
"31376","20074.16",31376,60764519,0.113323253682977
"31377","20074.16",31377,60764629,0.575052064592563
"31378","20074.16",31378,60764767,0.644209114261042
"31379","20074.16",31379,60765654,-0.633595067874743
"31380","20074.16",31380,60766909,-0.352725139620132
"31381","20074.16",31381,60768367,0.281197703418461
"31382","20074.16",31382,60769043,-0.140322950728021
"31383","20074.16",31383,60769915,-0.740403913615327
"31384","20074.16",31384,60770026,0.36879875020795
"31385","20074.16",31385,60770713,-0.208497552296299
"31386","20074.16",31386,60774193,-0.354372094403644
"31387","20074.16",31387,60775200,0.38686027200565
"31388","20074.16",31388,60783270,-0.542110530412292
"31389","20074.16",31389,60785531,-0.186438914049134
"31390","20074.16",31390,60790537,-0.223518614639434
"31391","20074.16",31391,60790630,-0.339143925993317
"31392","20074.16",31392,60791436,0.465911761626425
"31393","20074.16",31393,60796387,-0.285311639915129
"31394","20074.16",31394,60796901,-0.293641215100169
"31395","20074.16",31395,60797005,-0.0238064598122616
"31396","20074.16",31396,60798587,-0.611413963703255
"31397","20074.16",31397,60800955,0.165465129276344
"31398","20074.16",31398,60801136,-1.31426045483758
"31399","20074.16",31399,60801851,-0.237201762994167
"31400","20074.16",31400,60802606,0.480019401389522
"31401","20074.16",31401,60805638,-0.977997305940645
"31402","20074.16",31402,60806362,-0.238830719919419
"31403","20074.16",31403,60806672,-0.244476423855787
"31404","20074.16",31404,60806823,-0.222829845033543
"31405","20074.16",31405,60806987,0.223981350334413
"31406","20074.16",31406,60807826,-0.221892855606192
"31407","20074.16",31407,60808200,0.501675712030109
"31408","20074.16",31408,60810440,-0.590508563994
"31409","20074.16",31409,60811615,0.0605985816138164
"31410","20074.16",31410,60812501,0.093762654219856
"31411","20074.16",31411,60813575,0.345581900012097
"31412","20074.16",31412,60816781,0.340272148089832
"31413","20074.16",31413,60819362,-0.560364752090268
"31414","20074.16",31414,60823091,-0.319286799230771
"31415","20074.16",31415,60824121,0.201464636688057
"31416","20074.16",31416,60824686,-0.0478343382701381
"31417","20074.16",31417,60824740,-0.744315844785273
"31418","20074.16",31418,60825242,0.0612582586314243
"31419","20074.16",31419,60826027,0.722080070474056
"31420","20074.16",31420,60826568,-0.167828394923798
"31421","20074.16",31421,60826646,0.162319412167897
"31422","20074.16",31422,60828483,-1.40697337544343
"31423","20074.16",31423,60830622,0.260071948720872
"31424","20074.16",31424,60830834,0.577334696640773
"31425","20074.16",31425,60833065,-0.211512930120325
"31426","20074.16",31426,60837386,0.304727401056712
"31427","20074.16",31427,60837850,-1.19284549053535
"31428","20074.16",31428,60838373,-0.461991240517843
"31429","20074.16",31429,60843145,0.400909101290009
"31430","20074.16",31430,60843316,-0.639830432437273
"31431","20074.16",31431,60844230,0.234797964067657
"31432","20074.16",31432,60844443,0.144705892460872
"31433","20074.16",31433,60844708,-0.150679243090093
"31434","20074.16",31434,60844878,-0.413399395385444
"31435","20074.16",31435,60845184,0.567026485218327
"31436","20074.16",31436,60845309,-0.0143267897917365
"31437","20074.16",31437,60849433,-0.895448067406156
"31438","20074.16",31438,60849779,-0.175578275153013
"31439","20074.16",31439,60849843,0.296670950462521
"31440","20074.16",31440,60849956,0.143191174044281
"31441","20074.16",31441,60851813,0.928675998715097
"31442","20074.16",31442,60851851,0.31502328117472
"31443","20074.16",31443,60851910,-0.727123050525762
"31444","20074.16",31444,60851910,0.975949781213234
"31445","20074.16",31445,60856424,-0.448154520993062
"31446","20074.16",31446,60857655,1.05621835278381
"31447","20074.16",31447,60857870,-0.561201684025224
"31448","20074.16",31448,60865670,0.648252110296052
"31449","20074.16",31449,60869051,0.371816853201739
"31450","20074.16",31450,60869692,0.0157645148077803
"31451","20074.16",31451,60869918,-0.250512683144775
"31452","20074.16",31452,60870463,0.779494439745483
"31453","20074.16",31453,60870593,1.15294125937452
"31454","20074.16",31454,60871287,0.22146669997155
"31455","20074.16",31455,60872362,-0.544245359541393
"31456","20074.16",31456,60876551,0.098036228822103
"31457","20074.16",31457,60876739,-0.570870889806077
"31458","20074.16",31458,60878307,0.522068897837346
"31459","20074.16",31459,60879351,-0.67046576723957
"31460","20074.16",31460,60880652,0.295911731306124
"31461","20074.16",31461,60881708,-0.040842802181734
"31462","20074.16",31462,60881835,-0.234378466830266
"31463","20074.16",31463,60901414,-0.05297748567917
"31464","20074.16",31464,60915141,0.0318177509053443
"31465","20074.16",31465,60922505,0.51719979753021
"31466","20074.16",31466,60922527,-0.248937600362715
"31467","20074.16",31467,60922583,0.258201297539828
"31468","20074.16",31468,60922979,-0.449255949778445
"31469","20074.16",31469,60923087,0.715971164201412
"31470","20074.16",31470,60927325,0.0791388274668385
"31471","20074.16",31471,60927417,-0.0121552876708888
"31472","20074.16",31472,60930921,0.752188426861648
"31473","20074.16",31473,60931095,-0.640179833428665
"31474","20074.16",31474,60931351,0.218737687804968
"31475","20074.16",31475,60931404,0.510454598904448
"31476","20074.16",31476,60931673,0.551282911078295
"31477","20074.16",31477,60934768,-0.278485021907944
"31478","20074.16",31478,60934882,-0.555920747984676
"31479","20074.16",31479,60935963,-0.413010978992514
"31480","20074.16",31480,60936072,0.160689916599914
"31481","20074.16",31481,60936677,-0.120861733751212
"31482","20074.16",31482,60938363,-0.0307483039345211
"31483","20074.16",31483,60942477,0.116245880179338
"31484","20074.16",31484,60942560,-0.209075156277586
"31485","20074.16",31485,60942789,-0.553865767613299
"31486","20074.16",31486,60948390,-0.742836498111415
"31487","20074.16",31487,60950463,-0.898556674545953
"31488","20074.16",31488,60950591,0.0821278935299459
"31489","20074.16",31489,60951797,-0.828771281345049
"31490","20074.16",31490,60957192,-0.370628689652944
"31491","20074.16",31491,60957664,0.839708504619904
"31492","20074.16",31492,60958702,0.139509310336462
"31493","20074.16",31493,60960739,0.438464419509621
"31494","20074.16",31494,60961448,-0.222121129218428
"31495","20074.16",31495,60961666,-0.321952908387393
"31496","20074.16",31496,60962653,-0.42848753299495
"31497","20074.16",31497,60962814,0.13646220289414
"31498","20074.16",31498,60962904,-0.432985499044906
"31499","20074.16",31499,60966349,-0.512645325368023
"31500","20074.16",31500,60966730,-0.245331958668331
"31501","20074.16",31501,60967784,0.340378296665674
"31502","20074.16",31502,60967955,-0.381977705339175
"31503","20074.16",31503,60968453,-0.0116915290099602
"31504","20074.16",31504,60968472,0.206992858379104
"31505","20074.16",31505,60970183,-1.15811112974923
"31506","20074.16",31506,60975840,0.176668498593394
"31507","20074.16",31507,60976041,-1.34721275638592
"31508","20074.16",31508,60979541,-0.117243336998308
"31509","20074.16",31509,60979609,-0.0695479768002114
"31510","20074.16",31510,60979811,0.085636856755749
"31511","20074.16",31511,60980009,-0.244870146224985
"31512","20074.16",31512,60980826,0.201704864486451
"31513","20074.16",31513,60980867,-0.852146601678581
"31514","20074.16",31514,60983852,0.928086747031801
"31515","20074.16",31515,60985495,0.435752230902373
"31516","20074.16",31516,60985579,0.269081263561833
"31517","20074.16",31517,60986009,0.856240393921436
"31518","20074.16",31518,60988216,-0.87894254249614
"31519","20074.16",31519,60989455,-0.723345175707705
"31520","20074.16",31520,60989759,0.30270306446847
"31521","20074.16",31521,60994733,-0.0564689367714406
"31522","20074.16",31522,60995898,-0.129526582597167
"31523","20074.16",31523,60996700,0.919623647807543
"31524","20074.16",31524,60999237,-0.0864073646484833
"31525","20074.16",31525,61003577,0.373736132643905
"31526","20074.16",31526,61003664,0.537246597225312
"31527","20074.16",31527,61005704,0.166067432915988
"31528","20074.16",31528,61008459,-0.188892095150409
"31529","20074.16",31529,61009807,0.108908283042161
"31530","20074.16",31530,61012211,-0.10251706372772
"31531","20074.16",31531,61012275,-0.73900096185503
"31532","20074.16",31532,61013010,-0.404774452675237
"31533","20074.16",31533,61013719,-1.06309566636542
"31534","20074.16",31534,61013719,-0.326702525887906
"31535","20074.16",31535,61014539,0.566593230334507
"31536","20074.16",31536,61015384,-0.483058659310472
"31537","20074.16",31537,61015677,1.24229866338763
"31538","20074.16",31538,61016317,-0.472936977963974
"31539","20074.16",31539,61016679,0.646962274540601
"31540","20074.16",31540,61020486,-0.0631115398954822
"31541","20074.16",31541,61020548,-0.144495437123935
"31542","20074.16",31542,61022169,0.268854242657185
"31543","20074.16",31543,61022239,-0.72787699925841
"31544","20074.16",31544,61024961,0.98516034737654
"31545","20074.16",31545,61026586,-0.0786419725725676
"31546","20074.16",31546,61027184,-0.0695658736908236
"31547","20074.16",31547,61028434,-0.921150349404583
"31548","20074.16",31548,61028673,-0.0094304777025016
"31549","20074.16",31549,61028853,-0.0778548381346846
"31550","20074.16",31550,61028997,0.140307766980721
"31551","20074.16",31551,61029027,-0.385379324830239
"31552","20074.16",31552,61029137,-0.0152737491980881
"31553","20074.16",31553,61029592,0.346145936105963
"31554","20074.16",31554,61029995,0.177437662155967
"31555","20074.16",31555,61033569,-0.048005489895913
"31556","20074.16",31556,61033683,-0.673378379538282
"31557","20074.16",31557,61034026,0.128403381974759
"31558","20074.16",31558,61034731,-0.629219390327968
"31559","20074.16",31559,61034994,0.221742739098198
"31560","20074.16",31560,61036171,-0.62532914226173
"31561","20074.16",31561,61036436,-0.194274333540448
"31562","20074.16",31562,61044147,-0.414077129452339
"31563","20074.16",31563,61045128,0.45546181779402
"31564","20074.16",31564,61054836,0.0561958079747988
"31565","20074.16",31565,61056596,0.0847398909852197
"31566","20074.16",31566,61056820,0.872679995800193
"31567","20074.16",31567,61057079,0.108439991873698
"31568","20074.16",31568,61057987,0.844746949999196
"31569","20074.16",31569,61058321,0.285166251330245
"31570","20074.16",31570,61060660,-1.5607540560897
"31571","20074.16",31571,61061694,0.638903057826741
"31572","20074.16",31572,61063128,-0.244245824711308
"31573","20074.16",31573,61063644,-0.601138633222584
"31574","20074.16",31574,61065607,-0.366590056869719
"31575","20074.16",31575,61068109,-0.768943616016688
"31576","20074.16",31576,61069341,-0.44630328474633
"31577","20074.16",31577,61070430,0.323367823703241
"31578","20074.16",31578,61070457,-0.99259891703768
"31579","20074.16",31579,61070859,0.913358959002925
"31580","20074.16",31580,61073658,-1.77349703157451
"31581","20074.16",31581,61076643,-0.79387635624396
"31582","20074.16",31582,61077035,0.311009251129424
"31583","20074.16",31583,61078277,0.466512560587355
"31584","20074.16",31584,61078387,0.53336219220517
"31585","20074.16",31585,61078505,-0.00878494558985388
"31586","20074.16",31586,61082371,0.577806497264784
"31587","20074.16",31587,61082594,-0.0238117942990099
"31588","20074.16",31588,61084295,-0.437545649367893
"31589","20074.16",31589,61092758,0.575321724995763
"31590","20074.16",31590,61092946,0.229072916252298
"31591","20074.16",31591,61093271,-1.27578963140998
"31592","20074.16",31592,61094615,0.374998261582498
"31593","20074.16",31593,61094738,-0.142138129190472
"31594","20074.16",31594,61094802,-0.259048864106727
"31595","20074.16",31595,61099237,-1.31462714217922
"31596","20074.16",31596,61101080,-0.105834682947732
"31597","20074.16",31597,61101396,-0.312618577467612
"31598","20074.16",31598,61101476,-0.616962027659931
"31599","20074.16",31599,61101760,-0.337441541873702
"31600","20074.16",31600,61105838,-0.380192578156347
"31601","20074.16",31601,61107540,0.629478561585816
"31602","20074.16",31602,61107664,0.321782489084849
"31603","20074.16",31603,61107957,-0.0974403312886762
"31604","20074.16",31604,61108029,0.212587070477845
"31605","20074.16",31605,61108170,0.837930468374256
"31606","20074.16",31606,61109024,0.309066941292687
"31607","20074.16",31607,61109065,-0.511836861516747
"31608","20074.16",31608,61109217,-0.521633626764082
"31609","20074.16",31609,61112828,-1.64635169635817
"31610","20074.16",31610,61112953,0.496195027603711
"31611","20074.16",31611,61115464,0.315857644247347
"31612","20074.16",31612,61116730,0.0118676358209235
"31613","20074.16",31613,61117063,-0.0403882668859925
"31614","20074.16",31614,61117433,0.384034750096771
"31615","20074.16",31615,61117690,0.95630924975164
"31616","20074.16",31616,61119370,0.101893407184314
"31617","20074.16",31617,61119486,-0.825077393781706
"31618","20074.16",31618,61119511,-0.431221183671763
"31619","20074.16",31619,61119731,-0.166007608557599
"31620","20074.16",31620,61130360,-0.712604193020125
"31621","20074.16",31621,61130372,0.872026824177
"31622","20074.16",31622,61131077,-0.157820276309877
"31623","20074.16",31623,61131193,0.471824940932863
"31624","20074.16",31624,61134238,0.909346232207462
"31625","20074.16",31625,61134361,-0.499172195722183
"31626","20074.16",31626,61134617,-0.105421981581799
"31627","20074.16",31627,61137465,0.451117627517623
"31628","20074.16",31628,61139382,-0.811090426450757
"31629","20074.16",31629,61140453,0.000874597531469234
"31630","20074.16",31630,61140529,0.336582064377922
"31631","20074.16",31631,61141765,0.280255671549951
"31632","20074.16",31632,61142101,-1.15905596559565
"31633","20074.16",31633,61142467,0.320703464110719
"31634","20074.16",31634,61145795,-0.805574098200807
"31635","20074.16",31635,61147606,0.618134032995044
"31636","20074.16",31636,61147649,-0.0331035862599007
"31637","20074.16",31637,61148353,0.660611057542753
"31638","20074.16",31638,61148650,-0.0134638979076032
"31639","20074.16",31639,61154083,0.315991568345333
"31640","20074.16",31640,61154669,0.40407759018981
"31641","20074.16",31641,61157041,0.174059441490467
"31642","20074.16",31642,61160965,0.453186317260449
"31643","20074.16",31643,61167240,-1.29115367763645
"31644","20074.16",31644,61167913,-0.0489898331022669
"31645","20074.16",31645,61169391,0.42370462711703
"31646","20074.16",31646,61169955,0.565921757760527
"31647","20074.16",31647,61172307,0.84746645479333
"31648","20074.16",31648,61173770,0.0393973478996648
"31649","20074.16",31649,61174283,-0.443397161913937
"31650","20074.16",31650,61176748,0.200572430379939
"31651","20074.16",31651,61178279,-0.286531863311922
"31652","20074.16",31652,61178562,0.438506390170978
"31653","20074.16",31653,61178796,-0.421068030920532
"31654","20074.16",31654,61179377,0.812976889889138
"31655","20074.16",31655,61182342,-0.346611961451364
"31656","20074.16",31656,61182510,0.366459926609305
"31657","20074.16",31657,61182887,0.232856214309868
"31658","20074.16",31658,61183569,-0.477772665139476
"31659","20074.16",31659,61184213,-0.388139919363485
"31660","20074.16",31660,61184240,-0.710874199709236
"31661","20074.16",31661,61187002,-0.412827214708405
"31662","20074.16",31662,61187355,-0.559531807376424
"31663","20074.16",31663,61194380,-0.456863095386668
"31664","20074.16",31664,61194766,-1.00470055937523
"31665","20074.16",31665,61197329,-0.117393180211743
"31666","20074.16",31666,61200943,-0.177354744347149
"31667","20074.16",31667,61207060,-0.914200637962238
"31668","20074.16",31668,61208038,0.581761021219827
"31669","20074.16",31669,61208784,0.224730295477695
"31670","20074.16",31670,61209020,-0.345053991760245
"31671","20074.16",31671,61210718,0.391724123442718
"31672","20074.16",31672,61211245,0.25726853689238
"31673","20074.16",31673,61211855,0.606886181402785
"31674","20074.16",31674,61215729,0.0558294435509792
"31675","20074.16",31675,61218064,-0.388354017449365
"31676","20074.16",31676,61218222,0.204333788067565
"31677","20074.16",31677,61219173,0.293785303106062
"31678","20074.16",31678,61221613,-1.03646926557504
"31679","20074.16",31679,61225371,-0.716506125807127
"31680","20074.16",31680,61230477,0.4386003771328
"31681","20074.16",31681,61230884,-0.245897171203695
"31682","20074.16",31682,61231081,-0.189236253412959
"31683","20074.16",31683,61236228,-0.249360860806023
"31684","20074.16",31684,61236962,0.350419406182108
"31685","20074.16",31685,61237080,-0.0046049472230143
"31686","20074.16",31686,61237934,-0.0490292485156409
"31687","20074.16",31687,61241362,-0.485122617791267
"31688","20074.16",31688,61241599,-0.246814690836365
"31689","20074.16",31689,61245626,-0.00533294503899118
"31690","20074.16",31690,61246076,-0.0428019967523943
"31691","20074.16",31691,61247839,-0.329035654389851
"31692","20074.16",31692,61249972,-0.111185676974391
"31693","20074.16",31693,61254172,-0.330019095622132
"31694","20074.16",31694,61255352,0.196955090790516
"31695","20074.16",31695,61256685,-0.932738710906039
"31696","20074.16",31696,61260093,-0.351397925040053
"31697","20074.16",31697,61260165,-0.554263598260095
"31698","20074.16",31698,61260404,0.382130754254869
"31699","20074.16",31699,61263609,-0.0203829604518599
"31700","20074.16",31700,61264626,0.438396172114273
"31701","20074.16",31701,61265102,-0.421323457400863
"31702","20074.16",31702,61265381,0.0416129952768296
"31703","20074.16",31703,61271415,-0.521110298761516
"31704","20074.16",31704,61274534,-0.0536253907723703
"31705","20074.16",31705,61276545,0.318827279315966
"31706","20074.16",31706,61276724,-0.554336954884995
"31707","20074.16",31707,61277217,-0.704404743682453
"31708","20074.16",31708,61281046,-0.108613089301941
"31709","20074.16",31709,61281354,0.320937941235937
"31710","20074.16",31710,61281672,-0.0280582278927923
"31711","20074.16",31711,61286610,0.0749991365567206
"31712","20074.16",31712,61289934,0.584617188937757
"31713","20074.16",31713,61291239,-0.291414901276391
"31714","20074.16",31714,61291732,0.865686546798924
"31715","20074.16",31715,61291839,-0.273461539338151
"31716","20074.16",31716,61292763,-0.14906991920127
"31717","20074.16",31717,61294707,-0.0532858266052747
"31718","20074.16",31718,61298000,-0.812759043044264
"31719","20074.16",31719,61298240,-0.417544333775172
"31720","20074.16",31720,61298268,1.04755151505008
"31721","20074.16",31721,61298739,1.29080959381849
"31722","20074.16",31722,61304126,-0.329198594093027
"31723","20074.16",31723,61304188,-0.57320440217156
"31724","20074.16",31724,61305705,-0.34875518316674
"31725","20074.16",31725,61307058,-0.020517967230294
"31726","20074.16",31726,61307233,-1.79279915779963
"31727","20074.16",31727,61311730,-0.582193276151292
"31728","20074.16",31728,61311837,0.355525345249061
"31729","20074.16",31729,61313749,-0.0880765472630003
"31730","20074.16",31730,61315321,-0.410636582928274
"31731","20074.16",31731,61321846,-0.966060193476746
"31732","20074.16",31732,61324707,0.311132909351458
"31733","20074.16",31733,61324756,0.0116638659166535
"31734","20074.16",31734,61327499,-0.564862844053974
"31735","20074.16",31735,61328682,0.143533553403619
"31736","20074.16",31736,61331818,-1.51779390278595
"31737","20074.16",31737,61331836,0.409081759676369
"31738","20074.16",31738,61333605,0.470584602993429
"31739","20074.16",31739,61334785,0.440799264178875
"31740","20074.16",31740,61335463,-0.657679801490758
"31741","20074.16",31741,61337961,0.511323042761632
"31742","20074.16",31742,61338363,-0.215817744339015
"31743","20074.16",31743,61339378,0.384844094066277
"31744","20074.16",31744,61340362,0.653709115005573
"31745","20074.16",31745,61340755,-0.253383011551767
"31746","20074.16",31746,61343906,-0.141849213063628
"31747","20074.16",31747,61345100,-0.395357025576781
"31748","20074.16",31748,61347975,0.108034296764098
"31749","20074.16",31749,61348612,-0.580768428805217
"31750","20074.16",31750,61349596,-0.302844062114654
"31751","20074.16",31751,61351572,-0.0348098337254168
"31752","20074.16",31752,61354766,0.339335553449502
"31753","20074.16",31753,61355185,-0.00543249270247514
"31754","20074.16",31754,61355813,-0.7462526648101
"31755","20074.16",31755,61357819,0.835107077192611
"31756","20074.16",31756,61358789,-0.0433173751153442
"31757","20074.16",31757,61359377,-0.689727491319332
"31758","20074.16",31758,61360031,-0.12136613072897
"31759","20074.16",31759,61360177,0.0507928127368213
"31760","20074.16",31760,61362895,-0.0940530620557407
"31761","20074.16",31761,61363409,-0.89895566084915
"31762","20074.16",31762,61365524,-0.451591886684729
"31763","20074.16",31763,61367533,-0.270399344353979
"31764","20074.16",31764,61367824,-0.107775147090996
"31765","20074.16",31765,61369027,-0.054023925548452
"31766","20074.16",31766,61370446,0.311610693881417
"31767","20074.16",31767,61370646,-0.347789605707714
"31768","20074.16",31768,61373942,-0.282949136097296
"31769","20074.16",31769,61375109,-0.179784232188278
"31770","20074.16",31770,61377895,-0.0106357498817387
"31771","20074.16",31771,61378838,-0.305707446686171
"31772","20074.16",31772,61385534,-1.02460622918845
"31773","20074.16",31773,61389657,-0.883208616857495
"31774","20074.16",31774,61391562,-0.411976132303351
"31775","20074.16",31775,61392845,0.195792935001831
"31776","20074.16",31776,61393086,-0.171644728921158
"31777","20074.16",31777,61401058,-0.470264966188942
"31778","20074.16",31778,61402103,-0.536101600238347
"31779","20074.16",31779,61403333,-0.567633731199515
"31780","20074.16",31780,61405524,0.785696933582122
"31781","20074.16",31781,61406010,-0.126745857384832
"31782","20074.16",31782,61407190,-0.385876910732699
"31783","20074.16",31783,61407960,0.308456595693539
"31784","20074.16",31784,61409097,0.610358498021806
"31785","20074.16",31785,61410449,0.305823258923799
"31786","20074.16",31786,61411126,0.321334559165174
"31787","20074.16",31787,61420792,-0.0777078962131688
"31788","20074.16",31788,61421263,-0.262042653299892
"31789","20074.16",31789,61431506,-0.410482605316778
"31790","20074.16",31790,61436432,-0.732343396449039
"31791","20074.16",31791,61436915,-0.0181896727071296
"31792","20074.16",31792,61436948,-0.11426501108854
"31793","20074.16",31793,61438789,0.158134032277355
"31794","20074.16",31794,61438885,-0.341155510633067
"31795","20074.16",31795,61440371,-0.361052783062877
"31796","20074.16",31796,61441065,0.0416079166870871
"31797","20074.16",31797,61441081,-0.519702262203593
"31798","20074.16",31798,61444840,-0.753640343047453
"31799","20074.16",31799,61446523,-0.275964865360404
"31800","20074.16",31800,61446979,0.267326597024874
"31801","20074.16",31801,61447310,0.141401792509066
"31802","20074.16",31802,61448116,0.416743066037836
"31803","20074.16",31803,61453574,0.677140919527923
"31804","20074.16",31804,61453609,0.390005527782862
"31805","20074.16",31805,61453751,0.373968076495555
"31806","20074.16",31806,61455329,0.00549860016229964
"31807","20074.16",31807,61455933,-0.619383060020816
"31808","20074.16",31808,61458102,-0.168322848220146
"31809","20074.16",31809,61463955,0.640955493696985
"31810","20074.16",31810,61464055,-0.196770227126963
"31811","20074.16",31811,61464359,-0.0733823352689065
"31812","20074.16",31812,61467018,-0.387637431629644
"31813","20074.16",31813,61467147,-0.504173999102665
"31814","20074.16",31814,61468189,0.0643731144225077
"31815","20074.16",31815,61470404,0.0365605025972968
"31816","20074.16",31816,61470616,-0.781237576339433
"31817","20074.16",31817,61479783,0.743899349583539
"31818","20074.16",31818,61480173,-0.295016214453595
"31819","20074.16",31819,61481918,-0.0871738699162465
"31820","20074.16",31820,61486465,-1.24470777167548
"31821","20074.16",31821,61486767,0.334347670734544
"31822","20074.16",31822,61487777,-0.166602736657917
"31823","20074.16",31823,61487834,0.66736900234724
"31824","20074.16",31824,61489830,-0.375895139334061
"31825","20074.16",31825,61491419,0.260475617089344
"31826","20074.16",31826,61491704,0.199972103086041
"31827","20074.16",31827,61496919,0.308698916068319
"31828","20074.16",31828,61497779,0.119661966358756
"31829","20074.16",31829,61500373,-0.183794681226648
"31830","20074.16",31830,61504354,-0.684041204133566
"31831","20074.16",31831,61504903,0.263554421444918
"31832","20074.16",31832,61510070,0.830066524361345
"31833","20074.16",31833,61516430,-0.387721927560661
"31834","20074.16",31834,61524230,-0.0579928311569278
"31835","20074.16",31835,61527011,0.0800694025050035
"31836","20074.16",31836,61527323,0.184944065804073
"31837","20074.16",31837,61528826,-0.0625829520615095
"31838","20074.16",31838,61528842,-0.201247212661786
"31839","20074.16",31839,61530990,0.530735795340614
"31840","20074.16",31840,61532465,0.780358152828009
"31841","20074.16",31841,61532805,0.448178661338871
"31842","20074.16",31842,61536952,-0.0728405309416358
"31843","20074.16",31843,61537453,0.865598549845596
"31844","20074.16",31844,61539018,0.712012343706799
"31845","20074.16",31845,61539805,0.569472935267181
"31846","20074.16",31846,61540795,-0.237224442156097
"31847","20074.16",31847,61541328,0.0895695881177101
"31848","20074.16",31848,61542416,0.187675087769156
"31849","20074.16",31849,61546617,0.420505289808447
"31850","20074.16",31850,61546906,-0.311698683006247
"31851","20074.16",31851,61548340,0.801832452298537
"31852","20074.16",31852,61549256,0.163401960719421
"31853","20074.16",31853,61551277,0.940737098848621
"31854","20074.16",31854,61553898,0.47997916384215
"31855","20074.16",31855,61554070,-1.30626531643107
"31856","20074.16",31856,61557154,0.241623432821553
"31857","20074.16",31857,61557624,-0.313716054819626
"31858","20074.16",31858,61557744,-0.526333611412735
"31859","20074.16",31859,61558351,0.281271347905101
"31860","20074.16",31860,61560661,-0.215036948662609
"31861","20074.16",31861,61562764,0.524634876141302
"31862","20074.16",31862,61565641,0.310643567528646
"31863","20074.16",31863,61565807,-0.73040148391791
"31864","20074.16",31864,61566036,0.174586746009346
"31865","20074.16",31865,61566619,-0.426122764221253
"31866","20074.16",31866,61567547,-0.371187989251212
"31867","20074.16",31867,61568967,0.302330922098313
"31868","20074.16",31868,61570062,-0.356249154955943
"31869","20074.16",31869,61572640,-0.0465253547492601
"31870","20074.16",31870,61573204,0.205906190952887
"31871","20074.16",31871,61575876,0.671904558754371
"31872","20074.16",31872,61578392,-0.554341637405462
"31873","20074.16",31873,61579190,0.380946242513715
"31874","20074.16",31874,61580808,0.0992965466819067
"31875","20074.16",31875,61582074,0.117638502183083
"31876","20074.16",31876,61582190,0.093128088291535
"31877","20074.16",31877,61582878,-0.123435972197626
"31878","20074.16",31878,61584664,-0.53928102212205
"31879","20074.16",31879,61592319,-0.298189651549277
"31880","20074.16",31880,61593181,0.257583447901433
"31881","20074.16",31881,61597264,-0.225325545577447
"31882","20074.16",31882,61597302,-0.166412002975671
"31883","20074.16",31883,61597394,-0.608596383975529
"31884","20074.16",31884,61598713,-0.595271066488121
"31885","20074.16",31885,61598734,0.257944082521962
"31886","20074.16",31886,61599321,0.374516712863701
"31887","20074.16",31887,61601151,0.0904747152820438
"31888","20074.16",31888,61601321,0.479587747430874
"31889","20074.16",31889,61601594,0.110888788111076
"31890","20074.16",31890,61601791,1.03056286735363
"31891","20074.16",31891,61601926,-0.0424346364746562
"31892","20074.16",31892,61602036,0.850183127148061
"31893","20074.16",31893,61603072,0.60166110014367
"31894","20074.16",31894,61604590,0.0448073911707132
"31895","20074.16",31895,61604648,0.194316550574325
"31896","20074.16",31896,61608362,0.179396384182479
"31897","20074.16",31897,61609789,0.361719624102313
"31898","20074.16",31898,61610118,0.808836502924271
"31899","20074.16",31899,61610131,0.634527158606379
"31900","20074.16",31900,61610699,0.147321304292154
"31901","20074.16",31901,61610702,0.0503050197197599
"31902","20074.16",31902,61614929,-0.259951015904966
"31903","20074.16",31903,61615648,-0.286039889596612
"31904","20074.16",31904,61616644,0.978152903677542
"31905","20074.16",31905,61620660,0.0109683556782629
"31906","20074.16",31906,61621334,0.18795424425272
"31907","20074.16",31907,61623478,0.293444753923448
"31908","20074.16",31908,61625001,-0.175885808923454
"31909","20074.16",31909,61626434,-0.466219278270273
"31910","20074.16",31910,61626576,-0.362895054440911
"31911","20074.16",31911,61626784,-0.123126234419596
"31912","20074.16",31912,61629266,-0.309102077701546
"31913","20074.16",31913,61630210,0.152383153364127
"31914","20074.16",31914,61630552,0.132059056034924
"31915","20074.16",31915,61631322,0.266448958283818
"31916","20074.16",31916,61632630,-0.372508843250233
"31917","20074.16",31917,61634945,0.464776279108524
"31918","20074.16",31918,61635150,-0.765580276977591
"31919","20074.16",31919,61635297,-0.515115238337323
"31920","20074.16",31920,61635398,0.510087521143396
"31921","20074.16",31921,61635511,0.694164654906623
"31922","20074.16",31922,61635627,0.17077833216129
"31923","20074.16",31923,61636833,-0.401212323936956
"31924","20074.16",31924,61637145,-0.45520392035937
"31925","20074.16",31925,61638883,0.225638150386559
"31926","20074.16",31926,61640986,-0.219217327655652
"31927","20074.16",31927,61641199,-0.289091766634095
"31928","20074.16",31928,61642261,0.0620418252345596
"31929","20074.16",31929,61651623,-0.53955576212396
"31930","20074.16",31930,61652150,-0.163249678899339
"31931","20074.16",31931,61653251,-0.197107592023361
"31932","20074.16",31932,61653389,-0.93871511959956
"31933","20074.16",31933,61658354,0.71537595702499
"31934","20074.16",31934,61665809,-1.46349961526837
"31935","20074.16",31935,61665809,-1.58898295591437
"31936","20074.16",31936,61669208,0.296939209320407
"31937","20074.16",31937,61669224,0.59565274504885
"31938","20074.16",31938,61669437,1.48769717005248
"31939","20074.16",31939,61670792,-0.116748740128942
"31940","20074.16",31940,61681923,-0.204340127673024
"31941","20074.16",31941,61682189,-0.367418280208009
"31942","20074.16",31942,61682216,0.127393749921882
"31943","20074.16",31943,61684448,0.413872141136291
"31944","20074.16",31944,61685130,0.157951028794528
"31945","20074.16",31945,61686144,0.0818344086617522
"31946","20074.16",31946,61686281,0.328029640343744
"31947","20074.16",31947,61686499,0.899584088655248
"31948","20074.16",31948,61686707,0.224193198388009
"31949","20074.16",31949,61690531,-0.97685068787555
"31950","20074.16",31950,61690714,0.174644796356366
"31951","20074.16",31951,61693973,0.206893955096315
"31952","20074.16",31952,61694178,-0.745738248678608
"31953","20074.16",31953,61695305,-0.273214395880892
"31954","20074.16",31954,61695853,0.533631336503613
"31955","20074.16",31955,61702273,0.769770256302945
"31956","20074.16",31956,61702337,-0.036432823347214
"31957","20074.16",31957,61707245,0.0330382252040415
"31958","20074.16",31958,61707397,0.687614786816087
"31959","20074.16",31959,61711270,-0.699582570839748
"31960","20074.16",31960,61711942,-0.449257020366104
"31961","20074.16",31961,61712411,0.484437780675345
"31962","20074.16",31962,61712681,-0.27013293030727
"31963","20074.16",31963,61712753,0.090202045913962
"31964","20074.16",31964,61713393,0.72481226221944
"31965","20074.16",31965,61713758,-0.323235335168487
"31966","20074.16",31966,61713781,0.95758594615216
"31967","20074.16",31967,61716382,0.30692068148037
"31968","20074.16",31968,61716509,-0.563224266477909
"31969","20074.16",31969,61721883,0.688647981926652
"31970","20074.16",31970,61724344,-0.534359348497303
"31971","20074.16",31971,61724869,-0.0901811090811853
"31972","20074.16",31972,61728572,0.152725552368977
"31973","20074.16",31973,61730984,-0.115793164671455
"31974","20074.16",31974,61733200,-0.883608240128282
"31975","20074.16",31975,61740761,0.511332286189494
"31976","20074.16",31976,61740960,0.0712383722954275
"31977","20074.16",31977,61742306,-0.482943912147552
"31978","20074.16",31978,61744525,-1.83703544760328
"31979","20074.16",31979,61744821,0.323459190260416
"31980","20074.16",31980,61745516,-0.363164222797336
"31981","20074.16",31981,61748628,0.215524935372951
"31982","20074.16",31982,61748798,0.259824631642393
"31983","20074.16",31983,61748905,-0.296421648554824
"31984","20074.16",31984,61751756,0.160498070781111
"31985","20074.16",31985,61753702,0.456243473543547
"31986","20074.16",31986,61753968,0.88873466384428
"31987","20074.16",31987,61755662,-0.664016974241601
"31988","20074.16",31988,61755774,0.744531889388788
"31989","20074.16",31989,61756395,-0.920347606160549
"31990","20074.16",31990,61758698,0.734783868755335
"31991","20074.16",31991,61758742,-0.444605510595167
"31992","20074.16",31992,61760894,0.0504648968850692
"31993","20074.16",31993,61762275,0.264941152201263
"31994","20074.16",31994,61763321,-0.497304539044177
"31995","20074.16",31995,61763541,-0.0541750002500869
"31996","20074.16",31996,61763814,-0.281115942874226
"31997","20074.16",31997,61765101,-0.173994158295207
"31998","20074.16",31998,61768981,0.138323237615417
"31999","20074.16",31999,61769051,-1.82907147520032
"32000","20074.16",32000,61770098,0.765605283764404
"32001","20074.16",32001,61773080,0.0734317109945026
"32002","20074.16",32002,61774394,0.154090097707732
"32003","20074.16",32003,61778095,0.060512539641155
"32004","20074.16",32004,61778147,-0.310650365758839
"32005","20074.16",32005,61779584,-0.17201986728603
"32006","20074.16",32006,61780558,0.890304795551573
"32007","20074.16",32007,61780606,0.328917451351665
"32008","20074.16",32008,61780977,0.0545004028877791
"32009","20074.16",32009,61784170,-0.022823869387218
"32010","20074.16",32010,61784186,-0.581969834150144
"32011","20074.16",32011,61785899,-0.330459574319992
"32012","20074.16",32012,61786284,-0.174105796190164
"32013","20074.16",32013,61786526,-0.464696383003881
"32014","20074.16",32014,61786825,0.663438033582872
"32015","20074.16",32015,61787966,0.70837860807865
"32016","20074.16",32016,61788335,0.482140529781637
"32017","20074.16",32017,61789042,-0.708125214698272
"32018","20074.16",32018,61792663,0.37544678615017
"32019","20074.16",32019,61792791,0.098866316206152
"32020","20074.16",32020,61793452,0.463256255173493
"32021","20074.16",32021,61796131,0.0357472708761239
"32022","20074.16",32022,61797060,-0.713675651018424
"32023","20074.16",32023,61797263,0.505073172114455
"32024","20074.16",32024,61800335,0.383605277783651
"32025","20074.16",32025,61800868,0.198755281132644
"32026","20074.16",32026,61801269,0.40806118585884
"32027","20074.16",32027,61803402,0.101929846044932
"32028","20074.16",32028,61804011,0.515117589308768
"32029","20074.16",32029,61807167,-0.996156444270922
"32030","20074.16",32030,61807535,-0.56023278306474
"32031","20074.16",32031,61809602,-0.702425005857666
"32032","20074.16",32032,61811881,0.571091369555449
"32033","20074.16",32033,61812142,0.530268485623103
"32034","20074.16",32034,61814192,-0.233009336994275
"32035","20074.16",32035,61815967,-0.71563824665023
"32036","20074.16",32036,61822209,-0.432759129045501
"32037","20074.16",32037,61822364,0.184197916304336
"32038","20074.16",32038,61822734,-0.58246378113162
"32039","20074.16",32039,61824522,0.269964158165885
"32040","20074.16",32040,61824523,1.16775756188994
"32041","20074.16",32041,61826442,0.694615545951774
"32042","20074.16",32042,61826675,0.509980430341332
"32043","20074.16",32043,61827613,0.463395357643642
"32044","20074.16",32044,61830402,0.295343606774138
"32045","20074.16",32045,61830765,-0.596636644636796
"32046","20074.16",32046,61831392,-0.106987371284172
"32047","20074.16",32047,61833252,-0.773652199312495
"32048","20074.16",32048,61834353,0.87020993865362
"32049","20074.16",32049,61842332,-0.767842685095097
"32050","20074.16",32050,61843173,-0.281251856508024
"32051","20074.16",32051,61843873,-0.378987711964407
"32052","20074.16",32052,61844526,-0.272488246362368
"32053","20074.16",32053,61848954,0.22647873114276
"32054","20074.16",32054,61848980,0.56321839231098
"32055","20074.16",32055,61849540,-0.787783844435082
"32056","20074.16",32056,61852574,0.227725137594295
"32057","20074.16",32057,61852626,0.190970168651069
"32058","20074.16",32058,61860606,-0.469586588145571
"32059","20074.16",32059,61863026,0.382841399840541
"32060","20074.16",32060,61863204,0.275217334295093
"32061","20074.16",32061,61863954,0.307224579973327
"32062","20074.16",32062,61867778,0.55467574263045
"32063","20074.16",32063,61867897,0.574057420639325
"32064","20074.16",32064,61868270,-0.256202905653001
"32065","20074.16",32065,61869016,0.242525668306006
"32066","20074.16",32066,61872379,0.0447367194853072
"32067","20074.16",32067,61872552,0.550915188566846
"32068","20074.16",32068,61872709,-0.0630682457494087
"32069","20074.16",32069,61875083,-0.511024637888096
"32070","20074.16",32070,61875408,-0.90917612992509
"32071","20074.16",32071,61881993,-0.748403039457068
"32072","20074.16",32072,61883401,0.47792418426225
"32073","20074.16",32073,61883532,0.826345289871372
"32074","20074.16",32074,61883949,0.681398994911759
"32075","20074.16",32075,61884677,-0.221366244550314
"32076","20074.16",32076,61891638,-0.505862065675148
"32077","20074.16",32077,61892115,0.424098279683446
"32078","20074.16",32078,61892142,0.00859533956530623
"32079","20074.16",32079,61894842,-0.116190219032962
"32080","20074.16",32080,61895380,0.0656518031200122
"32081","20074.16",32081,61898720,-0.278176351095411
"32082","20074.16",32082,61902723,0.843664636683775
"32083","20074.16",32083,61902965,0.759266081354816
"32084","20074.16",32084,61903064,0.100322922883792
"32085","20074.16",32085,61903206,-0.401487606147605
"32086","20074.16",32086,61903973,0.696780707136171
"32087","20074.16",32087,61904595,-0.19083707227681
"32088","20074.16",32088,61905966,-0.348680088245907
"32089","20074.16",32089,61906244,0.825132433740966
"32090","20074.16",32090,61911927,0.516989668666523
"32091","20074.16",32091,61912659,-0.53509662579695
"32092","20074.16",32092,61914996,-0.573613488282693
"32093","20074.16",32093,61917060,0.0337233887806079
"32094","20074.16",32094,61921652,0.195187939307698
"32095","20074.16",32095,61922022,0.483701211804294
"32096","20074.16",32096,61922655,-0.694367765191587
"32097","20074.16",32097,61923448,0.0874828348390908
"32098","20074.16",32098,61928319,0.29000759773099
"32099","20074.16",32099,61928840,0.210620482750996
"32100","20074.16",32100,61931674,-0.31559383697832
"32101","20074.16",32101,61931689,-0.140603710784775
"32102","20074.16",32102,61932680,0.367290445627263
"32103","20074.16",32103,61934320,0.887733272611686
"32104","20074.16",32104,61934582,0.144625978705616
"32105","20074.16",32105,61934599,-0.301211722103585
"32106","20074.16",32106,61934649,0.779551911986137
"32107","20074.16",32107,61935264,-1.18104410399019
"32108","20074.16",32108,61936070,-0.587697706357536
"32109","20074.16",32109,61938116,-0.162025800634422
"32110","20074.16",32110,61939042,0.130480114901033
"32111","20074.16",32111,61942831,-0.126958839906287
"32112","20074.16",32112,61942990,0.39150740385005
"32113","20074.16",32113,61943847,-0.494928671212408
"32114","20074.16",32114,61944583,-0.150329987384095
"32115","20074.16",32115,61948746,-0.692460002498222
"32116","20074.16",32116,61948885,0.291127259919862
"32117","20074.16",32117,61949563,0.255293503740979
"32118","20074.16",32118,61951481,-0.254025725729357
"32119","20074.16",32119,61951709,0.242829983703309
"32120","20074.16",32120,61951836,-1.17828464046339
"32121","20074.16",32121,61955292,-0.540470959262022
"32122","20074.16",32122,61955958,0.409998865041538
"32123","20074.16",32123,61957150,-0.588814069800184
"32124","20074.16",32124,61966297,0.423872899227935
"32125","20074.16",32125,61966432,-0.634456400436994
"32126","20074.16",32126,61966703,0.400167947438917
"32127","20074.16",32127,61967179,0.071775315878293
"32128","20074.16",32128,61967642,0.937003516284812
"32129","20074.16",32129,61970307,-0.199172107837908
"32130","20074.16",32130,61981714,0.336150173592727
"32131","20074.16",32131,61982243,0.838656307754229
"32132","20074.16",32132,61983130,-0.513070164410832
"32133","20074.16",32133,61983545,-0.245134987172634
"32134","20074.16",32134,61984292,0.149364306839858
"32135","20074.16",32135,61985077,0.771314547782249
"32136","20074.16",32136,61986781,0.117925385261904
"32137","20074.16",32137,61989812,0.32985777132967
"32138","20074.16",32138,61991155,-0.361046963126857
"32139","20074.16",32139,61991582,0.862066266826274
"32140","20074.16",32140,61992753,-1.03791730543648
"32141","20074.16",32141,61994737,-0.470606891197246
"32142","20074.16",32142,61995856,-0.465771159111253
"32143","20074.16",32143,61996041,0.302982356331843
"32144","20074.16",32144,61997628,0.419753830633824
"32145","20074.16",32145,62000740,0.512764778133072
"32146","20074.16",32146,62001249,0.255897332102443
"32147","20074.16",32147,62001292,0.487506327472434
"32148","20074.16",32148,62005862,-0.129557444716376
"32149","20074.16",32149,62007123,-0.551393984406149
"32150","20074.16",32150,62007681,0.615023923849185
"32151","20074.16",32151,62011120,-0.67480156940811
"32152","20074.16",32152,62011417,0.756077387507724
"32153","20074.16",32153,62012030,0.35159257989969
"32154","20074.16",32154,62012704,-0.752815782393466
"32155","20074.16",32155,62012841,0.374347120573026
"32156","20074.16",32156,62013981,-0.480233744886632
"32157","20074.16",32157,62017300,0.24278785067204
"32158","20074.16",32158,62017413,-0.504354555434398
"32159","20074.16",32159,62018835,-0.835872306160195
"32160","20074.16",32160,62023364,0.00847718643782702
"32161","20074.16",32161,62023616,0.349105403205054
"32162","20074.16",32162,62023770,0.315488435148228
"32163","20074.16",32163,62023826,-0.217382758922576
"32164","20074.16",32164,62026675,-0.648322438641435
"32165","20074.16",32165,62027925,-0.106703207480097
"32166","20074.16",32166,62028275,-0.470456520005677
"32167","20074.16",32167,62029165,0.142796265644777
"32168","20074.16",32168,62034357,-0.95747047793806
"32169","20074.16",32169,62035152,-1.00964762879898
"32170","20074.16",32170,62035441,-0.306391426011156
"32171","20074.16",32171,62035888,0.418840155359873
"32172","20074.16",32172,62035961,0.591390459130218
"32173","20074.16",32173,62038196,0.00137716734813598
"32174","20074.16",32174,62038912,-0.339545091897581
"32175","20074.16",32175,62039140,0.439256635196133
"32176","20074.16",32176,62039792,0.343470309270567
"32177","20074.16",32177,62039969,0.898754171803346
"32178","20074.16",32178,62041227,0.203828140833045
"32179","20074.16",32179,62043139,-1.43394167997028
"32180","20074.16",32180,62045287,-1.183492679172
"32181","20074.16",32181,62048239,-0.15614562170807
"32182","20074.16",32182,62048803,-1.48949324051766
"32183","20074.16",32183,62052582,0.548915250869435
"32184","20074.16",32184,62052972,0.164133782723828
"32185","20074.16",32185,62053060,-0.368500582902083
"32186","20074.16",32186,62053568,0.195405483530021
"32187","20074.16",32187,62056928,-0.568568442614402
"32188","20074.16",32188,62057590,0.0285289490195693
"32189","20074.16",32189,62058056,-0.0114138002420612
"32190","20074.16",32190,62060970,0.112574140485923
"32191","20074.16",32191,62066406,0.594068776358886
"32192","20074.16",32192,62066540,-0.0766030623180791
"32193","20074.16",32193,62066802,0.567283161826245
"32194","20074.16",32194,62067127,0.213831491151834
"32195","20074.16",32195,62067974,-0.624729032934962
"32196","20074.16",32196,62068339,0.712243806729876
"32197","20074.16",32197,62070764,0.22851028851158
"32198","20074.16",32198,62071402,-0.273361754268822
"32199","20074.16",32199,62071523,0.410718075533485
"32200","20074.16",32200,62074466,-0.324452076937194
"32201","20074.16",32201,62077660,-0.831579634284439
"32202","20074.16",32202,62078134,0.910527613161014
"32203","20074.16",32203,62079082,-0.184145353330812
"32204","20074.16",32204,62079202,0.450201882031508
"32205","20074.16",32205,62085653,-0.861830175350043
"32206","20074.16",32206,62086565,0.0553249126778468
"32207","20074.16",32207,62087526,0.216705857722346
"32208","20074.16",32208,62087692,0.0627333537810308
"32209","20074.16",32209,62089819,0.277203150100243
"32210","20074.16",32210,62090099,-0.848018609870269
"32211","20074.16",32211,62093866,-0.394038843321491
"32212","20074.16",32212,62094732,-0.482613101544744
"32213","20074.16",32213,62094925,0.569796464645536
"32214","20074.16",32214,62095249,-0.147358436100397
"32215","20074.16",32215,62100211,-0.795524134052563
"32216","20074.16",32216,62100407,-0.396243823769392
"32217","20074.16",32217,62104798,-0.368468241810711
"32218","20074.16",32218,62109886,-0.514208164413401
"32219","20074.16",32219,62110159,-1.46844389846471
"32220","20074.16",32220,62114223,-1.00427876040689
"32221","20074.16",32221,62119389,-0.121467464917544
"32222","20074.16",32222,62119410,-0.466415912597727
"32223","20074.16",32223,62119849,-1.38456425791539
"32224","20074.16",32224,62120299,0.456947658327878
"32225","20074.16",32225,62122294,0.336573739433191
"32226","20074.16",32226,62123236,0.644143648647717
"32227","20074.16",32227,62124224,0.373637492463501
"32228","20074.16",32228,62125960,-0.00334702592088654
"32229","20074.16",32229,62128022,0.105957034598557
"32230","20074.16",32230,62128215,0.0666906734488588
"32231","20074.16",32231,62130570,-0.692017129653117
"32232","20074.16",32232,62130780,0.0356102807734135
"32233","20074.16",32233,62131935,0.761574957470301
"32234","20074.16",32234,62134193,0.83126143981736
"32235","20074.16",32235,62134480,0.356306182830767
"32236","20074.16",32236,62135025,-0.688987721919074
"32237","20074.16",32237,62137472,0.302034970857126
"32238","20074.16",32238,62138111,0.206136842236967
"32239","20074.16",32239,62138146,-0.111200087838923
"32240","20074.16",32240,62139476,-0.228311700001705
"32241","20074.16",32241,62144557,-1.19539781212456
"32242","20074.16",32242,62145471,-0.350451191105653
"32243","20074.16",32243,62155974,0.135971796382331
"32244","20074.16",32244,62156148,-0.271457981111336
"32245","20074.16",32245,62158326,0.592786122286737
"32246","20074.16",32246,62161235,-0.714220226723196
"32247","20074.16",32247,62162896,0.299817965904723
"32248","20074.16",32248,62163072,-0.897207656859002
"32249","20074.16",32249,62163239,1.24086458294202
"32250","20074.16",32250,62163392,-0.131350053065314
"32251","20074.16",32251,62164194,0.222664757311081
"32252","20074.16",32252,62165350,0.633882426996933
"32253","20074.16",32253,62169474,-0.546843725583732
"32254","20074.16",32254,62170730,-0.627920532015778
"32255","20074.16",32255,62171595,-0.671163803709524
"32256","20074.16",32256,62171826,-0.137369677780892
"32257","20074.16",32257,62175068,0.0548033127183913
"32258","20074.16",32258,62178775,0.424010966851195
"32259","20074.16",32259,62182600,0.182131653037524
"32260","20074.16",32260,62182851,-0.404326484927053
"32261","20074.16",32261,62185095,-1.61947285005155
"32262","20074.16",32262,62189089,-0.550990922851859
"32263","20074.16",32263,62189615,-0.0174105053935527
"32264","20074.16",32264,62189677,0.177233911447293
"32265","20074.16",32265,62191639,0.387618015797549
"32266","20074.16",32266,62192446,-0.591822738831412
"32267","20074.16",32267,62194176,0.506960274752646
"32268","20074.16",32268,62194356,0.189245686256735
"32269","20074.16",32269,62196093,-0.00182942567379651
"32270","20074.16",32270,62197976,0.959011970928906
"32271","20074.16",32271,62198125,0.439253965891019
"32272","20074.16",32272,62198152,0.114574667410814
"32273","20074.16",32273,62198717,-0.675456999738762
"32274","20074.16",32274,62205178,0.652524534972676
"32275","20074.16",32275,62205792,-0.540899574960141
"32276","20074.16",32276,62213038,0.420979969158963
"32277","20074.16",32277,62213306,0.036813215901943
"32278","20074.16",32278,62213629,-0.85302184133242
"32279","20074.16",32279,62214650,0.022953472965674
"32280","20074.16",32280,62214679,0.520338602505688
"32281","20074.16",32281,62214694,0.734613971761942
"32282","20074.16",32282,62221734,-0.432057174779107
"32283","20074.16",32283,62222294,-0.349218342713566
"32284","20074.16",32284,62222780,0.274681577912193
"32285","20074.16",32285,62222891,-0.124573740151347
"32286","20074.16",32286,62222912,0.160663810860031
"32287","20074.16",32287,62227635,0.667833318165671
"32288","20074.16",32288,62228948,-0.198849828905257
"32289","20074.16",32289,62229670,-0.0234683464014136
"32290","20074.16",32290,62231363,0.334656517095012
"32291","20074.16",32291,62231430,0.409942022215081
"32292","20074.16",32292,62231696,-0.775281699926301
"32293","20074.16",32293,62232234,-0.293168914891221
"32294","20074.16",32294,62232265,-0.963995482924193
"32295","20074.16",32295,62234166,-0.270324817356988
"32296","20074.16",32296,62234549,-0.764036251283547
"32297","20074.16",32297,62236460,-0.594650261593889
"32298","20074.16",32298,62237510,-0.366536956638585
"32299","20074.16",32299,62240220,0.575100520426814
"32300","20074.16",32300,62240262,0.175232854639757
"32301","20074.16",32301,62240574,0.387450341262412
"32302","20074.16",32302,62241749,-0.173996902090432
"32303","20074.16",32303,62242737,-0.774355007988275
"32304","20074.16",32304,62243040,0.14816075054121
"32305","20074.16",32305,62247866,0.0844300242297598
"32306","20074.16",32306,62248166,0.423350551171169
"32307","20074.16",32307,62248757,-0.127441829725881
"32308","20074.16",32308,62251694,0.836852212526284
"32309","20074.16",32309,62259605,-0.632707145367155
"32310","20074.16",32310,62259633,0.303779367847382
"32311","20074.16",32311,62260396,0.395203324707594
"32312","20074.16",32312,62261244,0.0394618718750852
"32313","20074.16",32313,62261983,0.877057465177477
"32314","20074.16",32314,62262045,0.306984791773467
"32315","20074.16",32315,62262397,-0.410258247280058
"32316","20074.16",32316,62262758,0.319630252098917
"32317","20074.16",32317,62263027,0.499338524443272
"32318","20074.16",32318,62263265,-0.643438576309618
"32319","20074.16",32319,62265048,0.424097525333225
"32320","20074.16",32320,62274710,0.593728035795245
"32321","20074.16",32321,62274841,0.809352901459554
"32322","20074.16",32322,62274948,-0.220356909460373
"32323","20074.16",32323,62280720,0.895619040417018
"32324","20074.16",32324,62280876,0.381581178843189
"32325","20074.16",32325,62280969,0.0755495448336383
"32326","20074.16",32326,62281369,-0.190343655602826
"32327","20074.16",32327,62281422,-0.432766434750042
"32328","20074.16",32328,62282031,0.15513098738681
"32329","20074.16",32329,62283464,-0.0854568018419082
"32330","20074.16",32330,62283628,0.447631446878099
"32331","20074.16",32331,62283821,-0.434431882122875
"32332","20074.16",32332,62283848,0.040874199065545
"32333","20074.16",32333,62285128,0.809632937508044
"32334","20074.16",32334,62286423,-0.8152791642861
"32335","20074.16",32335,62289229,0.124229994352057
"32336","20074.16",32336,62289688,-0.195607089885842
"32337","20074.16",32337,62289972,0.613917061556735
"32338","20074.16",32338,62295871,-1.17477154736905
"32339","20074.16",32339,62296043,-0.122123396517382
"32340","20074.16",32340,62296395,0.0762134411280995
"32341","20074.16",32341,62298147,-0.312559979554568
"32342","20074.16",32342,62298545,0.00843789774770176
"32343","20074.16",32343,62301883,0.637219204209324
"32344","20074.16",32344,62302414,0.301821151006686
"32345","20074.16",32345,62302497,0.373818751365984
"32346","20074.16",32346,62302880,-0.197040463507977
"32347","20074.16",32347,62303284,-0.0406404546562404
"32348","20074.16",32348,62303321,0.762681448397548
"32349","20074.16",32349,62304320,-0.0870081786360801
"32350","20074.16",32350,62304835,0.268578243989901
"32351","20074.16",32351,62308855,0.353169659996571
"32352","20074.16",32352,62309255,0.382302469242558
"32353","20074.16",32353,62309416,-0.311219469103745
"32354","20074.16",32354,62310193,0.149662598591439
"32355","20074.16",32355,62312432,0.548594366363965
"32356","20074.16",32356,62314232,-0.0788771064752476
"32357","20074.16",32357,62314267,0.0868623158329411
"32358","20074.16",32358,62318597,0.713291192935364
"32359","20074.16",32359,62318683,-0.313034464498048
"32360","20074.16",32360,62318693,-0.259691688447456
"32361","20074.16",32361,62320487,0.245326927543849
"32362","20074.16",32362,62320510,-0.341191604790055
"32363","20074.16",32363,62322774,0.0931274269943296
"32364","20074.16",32364,62324278,-0.212009833559978
"32365","20074.16",32365,62324596,-0.60865068656937
"32366","20074.16",32366,62327533,-0.901026042461599
"32367","20074.16",32367,62328661,0.589608639548801
"32368","20074.16",32368,62329470,-0.151801687228346
"32369","20074.16",32369,62330207,0.0895507323471572
"32370","20074.16",32370,62334036,-0.483196747085718
"32371","20074.16",32371,62334749,-0.0977271476313781
"32372","20074.16",32372,62336454,0.138442952870224
"32373","20074.16",32373,62336891,-0.299669901715868
"32374","20074.16",32374,62337017,-0.449411933099186
"32375","20074.16",32375,62338090,0.0385374518086854
"32376","20074.16",32376,62338888,0.0650382285937061
"32377","20074.16",32377,62341806,0.388964275327214
"32378","20074.16",32378,62341820,0.379785296441358
"32379","20074.16",32379,62343127,0.114369958285353
"32380","20074.16",32380,62348198,-0.308898126888052
"32381","20074.16",32381,62349143,-0.135793596529802
"32382","20074.16",32382,62349756,0.362585285240708
"32383","20074.16",32383,62350597,0.00428420251537087
"32384","20074.16",32384,62351204,0.0127681314200148
"32385","20074.16",32385,62354791,-0.679952490931122
"32386","20074.16",32386,62360392,-0.651432577952115
"32387","20074.16",32387,62360629,0.281993066852974
"32388","20074.16",32388,62362161,-0.198741436073173
"32389","20074.16",32389,62362350,0.241024341858151
"32390","20074.16",32390,62362752,0.200301073118866
"32391","20074.16",32391,62364508,-0.22916016860819
"32392","20074.16",32392,62364770,0.131135051975583
"32393","20074.16",32393,62368153,-0.363411663779934
"32394","20074.16",32394,62369183,-0.53308075196141
"32395","20074.16",32395,62369203,-0.107182165868815
"32396","20074.16",32396,62370162,-0.63854303497434
"32397","20074.16",32397,62370792,0.48700978923021
"32398","20074.16",32398,62370985,-0.346495366094813
"32399","20074.16",32399,62371117,-0.395216793074614
"32400","20074.16",32400,62373152,-0.0651322133395524
"32401","20074.16",32401,62375264,-0.169824070814371
"32402","20074.16",32402,62376341,-0.0374795042319116
"32403","20074.16",32403,62380510,-0.418823787696583
"32404","20074.16",32404,62380839,0.700970504768773
"32405","20074.16",32405,62381288,-0.234141010897464
"32406","20074.16",32406,62381749,-0.582960037275424
"32407","20074.16",32407,62382537,0.376261466579778
"32408","20074.16",32408,62385494,0.0139132863524489
"32409","20074.16",32409,62390511,0.36467597277622
"32410","20074.16",32410,62390563,0.196828889039967
"32411","20074.16",32411,62390797,0.732059582951151
"32412","20074.16",32412,62394145,0.0720733167713226
"32413","20074.16",32413,62394333,-0.0384542011299374
"32414","20074.16",32414,62396235,0.922771294010784
"32415","20074.16",32415,62396381,-0.162173619359527
"32416","20074.16",32416,62397030,0.349199567339956
"32417","20074.16",32417,62397489,-0.274891332238205
"32418","20074.16",32418,62398412,0.052831602489098
"32419","20074.16",32419,62402503,-0.565830304064652
"32420","20074.16",32420,62404671,0.201932474455927
"32421","20074.16",32421,62412863,0.249164464047872
"32422","20074.16",32422,62415304,-0.965619278810032
"32423","20074.16",32423,62417538,0.34474161579707
"32424","20074.16",32424,62418486,0.0504843012616414
"32425","20074.16",32425,62419724,0.13897829877596
"32426","20074.16",32426,62420026,0.0376881641066955
"32427","20074.16",32427,62420332,1.23257154246006
"32428","20074.16",32428,62420618,0.0116078208577619
"32429","20074.16",32429,62421497,0.503541077755064
"32430","20074.16",32430,62423657,-0.21382107942395
"32431","20074.16",32431,62423710,-0.216635471226926
"32432","20074.16",32432,62424476,0.134400556424406
"32433","20074.16",32433,62424730,-1.07152726868796
"32434","20074.16",32434,62428009,0.456714959250347
"32435","20074.16",32435,62428377,0.00764417279185814
"32436","20074.16",32436,62428679,0.282992631982323
"32437","20074.16",32437,62429206,-0.0858363602628076
"32438","20074.16",32438,62430287,-0.505326259280626
"32439","20074.16",32439,62433246,0.12584657382413
"32440","20074.16",32440,62433849,-0.231017029654443
"32441","20074.16",32441,62435487,-0.542814310914715
"32442","20074.16",32442,62437495,0.543504107108514
"32443","20074.16",32443,62438664,0.244683118143125
"32444","20074.16",32444,62441796,-0.133148660936738
"32445","20074.16",32445,62442181,-0.210379108450034
"32446","20074.16",32446,62442231,-0.140940540132681
"32447","20074.16",32447,62444731,-0.482871111968924
"32448","20074.16",32448,62447113,0.34948101314468
"32449","20074.16",32449,62449236,-0.0170750250276388
"32450","20074.16",32450,62452187,0.54168714295803
"32451","20074.16",32451,62455713,0.290607688974746
"32452","20074.16",32452,62456481,0.607454962480149
"32453","20074.16",32453,62456623,-0.474636843753473
"32454","20074.16",32454,62457005,0.815007098948015
"32455","20074.16",32455,62460423,-0.962914788112919
"32456","20074.16",32456,62460469,0.178258037619693
"32457","20074.16",32457,62462831,-0.49021429732043
"32458","20074.16",32458,62463244,0.244928660100514
"32459","20074.16",32459,62463922,-1.46637077116009
"32460","20074.16",32460,62465329,0.288154045974404
"32461","20074.16",32461,62465391,-0.305880600681402
"32462","20074.16",32462,62466853,-0.173971598486562
"32463","20074.16",32463,62474799,-0.296214870167947
"32464","20074.16",32464,62476588,0.231493441875191
"32465","20074.16",32465,62477644,-0.408392157735444
"32466","20074.16",32466,62479901,-0.109046917996875
"32467","20074.16",32467,62479928,0.16065610262824
"32468","20074.16",32468,62480333,0.228468736949049
"32469","20074.16",32469,62483132,-0.382029629897933
"32470","20074.16",32470,62484500,0.899767738173856
"32471","20074.16",32471,62484697,-0.260461230227091
"32472","20074.16",32472,62484873,1.10552995181712
"32473","20074.16",32473,62486074,-1.37083989823484
"32474","20074.16",32474,62488968,-0.500756160047493
"32475","20074.16",32475,62491970,-1.24682954166312
"32476","20074.16",32476,62492177,-0.304572977907054
"32477","20074.16",32477,62492579,-0.353283326446959
"32478","20074.16",32478,62499656,-0.333071380531424
"32479","20074.16",32479,62500496,-0.575711166644794
"32480","20074.16",32480,62500712,0.176114043560315
"32481","20074.16",32481,62504828,-0.412054135770483
"32482","20074.16",32482,62505672,-0.811610656845838
"32483","20074.16",32483,62508261,-0.695379967606758
"32484","20074.16",32484,62510267,-0.0589180839314505
"32485","20074.16",32485,62510492,-0.183422281304438
"32486","20074.16",32486,62512162,-0.159243017149916
"32487","20074.16",32487,62512176,-0.164584630361608
"32488","20074.16",32488,62515131,-0.0140623577604009
"32489","20074.16",32489,62515716,0.565388888089356
"32490","20074.16",32490,62518182,-0.434816179124563
"32491","20074.16",32491,62518778,0.475859640624196
"32492","20074.16",32492,62519769,-0.230312165503574
"32493","20074.16",32493,62527084,-0.3725674052229
"32494","20074.16",32494,62527394,-0.10198061691232
"32495","20074.16",32495,62529577,-1.179613971887
"32496","20074.16",32496,62538466,0.18512340232684
"32497","20074.16",32497,62539427,0.175735616436841
"32498","20074.16",32498,62541368,-0.645700183256256
"32499","20074.16",32499,62542343,-0.795483835891573
"32500","20074.16",32500,62553888,0.208983250123696
"32501","20074.16",32501,62554181,-0.255575164555865
"32502","20074.16",32502,62554608,0.30572822243547
"32503","20074.16",32503,62561451,-0.145718829344407
"32504","20074.16",32504,62561678,-0.776929924070425
"32505","20074.16",32505,62562349,-1.12525756527796
"32506","20074.16",32506,62562906,-0.605473223455104
"32507","20074.16",32507,62563248,0.861053769962175
"32508","20074.16",32508,62564670,-1.16826105980744
"32509","20074.16",32509,62565445,0.585336604153983
"32510","20074.16",32510,62570684,-0.0101237834923422
"32511","20074.16",32511,62571012,-1.83374793001281
"32512","20074.16",32512,62572110,-0.275978763050617
"32513","20074.16",32513,62574466,-1.14399937768545
"32514","20074.16",32514,62574466,-0.267875402108825
"32515","20074.16",32515,62574874,0.096354635759809
"32516","20074.16",32516,62575319,-0.862940386150752
"32517","20074.16",32517,62579221,-0.538862759728992
"32518","20074.16",32518,62579594,0.45556196772795
"32519","20074.16",32519,62579746,0.0633967940279376
"32520","20074.16",32520,62580177,-0.417648056124022
"32521","20074.16",32521,62580221,0.0332135663892128
"32522","20074.16",32522,62582888,0.236654268078968
"32523","20074.16",32523,62584014,0.268205719195481
"32524","20074.16",32524,62586537,-0.105070060104233
"32525","20074.16",32525,62594743,-0.690723164387637
"32526","20074.16",32526,62595391,0.360338508742701
"32527","20074.16",32527,62595827,-0.183668514514693
"32528","20074.16",32528,62595958,-0.322169321180349
"32529","20074.16",32529,62596314,0.641773892137162
"32530","20074.16",32530,62596890,0.00799985980341145
"32531","20074.16",32531,62597223,0.578473558943288
"32532","20074.16",32532,62597422,0.0188628168220175
"32533","20074.16",32533,62597743,-0.0750922634133495
"32534","20074.16",32534,62598353,0.314970403409856
"32535","20074.16",32535,62600789,1.28411240348003
"32536","20074.16",32536,62600911,-0.218580389545644
"32537","20074.16",32537,62601284,0.25572267897219
"32538","20074.16",32538,62603254,-0.0716917014144292
"32539","20074.16",32539,62603680,-0.307722978218218
"32540","20074.16",32540,62604423,-0.328964102225207
"32541","20074.16",32541,62605656,-0.450416738162877
"32542","20074.16",32542,62608354,-0.652844948177673
"32543","20074.16",32543,62609037,0.528810923011684
"32544","20074.16",32544,62610317,-0.246055029274765
"32545","20074.16",32545,62610332,-0.0827454324741606
"32546","20074.16",32546,62610969,0.0172954993533061
"32547","20074.16",32547,62613855,-0.332875347609298
"32548","20074.16",32548,62615803,-0.258978110055772
"32549","20074.16",32549,62617069,-0.646479015039861
"32550","20074.16",32550,62617114,-0.194110494870567
"32551","20074.16",32551,62617217,0.891219298528259
"32552","20074.16",32552,62619470,-0.442536952183704
"32553","20074.16",32553,62620312,0.358964190519035
"32554","20074.16",32554,62621950,0.40721714757045
"32555","20074.16",32555,62622070,-0.0339207446887517
"32556","20074.16",32556,62622120,-0.216594908340249
"32557","20074.16",32557,62624189,-0.860601652558906
"32558","20074.16",32558,62624382,0.144807188653241
"32559","20074.16",32559,62628710,-0.31657099691085
"32560","20074.16",32560,62628775,0.0845589574130035
"32561","20074.16",32561,62628776,0.085940903775148
"32562","20074.16",32562,62629244,0.109953343485807
"32563","20074.16",32563,62630402,0.213709677240138
"32564","20074.16",32564,62631193,-0.211642501186992
"32565","20074.16",32565,62631213,0.0264510958928774
"32566","20074.16",32566,62631318,-0.214068990190036
"32567","20074.16",32567,62631559,0.144864629600685
"32568","20074.16",32568,62632273,0.209777987328693
"32569","20074.16",32569,62632626,0.374858834137801
"32570","20074.16",32570,62633107,0.369529876850543
"32571","20074.16",32571,62633196,0.251144121019361
"32572","20074.16",32572,62634600,-0.237627881596442
"32573","20074.16",32573,62635157,-0.0470308861318189
"32574","20074.16",32574,62635559,0.464684505910374
"32575","20074.16",32575,62635770,-0.876038573936106
"32576","20074.16",32576,62635954,0.281394001474953
"32577","20074.16",32577,62636472,-0.0193199723572768
"32578","20074.16",32578,62636795,-0.287090928658435
"32579","20074.16",32579,62637740,0.240661647176347
"32580","20074.16",32580,62638025,0.271106801286396
"32581","20074.16",32581,62638056,0.577161238140094
"32582","20074.16",32582,62638961,-0.856559338634457
"32583","20074.16",32583,62643553,-0.288620128209637
"32584","20074.16",32584,62644168,0.149503444743983
"32585","20074.16",32585,62646543,0.391208698884109
"32586","20074.16",32586,62649991,0.59405967762158
"32587","20074.16",32587,62651013,-1.36640676630465
"32588","20074.16",32588,62651566,0.438779184072472
"32589","20074.16",32589,62655577,-0.79571959371262
"32590","20074.16",32590,62655782,-0.655251436614488
"32591","20074.16",32591,62656937,0.27629213255308
"32592","20074.16",32592,62658725,0.0188953296900563
"32593","20074.16",32593,62659678,0.227563517343624
"32594","20074.16",32594,62660175,-0.0651553631765545
"32595","20074.16",32595,62660312,-0.51990596642591
"32596","20074.16",32596,62662172,-0.0702630946774647
"32597","20074.16",32597,62662325,1.04673186593842
"32598","20074.16",32598,62662607,-0.294661982664417
"32599","20074.16",32599,62662769,-0.881359972759569
"32600","20074.16",32600,62666094,-0.116080642938165
"32601","20074.16",32601,62666512,0.12561422302813
"32602","20074.16",32602,62666892,-0.267047100930407
"32603","20074.16",32603,62667252,0.485582801224077
"32604","20074.16",32604,62667355,0.0168528025658992
"32605","20074.16",32605,62673327,0.653696745616302
"32606","20074.16",32606,62673372,-0.292015182664161
"32607","20074.16",32607,62673445,-0.419935662894845
"32608","20074.16",32608,62673957,-0.149342735646616
"32609","20074.16",32609,62674042,-0.51236654707661
"32610","20074.16",32610,62674058,-0.646502650172101
"32611","20074.16",32611,62674316,-0.0164824862958293
"32612","20074.16",32612,62674375,-0.4132604827292
"32613","20074.16",32613,62675556,0.31575627089362
"32614","20074.16",32614,62678288,-1.11232106811776
"32615","20074.16",32615,62680639,0.134212634593659
"32616","20074.16",32616,62680916,0.429312224671169
"32617","20074.16",32617,62681393,0.0640792571485003
"32618","20074.16",32618,62681612,-0.584318851891757
"32619","20074.16",32619,62683732,-0.366209239081253
"32620","20074.16",32620,62686139,0.0812743810672032
"32621","20074.16",32621,62686495,0.156093837450389
"32622","20074.16",32622,62690346,0.83716040428027
"32623","20074.16",32623,62690472,-0.308668579324824
"32624","20074.16",32624,62691744,-0.95734857873498
"32625","20074.16",32625,62691744,-0.0742341056742903
"32626","20074.16",32626,62697141,0.40919871606405
"32627","20074.16",32627,62699075,-0.0924372430197087
"32628","20074.16",32628,62699115,-0.333296529251029
"32629","20074.16",32629,62699822,0.628694504238452
"32630","20074.16",32630,62699963,0.295914526177788
"32631","20074.16",32631,62700211,-1.0285731822526
"32632","20074.16",32632,62701713,0.0818202849150298
"32633","20074.16",32633,62703336,0.495244935454767
"32634","20074.16",32634,62704187,-0.297218268346205
"32635","20074.16",32635,62707225,-1.25154161171771
"32636","20074.16",32636,62707566,-0.170396261922776
"32637","20074.16",32637,62714518,-1.27233230864043
"32638","20074.16",32638,62715031,0.104770377910917
"32639","20074.16",32639,62715629,-0.494692458930211
"32640","20074.16",32640,62716695,-0.70197623415584
"32641","20074.16",32641,62719312,0.432826850224157
"32642","20074.16",32642,62719991,0.475123015976528
"32643","20074.16",32643,62720700,0.585750335529121
"32644","20074.16",32644,62720983,0.214593551450614
"32645","20074.16",32645,62723707,0.940389798975763
"32646","20074.16",32646,62723804,0.23819423092995
"32647","20074.16",32647,62727314,0.0875229320794029
"32648","20074.16",32648,62727744,-0.626183221704235
"32649","20074.16",32649,62731135,-1.91417226636539
"32650","20074.16",32650,62731781,-0.44871203875051
"32651","20074.16",32651,62733442,-0.502746673699908
"32652","20074.16",32652,62737184,-0.209049265070123
"32653","20074.16",32653,62739133,0.421070209273114
"32654","20074.16",32654,62745938,-1.22894412536542
"32655","20074.16",32655,62747830,-0.200755575032971
"32656","20074.16",32656,62748179,-0.00327085986805908
"32657","20074.16",32657,62749181,0.0731607829309118
"32658","20074.16",32658,62749390,0.0935247877880832
"32659","20074.16",32659,62750022,-0.187569952053453
"32660","20074.16",32660,62750520,0.0162301266744409
"32661","20074.16",32661,62751508,-0.414856299939867
"32662","20074.16",32662,62752355,0.364917052615843
"32663","20074.16",32663,62763372,-0.543386322905449
"32664","20074.16",32664,62764331,-0.339164603804166
"32665","20074.16",32665,62767615,-1.56800981082878
"32666","20074.16",32666,62768162,0.243831108818209
"32667","20074.16",32667,62768387,-0.580734087071384
"32668","20074.16",32668,62772129,-0.513644176244844
"32669","20074.16",32669,62774971,0.0441995984557453
"32670","20074.16",32670,62775119,0.0303778207334142
"32671","20074.16",32671,62775767,-0.0719827883951316
"32672","20074.16",32672,62775826,-1.11395419216965
"32673","20074.16",32673,62776003,-0.147834948547098
"32674","20074.16",32674,62776177,-0.447331815945528
"32675","20074.16",32675,62776191,0.399036650651058
"32676","20074.16",32676,62778240,0.0545314136215991
"32677","20074.16",32677,62778362,-0.328719759921365
"32678","20074.16",32678,62779885,-0.948941124648888
"32679","20074.16",32679,62781043,-0.81108850480066
"32680","20074.16",32680,62783969,0.855098831384487
"32681","20074.16",32681,62783997,-0.658089665197855
"32682","20074.16",32682,62784608,0.482801953618481
"32683","20074.16",32683,62784893,1.09705266376914
"32684","20074.16",32684,62787703,-0.970956950232712
"32685","20074.16",32685,62792307,-0.764572459124239
"32686","20074.16",32686,62802119,-0.569328897863778
"32687","20074.16",32687,62802151,0.460161343610623
"32688","20074.16",32688,62802365,0.966308826132333
"32689","20074.16",32689,62802641,-0.126401710692956
"32690","20074.16",32690,62803344,0.142215999239866
"32691","20074.16",32691,62803911,0.412924651666631
"32692","20074.16",32692,62806852,-0.852967335574886
"32693","20074.16",32693,62807381,-1.83572931569705
"32694","20074.16",32694,62807401,0.0227749878199983
"32695","20074.16",32695,62808949,-0.67829291770351
"32696","20074.16",32696,62808963,-0.280564389888076
"32697","20074.16",32697,62815924,-0.554061765250067
"32698","20074.16",32698,62817082,-0.661934163005262
"32699","20074.16",32699,62818593,0.0373047126399246
"32700","20074.16",32700,62820368,-0.259613637627697
"32701","20074.16",32701,62831443,0.342528946430202
"32702","20074.16",32702,62832018,1.8386373652813
"32703","20074.16",32703,62832302,-0.237738189872444
"32704","20074.16",32704,62834651,-1.23118446975168
"32705","20074.16",32705,62834904,-0.408757000878945
"32706","20074.16",32706,62837909,-0.499103268389008
"32707","20074.16",32707,62839843,-1.02961869987962
"32708","20074.16",32708,62845001,-0.233600685020781
"32709","20074.16",32709,62847378,-0.361402286360001
"32710","20074.16",32710,62855470,-0.76298484256391
"32711","20074.16",32711,62855866,-0.389983318454957
"32712","20074.16",32712,62858522,-0.759850195085335
"32713","20074.16",32713,62858607,0.594651111880997
"32714","20074.16",32714,62858858,0.243235448492837
"32715","20074.16",32715,62859783,-0.179633583032196
"32716","20074.16",32716,62862755,-0.769005152182332
"32717","20074.16",32717,62864030,0.0660715813608652
"32718","20074.16",32718,62866099,0.861932274979886
"32719","20074.16",32719,62866313,0.391320142697141
"32720","20074.16",32720,62866857,0.94549369177272
"32721","20074.16",32721,62867153,0.180253733464983
"32722","20074.16",32722,62867769,1.15396546643639
"32723","20074.16",32723,62868231,-0.145896269691794
"32724","20074.16",32724,62869932,-1.32541913701992
"32725","20074.16",32725,62871721,-0.115751842868465
"32726","20074.16",32726,62872520,0.767015741355759
"32727","20074.16",32727,62872618,0.65555153245863
"32728","20074.16",32728,62872639,1.36044526055351
"32729","20074.16",32729,62872745,0.0592721261689144
"32730","20074.16",32730,62873057,0.181432938944505
"32731","20074.16",32731,62874626,-0.424231365053175
"32732","20074.16",32732,62877064,-0.232431212982187
"32733","20074.16",32733,62877332,0.389449822862615
"32734","20074.16",32734,62878066,-0.636166129624442
"32735","20074.16",32735,62878521,0.0181464275774372
"32736","20074.16",32736,62883075,-0.00333447397301168
"32737","20074.16",32737,62883358,-0.0193763010539554
"32738","20074.16",32738,62883376,-0.251671544867892
"32739","20074.16",32739,62884224,-0.672206211893644
"32740","20074.16",32740,62886958,0.978042830642946
"32741","20074.16",32741,62887185,-0.709948839524037
"32742","20074.16",32742,62887954,0.164583955038168
"32743","20074.16",32743,62890848,0.679080579273822
"32744","20074.16",32744,62891247,-0.0846221871433279
"32745","20074.16",32745,62891668,0.55104795730552
"32746","20074.16",32746,62892844,0.103666381539687
"32747","20074.16",32747,62893315,0.475054835637274
"32748","20074.16",32748,62897284,-0.31813829617205
"32749","20074.16",32749,62897430,-0.649326419357847
"32750","20074.16",32750,62900284,-0.0303619292605211
"32751","20074.16",32751,62901030,0.173069214391718
"32752","20074.16",32752,62901223,0.0213190006367228
"32753","20074.16",32753,62901972,-0.36547425149217
"32754","20074.16",32754,62903007,-0.0972134972545415
"32755","20074.16",32755,62904803,-0.351309466221943
"32756","20074.16",32756,62906942,-0.736090498812101
"32757","20074.16",32757,62911536,0.470081883596415
"32758","20074.16",32758,62915353,-0.157388556196959
"32759","20074.16",32759,62915826,0.532850375303036
"32760","20074.16",32760,62916062,-1.09775735722565
"32761","20074.16",32761,62916432,0.655938611470996
"32762","20074.16",32762,62917674,0.349887807396732
"32763","20074.16",32763,62919524,-0.0729460667446631
"32764","20074.16",32764,62920179,-0.0722673510389331
"32765","20074.16",32765,62921292,-0.346438914915966
"32766","20074.16",32766,62922368,-0.372263973614827
"32767","20074.16",32767,62925049,0.410757829321633
"32768","20074.16",32768,62925620,0.084371516197514
"32769","20074.16",32769,62931232,0.267906972300621
"32770","20074.16",32770,62932405,0.0681077279457751
"32771","20074.16",32771,62934664,-0.61662032776571
"32772","20074.16",32772,62937058,0.680043938743998
"32773","20074.16",32773,62937109,-0.109209920174479
"32774","20074.16",32774,62937228,0.208448960892726
"32775","20074.16",32775,62937640,0.115439230556508
"32776","20074.16",32776,62939397,-0.581273388431581
"32777","20074.16",32777,62942815,0.463792840123792
"32778","20074.16",32778,62943729,0.0163574063245537
"32779","20074.16",32779,62947057,0.0347700489215699
"32780","20074.16",32780,62948046,-0.456716394481436
"32781","20074.16",32781,62948686,-0.601600608606344
"32782","20074.16",32782,62948963,0.0371599959347568
"32783","20074.16",32783,62949496,0.324457560337335
"32784","20074.16",32784,62952889,0.0403986832132137
"32785","20074.16",32785,62953131,-0.405606358223154
"32786","20074.16",32786,62954546,0.524452156748368
"32787","20074.16",32787,62954916,0.624353099631214
"32788","20074.16",32788,62955315,0.205633983193014
"32789","20074.16",32789,62955595,-0.782693065748433
"32790","20074.16",32790,62955907,-0.130358102731088
"32791","20074.16",32791,62957676,-0.0708496550219566
"32792","20074.16",32792,62957788,-0.0275856323968249
"32793","20074.16",32793,62959569,0.123609571122655
"32794","20074.16",32794,62959880,-1.10103235092958
"32795","20074.16",32795,62960105,-0.96316522003659
"32796","20074.16",32796,62961332,0.376222251871595
"32797","20074.16",32797,62961699,-0.0119202056242278
"32798","20074.16",32798,62963226,-0.859980338939054
"32799","20074.16",32799,62969903,0.561500246576723
"32800","20074.16",32800,62975365,-0.785771720094588
"32801","20074.16",32801,62975603,-0.243886185296216
"32802","20074.16",32802,62976640,0.147308923347738
"32803","20074.16",32803,62977047,0.400046724675401
"32804","20074.16",32804,62983502,0.0229285195113755
"32805","20074.16",32805,62987067,-0.188105855372465
"32806","20074.16",32806,62987475,0.808918762802059
"32807","20074.16",32807,62987878,-0.117518698985224
"32808","20074.16",32808,62988074,-0.684443902471745
"32809","20074.16",32809,62989090,0.886100657694148
"32810","20074.16",32810,62991539,-0.364906514169077
"32811","20074.16",32811,62993316,-0.369249411102498
"32812","20074.16",32812,62993992,-0.348755667277996
"32813","20074.16",32813,62994183,0.604552675493294
"32814","20074.16",32814,62994331,0.410398713731023
"32815","20074.16",32815,62996454,0.148598223715687
"32816","20074.16",32816,62997900,-0.527742772041917
"32817","20074.16",32817,62999340,-0.090235406066081
"32818","20074.16",32818,62999735,-1.1222918660446
"32819","20074.16",32819,63000176,0.0402360810900593
"32820","20074.16",32820,63003484,0.0750954273968008
"32821","20074.16",32821,63003823,-0.0335154816871936
"32822","20074.16",32822,63004257,0.416112078114289
"32823","20074.16",32823,63004430,0.805983458173695
"32824","20074.16",32824,63004586,0.176169284519478
"32825","20074.16",32825,63004655,-0.0694580394754807
"32826","20074.16",32826,63008036,0.279898251499358
"32827","20074.16",32827,63019180,-0.372593433867176
"32828","20074.16",32828,63020066,-0.162702159629077
"32829","20074.16",32829,63022480,0.436359359558694
"32830","20074.16",32830,63023617,0.493602963017302
"32831","20074.16",32831,63024140,1.34748511179438
"32832","20074.16",32832,63024164,0.476857952110662
"32833","20074.16",32833,63024214,0.69585778635741
"32834","20074.16",32834,63024433,0.053230401158455
"32835","20074.16",32835,63026384,-0.507174158943065
"32836","20074.16",32836,63035900,-0.773520691655686
"32837","20074.16",32837,63037097,0.0335428521073
"32838","20074.16",32838,63039689,0.442991544689858
"32839","20074.16",32839,63040432,0.508841718102025
"32840","20074.16",32840,63040589,0.46988910524265
"32841","20074.16",32841,63040906,-0.346561722945253
"32842","20074.16",32842,63041871,0.00974502652761355
"32843","20074.16",32843,63043646,-0.553210294223839
"32844","20074.16",32844,63043730,0.32378741684925
"32845","20074.16",32845,63045382,-0.583410245256544
"32846","20074.16",32846,63045593,0.252716732650684
"32847","20074.16",32847,63047663,0.0777714597772468
"32848","20074.16",32848,63047708,-0.0513550849250732
"32849","20074.16",32849,63047834,0.746718594632049
"32850","20074.16",32850,63048243,0.079303784671823
"32851","20074.16",32851,63048251,-0.552610822478749
"32852","20074.16",32852,63052156,-0.00231358155817141
"32853","20074.16",32853,63052199,-0.484807378973757
"32854","20074.16",32854,63052798,0.759730604126362
"32855","20074.16",32855,63053193,-0.0937298299874056
"32856","20074.16",32856,63056804,0.25653155270603
"32857","20074.16",32857,63057123,-0.0723940788326907
"32858","20074.16",32858,63057367,-0.527509534707761
"32859","20074.16",32859,63059485,0.0226178427757384
"32860","20074.16",32860,63060313,-0.338822905388342
"32861","20074.16",32861,63060694,0.301118472080804
"32862","20074.16",32862,63062532,-0.413105519772362
"32863","20074.16",32863,63062600,0.243434621527061
"32864","20074.16",32864,63062709,-0.631223459193802
"32865","20074.16",32865,63063536,-0.443917223832721
"32866","20074.16",32866,63064396,-0.901335576414655
"32867","20074.16",32867,63066107,0.489255295203326
"32868","20074.16",32868,63066532,0.171452803543172
"32869","20074.16",32869,63067294,-1.68706745460268
"32870","20074.16",32870,63067305,-0.0258139290222061
"32871","20074.16",32871,63068115,0.0182107022602009
"32872","20074.16",32872,63070694,-1.05657499460192
"32873","20074.16",32873,63072839,-0.475335209275681
"32874","20074.16",32874,63072942,0.0447952250550605
"32875","20074.16",32875,63073923,-0.114924903041897
"32876","20074.16",32876,63075597,-0.407333331203072
"32877","20074.16",32877,63077348,-0.291381816827818
"32878","20074.16",32878,63079319,-0.462533677404052
"32879","20074.16",32879,63079362,-0.099709571978094
"32880","20074.16",32880,63089370,0.76077465289423
"32881","20074.16",32881,63092934,0.115448893059359
"32882","20074.16",32882,63092963,-0.240952920004274
"32883","20074.16",32883,63093010,0.38418215052589
"32884","20074.16",32884,63094277,-0.191615223758986
"32885","20074.16",32885,63094682,-0.0184482833571069
"32886","20074.16",32886,63096072,-0.234836160291075
"32887","20074.16",32887,63096818,-0.174936027051016
"32888","20074.16",32888,63097291,-0.504885667660922
"32889","20074.16",32889,63097605,-0.147651324068637
"32890","20074.16",32890,63097660,-0.232976835931587
"32891","20074.16",32891,63101175,-0.405078501675683
"32892","20074.16",32892,63102662,0.10054261333122
"32893","20074.16",32893,63103084,0.385198880270059
"32894","20074.16",32894,63103583,0.0749146813429098
"32895","20074.16",32895,63105199,0.194009484265228
"32896","20074.16",32896,63108370,0.417025997253247
"32897","20074.16",32897,63108532,0.0677765047163836
"32898","20074.16",32898,63109779,0.226820265269437
"32899","20074.16",32899,63110027,0.961527541092633
"32900","20074.16",32900,63111305,-0.954542668927932
"32901","20074.16",32901,63112611,-0.772819948492386
"32902","20074.16",32902,63115083,-0.364660609073369
"32903","20074.16",32903,63115328,0.748421189821317
"32904","20074.16",32904,63115352,1.32122133008966
"32905","20074.16",32905,63119407,-0.0361407457344889
"32906","20074.16",32906,63119549,0.356736540333501
"32907","20074.16",32907,63120345,0.0377465901217899
"32908","20074.16",32908,63120597,0.00250442883240432
"32909","20074.16",32909,63120645,0.969051781988758
"32910","20074.16",32910,63122950,-0.600567029662861
"32911","20074.16",32911,63123823,0.692704148575774
"32912","20074.16",32912,63123959,-0.708521515348347
"32913","20074.16",32913,63124663,0.0959067674066905
"32914","20074.16",32914,63126868,-1.13436165046503
"32915","20074.16",32915,63127655,0.178140994614615
"32916","20074.16",32916,63127846,0.390003851127717
"32917","20074.16",32917,63127932,0.325623559160367
"32918","20074.16",32918,63129415,0.0316547815402872
"32919","20074.16",32919,63131960,-0.109812635115712
"32920","20074.16",32920,63135921,-0.14100680855304
"32921","20074.16",32921,63137939,0.0214334731156729
"32922","20074.16",32922,63138574,0.719952824642912
"32923","20074.16",32923,63140757,-0.034197285104554
"32924","20074.16",32924,63141426,-0.436073627280613
"32925","20074.16",32925,63145859,-0.554705974983234
"32926","20074.16",32926,63147427,-0.2458271231831
"32927","20074.16",32927,63147463,0.925794169427673
"32928","20074.16",32928,63147477,-0.0827135237065182
"32929","20074.16",32929,63149343,0.47673054383196
"32930","20074.16",32930,63149513,0.65486055228971
"32931","20074.16",32931,63151655,-0.198269769783788
"32932","20074.16",32932,63152192,-0.657007747962194
"32933","20074.16",32933,63160175,-0.0583182921563861
"32934","20074.16",32934,63160899,0.142107513678016
"32935","20074.16",32935,63162176,-1.25536567498823
"32936","20074.16",32936,63162244,0.157112138126383
"32937","20074.16",32937,63163288,-0.628108791934233
"32938","20074.16",32938,63165918,-0.299435435045239
"32939","20074.16",32939,63165973,-0.391003218002667
"32940","20074.16",32940,63166900,0.851941041391636
"32941","20074.16",32941,63167373,0.331004492360969
"32942","20074.16",32942,63169219,-0.396034184007018
"32943","20074.16",32943,63169400,0.390875650394205
"32944","20074.16",32944,63171195,0.702369839798195
"32945","20074.16",32945,63173480,0.370378841724086
"32946","20074.16",32946,63174368,-1.76710216417177
"32947","20074.16",32947,63175310,0.3534221651595
"32948","20074.16",32948,63176077,0.773977381709915
"32949","20074.16",32949,63177103,-0.0537574821585372
"32950","20074.16",32950,63178006,-0.195594213540913
"32951","20074.16",32951,63180674,1.06985789458164
"32952","20074.16",32952,63180764,0.0746733584039259
"32953","20074.16",32953,63186745,0.813809411839334
"32954","20074.16",32954,63187425,-0.876745153322934
"32955","20074.16",32955,63189456,0.332864876792235
"32956","20074.16",32956,63190434,-1.22871534820316
"32957","20074.16",32957,63194900,-0.489753277351425
"32958","20074.16",32958,63197732,-0.251696366825265
"32959","20074.16",32959,63198725,0.220502856451987
"32960","20074.16",32960,63199860,-0.603378281753647
"32961","20074.16",32961,63202385,0.48054038820922
"32962","20074.16",32962,63203223,-0.460741881348564
"32963","20074.16",32963,63203687,-0.454798118176777
"32964","20074.16",32964,63207075,-0.219650315761784
"32965","20074.16",32965,63207529,0.274325340044389
"32966","20074.16",32966,63207624,-0.0681639294932213
"32967","20074.16",32967,63208409,-0.170946440929671
"32968","20074.16",32968,63209010,0.485329472872222
"32969","20074.16",32969,63209125,0.101217987526708
"32970","20074.16",32970,63210717,-0.307441034100462
"32971","20074.16",32971,63211090,0.648369752452216
"32972","20074.16",32972,63211444,0.480971947972061
"32973","20074.16",32973,63215470,-1.60048320393471
"32974","20074.16",32974,63217861,1.37605212215415
"32975","20074.16",32975,63218491,-1.23024526900309
"32976","20074.16",32976,63219168,0.8119733839955
"32977","20074.16",32977,63219573,0.78098772376829
"32978","20074.16",32978,63220228,-0.277641351904316
"32979","20074.16",32979,63225217,0.67344442401252
"32980","20074.16",32980,63225634,0.191845005640144
"32981","20074.16",32981,63225875,0.487239086192592
"32982","20074.16",32982,63226540,0.71300683624369
"32983","20074.16",32983,63226653,-0.9002396012387
"32984","20074.16",32984,63226839,0.249215347705495
"32985","20074.16",32985,63227287,0.424061734952034
"32986","20074.16",32986,63227352,0.0647111496779802
"32987","20074.16",32987,63227373,0.0508580664866827
"32988","20074.16",32988,63228941,0.459693772171511
"32989","20074.16",32989,63236854,0.0510056833250898
"32990","20074.16",32990,63239224,0.598108887352015
"32991","20074.16",32991,63242293,-0.337398163803811
"32992","20074.16",32992,63243176,-0.460084608548175
"32993","20074.16",32993,63245601,-0.644718221113938
"32994","20074.16",32994,63247128,0.234863898018978
"32995","20074.16",32995,63247302,0.226017335322005
"32996","20074.16",32996,63247487,0.774663343442614
"32997","20074.16",32997,63249133,-0.375383228570777
"32998","20074.16",32998,63252086,0.836953517703706
"32999","20074.16",32999,63252300,0.805921077141154
"33000","20074.16",33000,63252409,1.24125317821635
"33001","20074.16",33001,63254478,0.0176630401824811
"33002","20074.16",33002,63256670,-1.35827336496867
"33003","20074.16",33003,63261483,-0.353755825718742
"33004","20074.16",33004,63264398,0.275203164884615
"33005","20074.16",33005,63264700,-1.51897540522052
"33006","20074.16",33006,63267167,0.263849191347691
"33007","20074.16",33007,63267469,0.305604900543616
"33008","20074.16",33008,63268130,0.135272508416257
"33009","20074.16",33009,63272364,-0.25748735431259
"33010","20074.16",33010,63273160,0.147604034496623
"33011","20074.16",33011,63274352,-0.0919271912815223
"33012","20074.16",33012,63275204,0.631833044223977
"33013","20074.16",33013,63275488,-0.577514565546625
"33014","20074.16",33014,63280110,-0.73800920513093
"33015","20074.16",33015,63281424,-0.314512367169396
"33016","20074.16",33016,63281765,0.904522461832678
"33017","20074.16",33017,63281843,-0.433142256890074
"33018","20074.16",33018,63282080,-0.0502198865346175
"33019","20074.16",33019,63284051,0.0808253769459801
"33020","20074.16",33020,63291371,-0.748420276273555
"33021","20074.16",33021,63294392,0.350482772460162
"33022","20074.16",33022,63295601,0.313876699443413
"33023","20074.16",33023,63297445,0.622898193548338
"33024","20074.16",33024,63302177,0.607641755841256
"33025","20074.16",33025,63302239,1.154870577143
"33026","20074.16",33026,63302700,-0.280014101340019
"33027","20074.16",33027,63303023,0.740423290085537
"33028","20074.16",33028,63303254,-0.569625000539015
"33029","20074.16",33029,63304530,0.383905244278201
"33030","20074.16",33030,63305471,1.16330294733668
"33031","20074.16",33031,63311584,0.345230398642893
"33032","20074.16",33032,63312652,-0.6308332036991
"33033","20074.16",33033,63319722,-0.280170771074016
"33034","20074.16",33034,63320828,0.648115383300071
"33035","20074.16",33035,63321064,0.158819997219762
"33036","20074.16",33036,63322429,0.250460142259231
"33037","20074.16",33037,63323856,0.331372830639842
"33038","20074.16",33038,63324023,1.0604229879493
"33039","20074.16",33039,63326431,-0.23539919782205
"33040","20074.16",33040,63326670,-0.21039270353047
"33041","20074.16",33041,63326768,0.359793685831291
"33042","20074.16",33042,63331711,-0.403753332845525
"33043","20074.16",33043,63333447,-0.314499326927296
"33044","20074.16",33044,63335923,0.368949387714607
"33045","20074.16",33045,63335947,-0.120023819485377
"33046","20074.16",33046,63336596,-0.742635941766546
"33047","20074.16",33047,63341462,-0.749637983208086
"33048","20074.16",33048,63341991,-0.592812478355963
"33049","20074.16",33049,63342203,-0.375018430640767
"33050","20074.16",33050,63342272,0.103649213943609
"33051","20074.16",33051,63342869,-0.524130915908516
"33052","20074.16",33052,63344732,-0.026889591954153
"33053","20074.16",33053,63344763,-0.704198019641213
"33054","20074.16",33054,63344826,-0.432211155920372
"33055","20074.16",33055,63344874,0.349932461615713
"33056","20074.16",33056,63347467,-0.0618204338936295
"33057","20074.16",33057,63347524,-0.11123387306396
"33058","20074.16",33058,63347735,0.0340063277544163
"33059","20074.16",33059,63348833,-0.469597377387495
"33060","20074.16",33060,63351227,0.701332141579532
"33061","20074.16",33061,63351897,-0.422775083555894
"33062","20074.16",33062,63352784,0.05506762187823
"33063","20074.16",33063,63353415,-0.701638840161603
"33064","20074.16",33064,63353953,0.237000834320592
"33065","20074.16",33065,63354352,-0.489589131683621
"33066","20074.16",33066,63357441,-0.811190645621424
"33067","20074.16",33067,63358310,0.178209021276234
"33068","20074.16",33068,63358362,-1.08160684753267
"33069","20074.16",33069,63361651,-0.983108655869096
"33070","20074.16",33070,63362262,0.418241825028319
"33071","20074.16",33071,63364878,-0.454629183432382
"33072","20074.16",33072,63365597,1.11464929459698
"33073","20074.16",33073,63373239,-0.113831448951075
"33074","20074.16",33074,63374211,-0.284519394555936
"33075","20074.16",33075,63374584,-0.650221457004106
"33076","20074.16",33076,63374599,0.383969083174558
"33077","20074.16",33077,63375230,-0.273428313957369
"33078","20074.16",33078,63375297,0.88647514224441
"33079","20074.16",33079,63379206,-0.363916928221001
"33080","20074.16",33080,63380039,0.45964116816038
"33081","20074.16",33081,63380145,0.179278689189879
"33082","20074.16",33082,63380885,-0.139576524242534
"33083","20074.16",33083,63386418,0.226266174998052
"33084","20074.16",33084,63386774,-0.83948911649592
"33085","20074.16",33085,63391403,0.0971159161203907
"33086","20074.16",33086,63391709,0.67005174548742
"33087","20074.16",33087,63392825,0.565079119412363
"33088","20074.16",33088,63393701,-0.725780677967752
"33089","20074.16",33089,63395254,0.456139766094132
"33090","20074.16",33090,63395631,-0.327823696723167
"33091","20074.16",33091,63396075,0.771894826047478
"33092","20074.16",33092,63396373,-0.0824076129703872
"33093","20074.16",33093,63397804,0.473463544117199
"33094","20074.16",33094,63400502,-0.460704790839121
"33095","20074.16",33095,63401264,-0.80262278026998
"33096","20074.16",33096,63401281,0.203763610986497
"33097","20074.16",33097,63401297,0.237147126983349
"33098","20074.16",33098,63401630,-0.438934275649679
"33099","20074.16",33099,63406823,0.094041000399134
"33100","20074.16",33100,63409574,0.139389722680499
"33101","20074.16",33101,63410260,0.0991001701662908
"33102","20074.16",33102,63413619,-0.671181179416415
"33103","20074.16",33103,63413821,-1.79039658563681
"33104","20074.16",33104,63413821,-0.342933960606059
"33105","20074.16",33105,63413840,-0.681409886864922
"33106","20074.16",33106,63415682,-0.104274649379976
"33107","20074.16",33107,63417088,-0.061835740331583
"33108","20074.16",33108,63417968,0.073437225610208
"33109","20074.16",33109,63418108,0.125868296296878
"33110","20074.16",33110,63419315,-0.690039522285958
"33111","20074.16",33111,63420082,-0.543158743031907
"33112","20074.16",33112,63420389,-0.0895011978843883
"33113","20074.16",33113,63421172,-0.0982078541813003
"33114","20074.16",33114,63421372,0.169619208583819
"33115","20074.16",33115,63428323,-0.205193338011671
"33116","20074.16",33116,63428394,0.0546889187472086
"33117","20074.16",33117,63430558,-0.301506056701469
"33118","20074.16",33118,63431047,0.11772253757957
"33119","20074.16",33119,63432215,0.12084838436438
"33120","20074.16",33120,63433135,-0.625730665918092
"33121","20074.16",33121,63434451,0.338506498078019
"33122","20074.16",33122,63435038,0.0404651517767958
"33123","20074.16",33123,63435222,-0.161108798676065
"33124","20074.16",33124,63436308,0.291033912178249
"33125","20074.16",33125,63438073,0.804043076642057
"33126","20074.16",33126,63438116,-0.642604465466817
"33127","20074.16",33127,63438807,-0.157360071323849
"33128","20074.16",33128,63441370,-0.71830281616757
"33129","20074.16",33129,63441638,0.207697638514282
"33130","20074.16",33130,63443323,-0.460630952332835
"33131","20074.16",33131,63444494,0.155161588619318
"33132","20074.16",33132,63445537,0.0514269896510742
"33133","20074.16",33133,63446418,0.26886347719478
"33134","20074.16",33134,63447783,-0.197161672493658
"33135","20074.16",33135,63448670,0.51933770302425
"33136","20074.16",33136,63453034,-0.295893963129205
"33137","20074.16",33137,63453402,0.15569379790142
"33138","20074.16",33138,63453431,0.454492859082454
"33139","20074.16",33139,63455993,-0.172401436943846
"33140","20074.16",33140,63456358,-1.70580857449825
"33141","20074.16",33141,63457855,-0.0919507357671554
"33142","20074.16",33142,63463101,-0.728441485052544
"33143","20074.16",33143,63466647,0.00546135993649077
"33144","20074.16",33144,63466893,0.0176090503540767
"33145","20074.16",33145,63470368,-0.544107628658931
"33146","20074.16",33146,63470727,0.118561251908995
"33147","20074.16",33147,63472123,0.594332650865888
"33148","20074.16",33148,63472161,0.918272055988965
"33149","20074.16",33149,63472649,0.500065766588221
"33150","20074.16",33150,63473072,-0.299678544044125
"33151","20074.16",33151,63473919,0.118726809813345
"33152","20074.16",33152,63476182,-0.42327898617198
"33153","20074.16",33153,63476324,0.353004147557324
"33154","20074.16",33154,63476702,-0.0601184304173428
"33155","20074.16",33155,63479249,0.709656671122407
"33156","20074.16",33156,63481886,-1.29673000417411
"33157","20074.16",33157,63483041,-0.713551711239401
"33158","20074.16",33158,63484178,0.597682130564169
"33159","20074.16",33159,63487347,-0.842612618649945
"33160","20074.16",33160,63487836,0.458179957625789
"33161","20074.16",33161,63490630,-0.538044967229249
"33162","20074.16",33162,63491956,0.718889447714179
"33163","20074.16",33163,63492577,-0.376812509667905
"33164","20074.16",33164,63493670,-0.420329573974498
"33165","20074.16",33165,63496015,-0.128582516289878
"33166","20074.16",33166,63500048,-0.33033046990372
"33167","20074.16",33167,63507316,0.237452073153621
"33168","20074.16",33168,63511411,0.225888344779094
"33169","20074.16",33169,63512216,0.479375934991649
"33170","20074.16",33170,63512562,0.172903865666068
"33171","20074.16",33171,63514432,0.388381179513734
"33172","20074.16",33172,63514713,-0.432921051771592
"33173","20074.16",33173,63516403,-1.33676436487982
"33174","20074.16",33174,63522360,-0.443182256246288
"33175","20074.16",33175,63522696,-0.294363752357852
"33176","20074.16",33176,63523883,-0.0547205374470927
"33177","20074.16",33177,63524329,-0.57185129271465
"33178","20074.16",33178,63527818,0.282107485014769
"33179","20074.16",33179,63527863,0.22977167580776
"33180","20074.16",33180,63528260,-0.72849951700676
"33181","20074.16",33181,63528415,0.48543179992186
"33182","20074.16",33182,63528828,-0.191353066973456
"33183","20074.16",33183,63533274,-0.740897767782754
"33184","20074.16",33184,63533915,-0.219087515612888
"33185","20074.16",33185,63533938,-0.0280315300634344
"33186","20074.16",33186,63534706,-0.65373049965829
"33187","20074.16",33187,63534723,0.3065023402317
"33188","20074.16",33188,63545956,0.76337752828528
"33189","20074.16",33189,63547494,0.359877345311514
"33190","20074.16",33190,63549875,0.168857024181975
"33191","20074.16",33191,63550259,-1.15360083445492
"33192","20074.16",33192,63550554,-0.936468798366092
"33193","20074.16",33193,63553695,-0.308046368132695
"33194","20074.16",33194,63555045,-0.74414347701061
"33195","20074.16",33195,63555196,0.450437489308173
"33196","20074.16",33196,63555427,-0.340372510113976
"33197","20074.16",33197,63555585,-0.282494317119896
"33198","20074.16",33198,63556466,0.31946402614467
"33199","20074.16",33199,63557610,0.0349593110780537
"33200","20074.16",33200,63557648,-0.714567563858108
"33201","20074.16",33201,63558061,1.22182915620738
"33202","20074.16",33202,63558208,0.797472117180066
"33203","20074.16",33203,63558281,0.657261783409196
"33204","20074.16",33204,63559463,-0.054920025881473
"33205","20074.16",33205,63559987,0.139163246869901
"33206","20074.16",33206,63560200,0.494354023663887
"33207","20074.16",33207,63560378,-0.964558560315958
"33208","20074.16",33208,63562709,-0.0997321210539415
"33209","20074.16",33209,63565004,-0.00458748967846478
"33210","20074.16",33210,63565958,-0.347459694071232
"33211","20074.16",33211,63566500,-0.290305255555239
"33212","20074.16",33212,63569097,-0.115292240957095
"33213","20074.16",33213,63570107,0.138463362519394
"33214","20074.16",33214,63570250,-0.561358106691561
"33215","20074.16",33215,63570487,-0.369208584032526
"33216","20074.16",33216,63571806,0.306593092574338
"33217","20074.16",33217,63573118,-0.147922219115095
"33218","20074.16",33218,63573848,-0.16780859965735
"33219","20074.16",33219,63574341,-0.0972456838479436
"33220","20074.16",33220,63574929,-1.48689019249056
"33221","20074.16",33221,63578020,-0.579901394012756
"33222","20074.16",33222,63578462,-0.458725356090538
"33223","20074.16",33223,63578678,0.41398117245942
"33224","20074.16",33224,63578714,0.291078305301995
"33225","20074.16",33225,63579201,0.00184330276812528
"33226","20074.16",33226,63579783,-0.344287151661192
"33227","20074.16",33227,63580572,-0.629256639805709
"33228","20074.16",33228,63582686,-0.600389954139765
"33229","20074.16",33229,63583652,0.224930528672288
"33230","20074.16",33230,63583675,-0.728199043451279
"33231","20074.16",33231,63586174,0.592622122109623
"33232","20074.16",33232,63587308,-0.772616616764016
"33233","20074.16",33233,63589065,-0.28353046574097
"33234","20074.16",33234,63590062,-0.397002929937109
"33235","20074.16",33235,63591118,0.952866160324846
"33236","20074.16",33236,63592825,-0.50256676029995
"33237","20074.16",33237,63593182,-0.0872322433867927
"33238","20074.16",33238,63593654,0.267548704518069
"33239","20074.16",33239,63593791,0.5091221103774
"33240","20074.16",33240,63594187,0.0189159848676823
"33241","20074.16",33241,63595192,-0.588394105103351
"33242","20074.16",33242,63595583,-0.0770926268528811
"33243","20074.16",33243,63599669,-0.26609963895435
"33244","20074.16",33244,63603581,0.193716570548628
"33245","20074.16",33245,63603755,-1.01082663231011
"33246","20074.16",33246,63604028,-0.0693698492516281
"33247","20074.16",33247,63604091,0.281249303472161
"33248","20074.16",33248,63604322,0.394164882324323
"33249","20074.16",33249,63605227,-0.45423397013548
"33250","20074.16",33250,63607148,-0.379643574271811
"33251","20074.16",33251,63609706,0.440753845064095
"33252","20074.16",33252,63609845,0.261875558760745
"33253","20074.16",33253,63613920,0.629334351006631
"33254","20074.16",33254,63614178,-0.0415546347311562
"33255","20074.16",33255,63616003,0.415197802170469
"33256","20074.16",33256,63618246,-0.671424972368063
"33257","20074.16",33257,63619511,-1.41774069247707
"33258","20074.16",33258,63620739,0.58649850657055
"33259","20074.16",33259,63622336,-0.767828790803511
"33260","20074.16",33260,63622695,-0.0192609046361181
"33261","20074.16",33261,63623213,0.227050294270098
"33262","20074.16",33262,63623497,-0.265834367798826
"33263","20074.16",33263,63623589,-0.494184787885377
"33264","20074.16",33264,63623993,0.159903136572725
"33265","20074.16",33265,63624290,0.0351426838966971
"33266","20074.16",33266,63625489,1.0018903552284
"33267","20074.16",33267,63625508,0.171403344573037
"33268","20074.16",33268,63626452,0.495100070554174
"33269","20074.16",33269,63627883,0.42428863713755
"33270","20074.16",33270,63630067,-0.00786028849619314
"33271","20074.16",33271,63630160,0.15766519201581
"33272","20074.16",33272,63633006,-0.0516262389649738
"33273","20074.16",33273,63633828,-0.454282119152123
"33274","20074.16",33274,63635580,0.102012859993425
"33275","20074.16",33275,63636320,0.651013104355408
"33276","20074.16",33276,63638598,-0.312482185041237
"33277","20074.16",33277,63639055,-0.251762818018014
"33278","20074.16",33278,63640380,1.08569586074955
"33279","20074.16",33279,63641099,-0.28888997505481
"33280","20074.16",33280,63643076,-0.61508258136848
"33281","20074.16",33281,63649307,0.378362976264698
"33282","20074.16",33282,63649913,-0.364541337057966
"33283","20074.16",33283,63656725,0.304851145977321
"33284","20074.16",33284,63657185,0.436043859885337
"33285","20074.16",33285,63657786,-0.325004922041694
"33286","20074.16",33286,63658627,0.382683172793777
"33287","20074.16",33287,63659176,-0.559349226298041
"33288","20074.16",33288,63662042,-0.455363527162863
"33289","20074.16",33289,63662082,0.0909581207901962
"33290","20074.16",33290,63662680,-0.004085897766541
"33291","20074.16",33291,63676226,-0.128010942758641
"33292","20074.16",33292,63679335,1.02774947997426
"33293","20074.16",33293,63679461,-0.432647641402054
"33294","20074.16",33294,63682496,-0.542171325961724
"33295","20074.16",33295,63682910,0.317916945964101
"33296","20074.16",33296,63687513,-0.223135182828254
"33297","20074.16",33297,63687533,0.355536446232146
"33298","20074.16",33298,63690189,-0.350269054775713
"33299","20074.16",33299,63690224,-0.816971317703267
"33300","20074.16",33300,63691132,-0.368116754204929
"33301","20074.16",33301,63691706,0.269154076827321
"33302","20074.16",33302,63694064,0.424164045659853
"33303","20074.16",33303,63694147,0.406451878849519
"33304","20074.16",33304,63694665,0.250412346601281
"33305","20074.16",33305,63698273,0.742451413050975
"33306","20074.16",33306,63700005,-0.145431938559696
"33307","20074.16",33307,63701635,-0.686833973732638
"33308","20074.16",33308,63701673,0.0301024292360266
"33309","20074.16",33309,63701899,-0.582626470957481
"33310","20074.16",33310,63703956,0.386244058791294
"33311","20074.16",33311,63709034,-0.662384112990585
"33312","20074.16",33312,63713742,0.50846526570681
"33313","20074.16",33313,63714072,0.381169637460675
"33314","20074.16",33314,63714115,0.753750182626312
"33315","20074.16",33315,63714342,-0.341486292349194
"33316","20074.16",33316,63715559,-0.0741780954611038
"33317","20074.16",33317,63715660,0.0796995788639334
"33318","20074.16",33318,63715869,-0.162622280546874
"33319","20074.16",33319,63716487,-0.63769312218956
"33320","20074.16",33320,63719039,-0.751043280800986
"33321","20074.16",33321,63719170,0.15155506105901
"33322","20074.16",33322,63725623,-0.123165254262398
"33323","20074.16",33323,63729091,0.199132130558709
"33324","20074.16",33324,63731276,-0.240194765119175
"33325","20074.16",33325,63736857,0.310515592053693
"33326","20074.16",33326,63737536,-0.0341892882137103
"33327","20074.16",33327,63738615,0.925183140954261
"33328","20074.16",33328,63741003,0.53200369534106
"33329","20074.16",33329,63741085,-1.43164566285283
"33330","20074.16",33330,63741751,-0.284007309659159
"33331","20074.16",33331,63742158,0.853308723205962
"33332","20074.16",33332,63742192,0.251901181661638
"33333","20074.16",33333,63742539,0.0812580450092177
"33334","20074.16",33334,63744946,-0.332401715323804
"33335","20074.16",33335,63746722,0.698391547198159
"33336","20074.16",33336,63748385,-0.392978336631806
"33337","20074.16",33337,63749901,-0.197509937574336
"33338","20074.16",33338,63749916,-0.158830400546899
"33339","20074.16",33339,63751083,0.354573703606008
"33340","20074.16",33340,63751555,-0.206728149907965
"33341","20074.16",33341,63751868,-0.597742389708566
"33342","20074.16",33342,63752338,-0.30005911100012
"33343","20074.16",33343,63754200,-0.525574309933582
"33344","20074.16",33344,63755250,-1.07607233888447
"33345","20074.16",33345,63755752,-0.83143126302161
"33346","20074.16",33346,63756204,0.247610184141331
"33347","20074.16",33347,63758205,-0.771153829051891
"33348","20074.16",33348,63758349,-0.508211418808843
"33349","20074.16",33349,63761309,0.286273643156361
"33350","20074.16",33350,63761460,-0.0303819112555992
"33351","20074.16",33351,63761950,0.235487810244811
"33352","20074.16",33352,63762347,0.284428828905701
"33353","20074.16",33353,63763066,0.445709569424197
"33354","20074.16",33354,63765541,-0.825979765329207
"33355","20074.16",33355,63766074,0.308658653621127
"33356","20074.16",33356,63767507,0.529513908864073
"33357","20074.16",33357,63767866,0.0891807672096618
"33358","20074.16",33358,63769815,-0.555114256180863
"33359","20074.16",33359,63770084,0.106308100433304
"33360","20074.16",33360,63770443,0.102403815850383
"33361","20074.16",33361,63778077,0.273764070442394
"33362","20074.16",33362,63778500,-0.172260823021811
"33363","20074.16",33363,63781053,-0.133898113307779
"33364","20074.16",33364,63781601,0.236628690329762
"33365","20074.16",33365,63782985,0.135382371913397
"33366","20074.16",33366,63784024,-0.0372258964583292
"33367","20074.16",33367,63784665,0.169963646574857
"33368","20074.16",33368,63784973,0.490949756420362
"33369","20074.16",33369,63785335,0.343029840324724
"33370","20074.16",33370,63786892,-0.143999802743102
"33371","20074.16",33371,63787356,-0.111375229843983
"33372","20074.16",33372,63787400,-0.0851082094793867
"33373","20074.16",33373,63787615,-0.715261378031022
"33374","20074.16",33374,63787963,-0.102838511614271
"33375","20074.16",33375,63793668,0.479322558475583
"33376","20074.16",33376,63795841,0.100819889615107
"33377","20074.16",33377,63797889,0.132352342818565
"33378","20074.16",33378,63799031,0.29257455038744
"33379","20074.16",33379,63799337,-0.575554912243178
"33380","20074.16",33380,63800093,0.238246214175745
"33381","20074.16",33381,63800528,0.252729135117222
"33382","20074.16",33382,63801537,0.758834528348124
"33383","20074.16",33383,63801826,0.472027173527588
"33384","20074.16",33384,63801927,0.232575274804912
"33385","20074.16",33385,63802549,0.480862458667498
"33386","20074.16",33386,63802574,-0.253521919477683
"33387","20074.16",33387,63806313,-0.263670820394307
"33388","20074.16",33388,63806719,-0.107522422688511
"33389","20074.16",33389,63810203,-0.0880521612843399
"33390","20074.16",33390,63810244,-0.302325455584589
"33391","20074.16",33391,63810544,-0.687103172133229
"33392","20074.16",33392,63811830,-0.107106505597464
"33393","20074.16",33393,63813183,0.00239326343517376
"33394","20074.16",33394,63813755,0.823834409538944
"33395","20074.16",33395,63813773,0.0945895753351849
"33396","20074.16",33396,63815356,-0.431265542802106
"33397","20074.16",33397,63816345,0.226422932293274
"33398","20074.16",33398,63817157,1.21871572646931
"33399","20074.16",33399,63818764,-0.498269132067662
"33400","20074.16",33400,63819067,-0.237821917481992
"33401","20074.16",33401,63819292,0.127409725320219
"33402","20074.16",33402,63822079,0.798000433075875
"33403","20074.16",33403,63822134,-0.783869475401707
"33404","20074.16",33404,63823678,0.60310787457001
"33405","20074.16",33405,63823753,0.204573640863412
"33406","20074.16",33406,63823789,-0.385816119771945
"33407","20074.16",33407,63824071,-1.29322750302392
"33408","20074.16",33408,63827329,-0.342733037538344
"33409","20074.16",33409,63827490,-0.0758985986213547
"33410","20074.16",33410,63827540,-0.149547545587203
"33411","20074.16",33411,63827608,0.185239205262446
"33412","20074.16",33412,63828331,0.0290005189755993
"33413","20074.16",33413,63829087,0.175495014442832
"33414","20074.16",33414,63832714,-1.6880627949137
"33415","20074.16",33415,63837914,0.216375948014385
"33416","20074.16",33416,63837992,0.607951241588789
"33417","20074.16",33417,63838120,-0.638716322840325
"33418","20074.16",33418,63840079,-1.38965578127732
"33419","20074.16",33419,63843369,-0.438725954745207
"33420","20074.16",33420,63843973,0.184564457532175
"33421","20074.16",33421,63844885,0.0825804411271731
"33422","20074.16",33422,63850223,-0.274510221266463
"33423","20074.16",33423,63853280,-1.13025307800008
"33424","20074.16",33424,63856374,0.800583689114881
"33425","20074.16",33425,63861244,-0.416097686244382
"33426","20074.16",33426,63861271,0.438409557563827
"33427","20074.16",33427,63861754,-0.750445005794282
"33428","20074.16",33428,63867131,-0.137266229570809
"33429","20074.16",33429,63868447,-0.209019427863656
"33430","20074.16",33430,63874831,0.264089744734439
"33431","20074.16",33431,63875353,-0.130131653818205
"33432","20074.16",33432,63876857,-0.2212561826028
"33433","20074.16",33433,63878059,0.153012181510026
"33434","20074.16",33434,63883878,0.568820630747383
"33435","20074.16",33435,63884562,-0.0172931635175155
"33436","20074.16",33436,63884682,-0.45393073840912
"33437","20074.16",33437,63884856,0.665917548433996
"33438","20074.16",33438,63885516,-0.641896950825439
"33439","20074.16",33439,63888239,0.623558420353056
"33440","20074.16",33440,63888552,-1.22936738435793
"33441","20074.16",33441,63889023,0.780277129473055
"33442","20074.16",33442,63889228,-0.393447256022262
"33443","20074.16",33443,63892431,-0.503776169147071
"33444","20074.16",33444,63892792,-0.383019965538135
"33445","20074.16",33445,63892885,0.00923628121708386
"33446","20074.16",33446,63892993,0.578479041701002
"33447","20074.16",33447,63893058,-0.033007379642612
"33448","20074.16",33448,63895458,-0.95943158161189
"33449","20074.16",33449,63895627,-0.0487676291918735
"33450","20074.16",33450,63896080,0.148734671769208
"33451","20074.16",33451,63896538,-0.0188981738827803
"33452","20074.16",33452,63897962,0.304825711995846
"33453","20074.16",33453,63901403,0.475526692763999
"33454","20074.16",33454,63904694,0.795193834086318
"33455","20074.16",33455,63904826,0.499462411094425
"33456","20074.16",33456,63905019,0.258324801886274
"33457","20074.16",33457,63905893,0.0442583396979348
"33458","20074.16",33458,63912134,0.392370972413407
"33459","20074.16",33459,63913690,-1.44242741859947
"33460","20074.16",33460,63914977,-0.3595726091399
"33461","20074.16",33461,63916098,0.768568743594421
"33462","20074.16",33462,63916387,0.14632956945975
"33463","20074.16",33463,63918471,0.0123227084393918
"33464","20074.16",33464,63923136,-0.524967067062073
"33465","20074.16",33465,63924937,1.19479826692457
"33466","20074.16",33466,63927119,0.123508444282796
"33467","20074.16",33467,63927187,0.21466840963908
"33468","20074.16",33468,63927811,-0.000454821519437765
"33469","20074.16",33469,63931657,-0.491597656557304
"33470","20074.16",33470,63933221,0.355600446531853
"33471","20074.16",33471,63943790,0.22031680647333
"33472","20074.16",33472,63944018,-0.827287440317518
"33473","20074.16",33473,63947031,0.132665324088486
"33474","20074.16",33474,63948327,-1.21649927978058
"33475","20074.16",33475,63948429,0.369119986369729
"33476","20074.16",33476,63949104,-0.0505099535596445
"33477","20074.16",33477,63949684,0.223398434224761
"33478","20074.16",33478,63951046,0.310562258522455
"33479","20074.16",33479,63951190,0.306988623811713
"33480","20074.16",33480,63953330,-0.315128376078917
"33481","20074.16",33481,63955447,1.29123406999209
"33482","20074.16",33482,63957069,-0.251150206492224
"33483","20074.16",33483,63957333,0.160641195030258
"33484","20074.16",33484,63960705,-0.985185005147803
"33485","20074.16",33485,63962556,0.573929644362544
"33486","20074.16",33486,63963550,0.577497148861471
"33487","20074.16",33487,63963839,-0.600495183813354
"33488","20074.16",33488,63964021,0.327380445329962
"33489","20074.16",33489,63967111,-0.194631657156168
"33490","20074.16",33490,63967945,-0.91152740502185
"33491","20074.16",33491,63968446,0.559904082178845
"33492","20074.16",33492,63968713,-0.3955348169268
"33493","20074.16",33493,63968865,-0.0952145014454349
"33494","20074.16",33494,63968937,-0.260893720486386
"33495","20074.16",33495,63973531,-0.520930501690171
"33496","20074.16",33496,63979190,-1.23140737619816
"33497","20074.16",33497,63979505,-0.229835690416984
"33498","20074.16",33498,63979991,-0.197052994515396
"33499","20074.16",33499,63980222,0.103010993850149
"33500","20074.16",33500,63981285,-1.00962325433503
"33501","20074.16",33501,63982935,0.243530277430424
"33502","20074.16",33502,63984529,-0.888701727693264
"33503","20074.16",33503,63985281,0.120876912540174
"33504","20074.16",33504,63989377,-0.493167561544635
"33505","20074.16",33505,63990136,-0.636872344286073
"33506","20074.16",33506,63990881,-0.547155307747418
"33507","20074.16",33507,63991874,0.768939875381183
"33508","20074.16",33508,63991970,0.499633070203141
"33509","20074.16",33509,63993912,-0.351765677253487
"33510","20074.16",33510,63994180,-0.0555509111509958
"33511","20074.16",33511,63995648,0.00284811154957509
"33512","20074.16",33512,63995780,-0.0232044578096424
"33513","20074.16",33513,63995884,-0.574637315571625
"33514","20074.16",33514,63998064,0.258372550612962
"33515","20074.16",33515,63998527,0.154115204476462
"33516","20074.16",33516,63999384,0.553760943010672
"33517","20074.16",33517,63999437,-0.361847982198271
"33518","20074.16",33518,63999640,0.530713771077536
"33519","20074.16",33519,64001173,0.105232012177813
"33520","20074.16",33520,64001705,-0.616258659746986
"33521","20074.16",33521,64003900,-0.192977839116582
"33522","20074.16",33522,64004123,0.444655598226249
"33523","20074.16",33523,64006604,-0.450330794445375
"33524","20074.16",33524,64007047,-2.18897573565627
"33525","20074.16",33525,64007708,0.6238910472311
"33526","20074.16",33526,64012330,-0.176741618949612
"33527","20074.16",33527,64012907,-0.226763139009927
"33528","20074.16",33528,64014002,0.385452574569384
"33529","20074.16",33529,64014139,0.794753406914595
"33530","20074.16",33530,64014207,0.457532168479969
"33531","20074.16",33531,64015211,0.381089111361843
"33532","20074.16",33532,64017176,0.201657402868147
"33533","20074.16",33533,64017601,-0.039971353976882
"33534","20074.16",33534,64027148,-0.291752493782129
"33535","20074.16",33535,64027542,0.846662944371924
"33536","20074.16",33536,64028518,-0.767882160659015
"33537","20074.16",33537,64028716,0.0151912889057071
"33538","20074.16",33538,64031281,-0.30901623533518
"33539","20074.16",33539,64039395,0.650449635681066
"33540","20074.16",33540,64039759,-0.529567561513132
"33541","20074.16",33541,64047513,-0.196979838527846
"33542","20074.16",33542,64047799,-1.39890289947151
"33543","20074.16",33543,64048828,0.277117037161079
"33544","20074.16",33544,64050773,0.398173402557341
"33545","20074.16",33545,64050789,0.193601147140453
"33546","20074.16",33546,64052211,-0.0992757192228169
"33547","20074.16",33547,64054243,-0.236475868556879
"33548","20074.16",33548,64057978,-0.671507029834574
"33549","20074.16",33549,64058047,-0.4361880071858
"33550","20074.16",33550,64063724,0.773179338849203
"33551","20074.16",33551,64063906,0.249096470920576
"33552","20074.16",33552,64064286,0.282596440499653
"33553","20074.16",33553,64064532,0.805255774371768
"33554","20074.16",33554,64065090,0.591382966817194
"33555","20074.16",33555,64066955,-0.760537063991062
"33556","20074.16",33556,64066955,0.0628183227588837
"33557","20074.16",33557,64067084,0.15655483521853
"33558","20074.16",33558,64067338,0.0611607063991855
"33559","20074.16",33559,64067989,0.427419107585551
"33560","20074.16",33560,64068004,-0.161289242042006
"33561","20074.16",33561,64068509,-0.0980507797499515
"33562","20074.16",33562,64068696,-0.119507877268892
"33563","20074.16",33563,64068732,0.91461355549319
"33564","20074.16",33564,64069918,-0.0672145144273388
"33565","20074.16",33565,64070766,-0.318877349116547
"33566","20074.16",33566,64072486,-0.183717306666523
"33567","20074.16",33567,64072858,0.277670088996268
"33568","20074.16",33568,64072876,0.223856773099046
"33569","20074.16",33569,64073794,-0.54079126726484
"33570","20074.16",33570,64073810,-0.759314596791501
"33571","20074.16",33571,64075746,0.356245307431746
"33572","20074.16",33572,64078633,-0.974688685793978
"33573","20074.16",33573,64079150,0.075689009517105
"33574","20074.16",33574,64081893,-0.41837856608798
"33575","20074.16",33575,64082446,0.574818016522546
"33576","20074.16",33576,64082610,-0.150322891367573
"33577","20074.16",33577,64082625,-1.2623792075929
"33578","20074.16",33578,64082652,0.416581865825205
"33579","20074.16",33579,64082779,0.703582568437954
"33580","20074.16",33580,64084627,-0.446428782438081
"33581","20074.16",33581,64084790,0.237971664983269
"33582","20074.16",33582,64084915,0.390213208924814
"33583","20074.16",33583,64085568,-0.755164117865422
"33584","20074.16",33584,64088267,0.0795855926330393
"33585","20074.16",33585,64088651,0.343377451619916
"33586","20074.16",33586,64090620,-1.10338110288486
"33587","20074.16",33587,64095495,-0.440994989283495
"33588","20074.16",33588,64095813,-0.177675676515582
"33589","20074.16",33589,64096728,-0.788715929852656
"33590","20074.16",33590,64097043,-0.502701780546664
"33591","20074.16",33591,64097356,0.359762341517157
"33592","20074.16",33592,64097382,0.60923171409604
"33593","20074.16",33593,64097383,0.902929391132202
"33594","20074.16",33594,64097588,0.612473217111668
"33595","20074.16",33595,64100578,-0.0686194715630073
"33596","20074.16",33596,64103750,-0.225030286057508
"33597","20074.16",33597,64103765,0.844876018867468
"33598","20074.16",33598,64113516,-0.834840430342622
"33599","20074.16",33599,64113855,0.543626558644951
"33600","20074.16",33600,64113924,-0.0744103881730389
"33601","20074.16",33601,64114163,0.104881990771656
"33602","20074.16",33602,64114197,-0.108515000507992
"33603","20074.16",33603,64114216,0.822594869892549
"33604","20074.16",33604,64120565,0.00995020234081512
"33605","20074.16",33605,64120773,0.67529724850681
"33606","20074.16",33606,64120927,-0.564969208333705
"33607","20074.16",33607,64121429,0.257830857917777
"33608","20074.16",33608,64122843,0.00171961795794928
"33609","20074.16",33609,64124217,0.565882335180578
"33610","20074.16",33610,64124575,0.375326196001018
"33611","20074.16",33611,64124936,-0.121316576168063
"33612","20074.16",33612,64124986,0.0093985461722541
"33613","20074.16",33613,64125224,1.13924763067359
"33614","20074.16",33614,64127532,-0.546649948755094
"33615","20074.16",33615,64127864,1.12676289169098
"33616","20074.16",33616,64133630,-0.260996925174964
"33617","20074.16",33617,64133842,-0.271628946026078
"33618","20074.16",33618,64134530,-0.30091562812447
"33619","20074.16",33619,64136242,0.123210551220126
"33620","20074.16",33620,64136895,0.311030711760632
"33621","20074.16",33621,64138456,-0.590678579947085
"33622","20074.16",33622,64138948,-0.395968775752428
"33623","20074.16",33623,64139132,-0.237416071837197
"33624","20074.16",33624,64139451,0.0148582592131881
"33625","20074.16",33625,64140265,0.0092783305029993
"33626","20074.16",33626,64140303,0.0134247304692501
"33627","20074.16",33627,64146042,-0.0669037210248069
"33628","20074.16",33628,64150657,-1.86134452178379
"33629","20074.16",33629,64150712,0.501313983419561
"33630","20074.16",33630,64151607,0.497509093308955
"33631","20074.16",33631,64152156,-0.0695090716212361
"33632","20074.16",33632,64153289,-0.614896125907952
"33633","20074.16",33633,64153969,-0.0287165460330394
"33634","20074.16",33634,64154799,0.892812585552366
"33635","20074.16",33635,64154824,0.0797388461025719
"33636","20074.16",33636,64155229,-0.20378493385159
"33637","20074.16",33637,64155243,-0.0107545141790695
"33638","20074.16",33638,64156212,-0.696237287078393
"33639","20074.16",33639,64156503,-0.299632049198087
"33640","20074.16",33640,64156691,0.134183401623669
"33641","20074.16",33641,64157817,0.506422616398045
"33642","20074.16",33642,64158346,0.358857670545262
"33643","20074.16",33643,64161410,-0.662684992861495
"33644","20074.16",33644,64161826,-0.926429287836759
"33645","20074.16",33645,64163240,-0.135456296024961
"33646","20074.16",33646,64165273,0.231540151936382
"33647","20074.16",33647,64169804,-0.262280890148567
"33648","20074.16",33648,64170152,-0.135237439182737
"33649","20074.16",33649,64170337,0.547707686799696
"33650","20074.16",33650,64171009,-0.449774984631591
"33651","20074.16",33651,64171084,-0.662334513358556
"33652","20074.16",33652,64171183,0.0428712807988161
"33653","20074.16",33653,64172424,-0.0616389092299263
"33654","20074.16",33654,64172734,-0.71438393640411
"33655","20074.16",33655,64172803,0.0823725360959324
"33656","20074.16",33656,64178844,-0.958991685526345
"33657","20074.16",33657,64179018,0.26082711849316
"33658","20074.16",33658,64181951,-0.130426835450801
"33659","20074.16",33659,64182455,0.278497413144335
"33660","20074.16",33660,64182548,-0.933507159253058
"33661","20074.16",33661,64186407,-0.545892683598368
"33662","20074.16",33662,64187172,-0.304234965940389
"33663","20074.16",33663,64192083,-0.0508347398715463
"33664","20074.16",33664,64192162,-0.176418083105032
"33665","20074.16",33665,64192878,-0.0930898180250441
"33666","20074.16",33666,64193875,0.102203846878056
"33667","20074.16",33667,64195877,-1.46104167190098
"33668","20074.16",33668,64196758,-0.203633608900861
"33669","20074.16",33669,64196917,0.82161124398288
"33670","20074.16",33670,64202377,-0.12613609803337
"33671","20074.16",33671,64204157,-1.25918606880422
"33672","20074.16",33672,64208802,0.0858671635246377
"33673","20074.16",33673,64209964,-0.245867196820325
"33674","20074.16",33674,64210547,0.149050219366932
"33675","20074.16",33675,64210708,-0.016051686625917
"33676","20074.16",33676,64213406,-0.00299177671180306
"33677","20074.16",33677,64214060,-0.682949537992076
"33678","20074.16",33678,64214629,0.27230059440103
"33679","20074.16",33679,64215084,0.423107662982795
"33680","20074.16",33680,64216026,0.898848457958977
"33681","20074.16",33681,64216718,0.10195213286294
"33682","20074.16",33682,64217103,0.226803487415455
"33683","20074.16",33683,64217181,0.0688219398006451
"33684","20074.16",33684,64222028,0.937407595361493
"33685","20074.16",33685,64222261,-0.513970709540134
"33686","20074.16",33686,64222623,0.174671041608424
"33687","20074.16",33687,64224201,-0.530763339215744
"33688","20074.16",33688,64226168,0.540582844895469
"33689","20074.16",33689,64226202,0.462974874843131
"33690","20074.16",33690,64227094,-0.1313559932283
"33691","20074.16",33691,64228304,0.793245111104597
"33692","20074.16",33692,64229026,-0.375064900650255
"33693","20074.16",33693,64230492,-0.00247553258563027
"33694","20074.16",33694,64231277,0.446964770978158
"33695","20074.16",33695,64232510,-0.747919356572002
"33696","20074.16",33696,64233137,-0.41476747603043
"33697","20074.16",33697,64235022,-0.270287444047189
"33698","20074.16",33698,64235024,-0.249074851431062
"33699","20074.16",33699,64236093,-0.16704748612944
"33700","20074.16",33700,64244587,0.250580884257341
"33701","20074.16",33701,64244978,0.252196353689755
"33702","20074.16",33702,64246394,0.511406358551928
"33703","20074.16",33703,64250057,0.593375668164032
"33704","20074.16",33704,64250100,0.0478072054759879
"33705","20074.16",33705,64250270,0.322757428048203
"33706","20074.16",33706,64250309,0.391385819438754
"33707","20074.16",33707,64250418,0.171597245701586
"33708","20074.16",33708,64250510,-0.715952616211049
"33709","20074.16",33709,64251121,-0.18594020604534
"33710","20074.16",33710,64251488,0.0906679183488563
"33711","20074.16",33711,64252685,-0.181139356889086
"33712","20074.16",33712,64254321,0.412029710668846
"33713","20074.16",33713,64254667,-0.146171235984215
"33714","20074.16",33714,64255014,-1.06742492979029
"33715","20074.16",33715,64256350,0.280022106186538
"33716","20074.16",33716,64257665,-0.457650902069176
"33717","20074.16",33717,64258766,-0.0141308625909708
"33718","20074.16",33718,64259225,0.469871837704578
"33719","20074.16",33719,64259390,-0.096855608854363
"33720","20074.16",33720,64259501,0.718384614956929
"33721","20074.16",33721,64261509,0.236326459405207
"33722","20074.16",33722,64261631,0.479541677483497
"33723","20074.16",33723,64262798,0.442771918533821
"33724","20074.16",33724,64264242,-0.292588707300949
"33725","20074.16",33725,64264797,-0.45602464191311
"33726","20074.16",33726,64267822,-0.229664470653583
"33727","20074.16",33727,64268150,0.126302458536856
"33728","20074.16",33728,64273149,0.171510136916901
"33729","20074.16",33729,64274572,-0.0152440090175796
"33730","20074.16",33730,64275559,0.348369822870743
"33731","20074.16",33731,64275654,0.70432234011606
"33732","20074.16",33732,64281149,0.853328257845734
"33733","20074.16",33733,64281609,0.091033318727165
"33734","20074.16",33734,64281926,-0.491475922854236
"33735","20074.16",33735,64282967,-0.745163467242584
"33736","20074.16",33736,64283953,0.0384388491358401
"33737","20074.16",33737,64287028,0.333015883977391
"33738","20074.16",33738,64290067,-0.196539871624307
"33739","20074.16",33739,64290094,-0.657371772385917
"33740","20074.16",33740,64290751,0.474813671454121
"33741","20074.16",33741,64291377,0.267974743551608
"33742","20074.16",33742,64292729,-0.313850278125161
"33743","20074.16",33743,64298727,-0.380767751006705
"33744","20074.16",33744,64298938,-0.478000713270188
"33745","20074.16",33745,64300211,0.0913655019721302
"33746","20074.16",33746,64302003,-1.29624947518958
"33747","20074.16",33747,64302367,0.00965085901665041
"33748","20074.16",33748,64302397,-0.346634545448285
"33749","20074.16",33749,64317634,0.0373912940602104
"33750","20074.16",33750,64318348,-0.340267320317554
"33751","20074.16",33751,64321768,-0.073621750563678
"33752","20074.16",33752,64324016,0.399715748337273
"33753","20074.16",33753,64324042,-1.16188492471638
"33754","20074.16",33754,64325376,-0.072766552299755
"33755","20074.16",33755,64325490,-0.951316925578233
"33756","20074.16",33756,64326532,0.887144110125411
"33757","20074.16",33757,64327067,-0.057498959109143
"33758","20074.16",33758,64331123,0.273623590140466
"33759","20074.16",33759,64331516,0.408207755563791
"33760","20074.16",33760,64331882,-0.575390787896678
"33761","20074.16",33761,64333981,0.105189428814243
"33762","20074.16",33762,64334286,-1.12397395024033
"33763","20074.16",33763,64334398,-1.01929817042384
"33764","20074.16",33764,64334676,-0.0305011953469583
"33765","20074.16",33765,64338081,-0.804459031226621
"33766","20074.16",33766,64339094,0.611061097272564
"33767","20074.16",33767,64339491,-0.757260466314175
"33768","20074.16",33768,64340208,-0.616451221997084
"33769","20074.16",33769,64340372,0.67992447000143
"33770","20074.16",33770,64341978,-0.864877125887102
"33771","20074.16",33771,64345345,0.430349416016793
"33772","20074.16",33772,64356508,0.51360495712727
"33773","20074.16",33773,64361818,0.195437967103037
"33774","20074.16",33774,64362094,1.09156018624391
"33775","20074.16",33775,64362195,0.197781443050849
"33776","20074.16",33776,64364103,1.03474979137437
"33777","20074.16",33777,64365361,-0.299244215467503
"33778","20074.16",33778,64365819,0.655508551374413
"33779","20074.16",33779,64367387,-0.273984535518547
"33780","20074.16",33780,64367654,0.699004905744045
"33781","20074.16",33781,64368189,0.148050109630334
"33782","20074.16",33782,64368228,-0.75611747567394
"33783","20074.16",33783,64376712,-0.156882495865258
"33784","20074.16",33784,64377201,-0.543035565712488
"33785","20074.16",33785,64377525,-0.125904307759038
"33786","20074.16",33786,64379597,-0.62072734083945
"33787","20074.16",33787,64380378,-0.299257000696165
"33788","20074.16",33788,64380837,1.08313112842
"33789","20074.16",33789,64382817,-0.44490759287022
"33790","20074.16",33790,64384869,0.435995518639531
"33791","20074.16",33791,64388648,0.102949865069643
"33792","20074.16",33792,64390146,1.03445959386657
"33793","20074.16",33793,64390567,-1.43120809821729
"33794","20074.16",33794,64390942,-0.655306112803815
"33795","20074.16",33795,64394140,0.495063298020384
"33796","20074.16",33796,64394551,-0.541685431981217
"33797","20074.16",33797,64397522,-0.273912604515004
"33798","20074.16",33798,64397975,0.429459881133684
"33799","20074.16",33799,64399041,-0.534815454663755
"33800","20074.16",33800,64400590,-0.566382989311846
"33801","20074.16",33801,64400752,-0.250564409495278
"33802","20074.16",33802,64401274,0.226486016424733
"33803","20074.16",33803,64402276,-0.0559154014570558
"33804","20074.16",33804,64403206,0.962355717069715
"33805","20074.16",33805,64403261,0.127074451558987
"33806","20074.16",33806,64403920,0.98056867946828
"33807","20074.16",33807,64406145,-0.0476958169356712
"33808","20074.16",33808,64406611,0.21201011409366
"33809","20074.16",33809,64409664,-0.203492354560517
"33810","20074.16",33810,64409907,-0.696540988507186
"33811","20074.16",33811,64411944,-0.247634161647566
"33812","20074.16",33812,64414268,0.838669652313357
"33813","20074.16",33813,64415482,0.419578156288034
"33814","20074.16",33814,64415558,-0.168961215574035
"33815","20074.16",33815,64415848,-0.582193734701943
"33816","20074.16",33816,64416144,-1.14203993272228
"33817","20074.16",33817,64418766,-0.361349583441803
"33818","20074.16",33818,64419509,0.42776180847419
"33819","20074.16",33819,64419676,-0.460421378134123
"33820","20074.16",33820,64420330,0.528241385935236
"33821","20074.16",33821,64422357,0.0360423229521958
"33822","20074.16",33822,64422393,0.466407181016403
"33823","20074.16",33823,64422841,-0.729881955812829
"33824","20074.16",33824,64423413,0.420828280159687
"33825","20074.16",33825,64427247,-0.350507384283385
"33826","20074.16",33826,64428187,-0.931104560979964
"33827","20074.16",33827,64428440,-1.25290524347249
"33828","20074.16",33828,64430766,0.326036752406366
"33829","20074.16",33829,64431812,0.268373733272752
"33830","20074.16",33830,64432223,-1.1754138129001
"33831","20074.16",33831,64434375,0.110252764157428
"33832","20074.16",33832,64434561,-0.00228567932587964
"33833","20074.16",33833,64434771,-0.423898734929127
"33834","20074.16",33834,64434852,-0.234874121868833
"33835","20074.16",33835,64442460,0.101782578616097
"33836","20074.16",33836,64443229,0.114523722516274
"33837","20074.16",33837,64447003,0.287254140267195
"33838","20074.16",33838,64448123,0.559418168843442
"33839","20074.16",33839,64449204,-0.330816019927599
"33840","20074.16",33840,64451377,0.0686750961555003
"33841","20074.16",33841,64451748,-0.461751772550282
"33842","20074.16",33842,64452054,0.336551752707469
"33843","20074.16",33843,64454026,-0.567884052341451
"33844","20074.16",33844,64454470,-0.102604961937298
"33845","20074.16",33845,64455220,-0.639131025650075
"33846","20074.16",33846,64455634,0.09167447402419
"33847","20074.16",33847,64455813,0.839709942776435
"33848","20074.16",33848,64455827,0.743274835824887
"33849","20074.16",33849,64459042,-0.770433154127905
"33850","20074.16",33850,64459581,0.618996261337927
"33851","20074.16",33851,64459622,0.427510661897997
"33852","20074.16",33852,64459646,0.837238296864107
"33853","20074.16",33853,64460864,-0.0255541075808496
"33854","20074.16",33854,64463085,-0.492760736923283
"33855","20074.16",33855,64463123,-1.23194583292108
"33856","20074.16",33856,64463154,-0.271175549711712
"33857","20074.16",33857,64463355,0.788020056117982
"33858","20074.16",33858,64465523,-1.81376515557251
"33859","20074.16",33859,64469164,-0.176601004777245
"33860","20074.16",33860,64469299,0.407758297919282
"33861","20074.16",33861,64469502,-0.163565109686441
"33862","20074.16",33862,64475113,0.344725585092646
"33863","20074.16",33863,64475841,-1.18510209661191
"33864","20074.16",33864,64476901,-0.612064794558858
"33865","20074.16",33865,64478226,-0.151141001714428
"33866","20074.16",33866,64478533,0.630514182396692
"33867","20074.16",33867,64479769,-0.406168332422308
"33868","20074.16",33868,64480946,-0.603549719345709
"33869","20074.16",33869,64482569,-0.236012937016435
"33870","20074.16",33870,64484861,0.284995673194362
"33871","20074.16",33871,64485230,0.21295522453834
"33872","20074.16",33872,64485520,0.183195322470491
"33873","20074.16",33873,64485886,-0.65975450463949
"33874","20074.16",33874,64487405,0.6956910254189
"33875","20074.16",33875,64487430,0.0359522059903679
"33876","20074.16",33876,64487444,0.363576532286587
"33877","20074.16",33877,64487616,-0.0472329195988976
"33878","20074.16",33878,64487715,0.971513293732484
"33879","20074.16",33879,64491686,0.293568470282808
"33880","20074.16",33880,64492246,-0.0827462209304368
"33881","20074.16",33881,64492581,0.343081406512876
"33882","20074.16",33882,64492992,0.841568119112389
"33883","20074.16",33883,64493335,0.454528200080813
"33884","20074.16",33884,64493526,0.321130989662749
"33885","20074.16",33885,64496657,0.363459340831326
"33886","20074.16",33886,64498979,0.178463079947005
"33887","20074.16",33887,64499241,0.526599544557764
"33888","20074.16",33888,64508623,0.470018962521517
"33889","20074.16",33889,64508665,1.06238831592496
"33890","20074.16",33890,64508707,0.152175222828236
"33891","20074.16",33891,64509054,1.00717038973218
"33892","20074.16",33892,64510608,1.4008516710236
"33893","20074.16",33893,64511042,-1.17079152263795
"33894","20074.16",33894,64511117,0.705569477060563
"33895","20074.16",33895,64511272,0.179029728279151
"33896","20074.16",33896,64512167,-0.349741561813989
"33897","20074.16",33897,64512592,0.291605893206065
"33898","20074.16",33898,64512827,0.681517855675435
"33899","20074.16",33899,64514442,-0.169948907592469
"33900","20074.16",33900,64514661,0.150323391449653
"33901","20074.16",33901,64515400,0.252621686183303
"33902","20074.16",33902,64515624,0.42905754733655
"33903","20074.16",33903,64516007,0.0658054477699057
"33904","20074.16",33904,64516082,0.272923004864043
"33905","20074.16",33905,64516740,-0.428242719071312
"33906","20074.16",33906,64516970,-0.487015515058014
"33907","20074.16",33907,64517593,0.299367017756544
"33908","20074.16",33908,64518180,-0.444743850952697
"33909","20074.16",33909,64518335,0.55223259600037
"33910","20074.16",33910,64518381,-0.219787488145587
"33911","20074.16",33911,64518662,0.66811638785494
"33912","20074.16",33912,64518755,1.05930588729754
"33913","20074.16",33913,64519086,0.151263426054864
"33914","20074.16",33914,64519335,-0.299069442809
"33915","20074.16",33915,64519795,0.894056468790114
"33916","20074.16",33916,64520208,-0.677482110655505
"33917","20074.16",33917,64528492,0.16786798286015
"33918","20074.16",33918,64528828,0.319233702168035
"33919","20074.16",33919,64532071,-0.651804656074135
"33920","20074.16",33920,64532661,-0.275569115456012
"33921","20074.16",33921,64533034,0.322115814355285
"33922","20074.16",33922,64534979,0.663879821677265
"33923","20074.16",33923,64536075,0.13590955620477
"33924","20074.16",33924,64541080,-0.25520068186977
"33925","20074.16",33925,64541461,0.988171256182581
"33926","20074.16",33926,64541668,-0.127220210212991
"33927","20074.16",33927,64544410,0.661298517772779
"33928","20074.16",33928,64547415,-0.227460037763787
"33929","20074.16",33929,64551154,0.0673142124737698
"33930","20074.16",33930,64551465,0.327432209334614
"33931","20074.16",33931,64552162,0.640011101189791
"33932","20074.16",33932,64552554,-0.183411663860855
"33933","20074.16",33933,64553333,-0.441039518650072
"33934","20074.16",33934,64554587,0.77835241709135
"33935","20074.16",33935,64554640,0.396869207608597
"33936","20074.16",33936,64554737,-0.242530648338517
"33937","20074.16",33937,64554880,0.932342177634651
"33938","20074.16",33938,64555088,0.121945829695338
"33939","20074.16",33939,64555174,0.511730031108818
"33940","20074.16",33940,64556408,0.0745521400983868
"33941","20074.16",33941,64559131,0.256492041329607
"33942","20074.16",33942,64559136,0.242900681486607
"33943","20074.16",33943,64565612,0.336450046375526
"33944","20074.16",33944,64565932,-0.010791889873599
"33945","20074.16",33945,64566374,-0.0615069986687278
"33946","20074.16",33946,64567174,-0.437911760910591
"33947","20074.16",33947,64569225,-0.345014803811703
"33948","20074.16",33948,64571122,-0.133038137527808
"33949","20074.16",33949,64573939,-0.574866332346872
"33950","20074.16",33950,64575149,0.859947595924402
"33951","20074.16",33951,64575558,0.296484421499835
"33952","20074.16",33952,64577392,0.340712132487128
"33953","20074.16",33953,64577631,0.0927794072977655
"33954","20074.16",33954,64578370,-0.433648184159432
"33955","20074.16",33955,64578777,-0.0492724118466246
"33956","20074.16",33956,64579940,0.00986125430348928
"33957","20074.16",33957,64581930,-0.158463428469686
"33958","20074.16",33958,64582193,-0.195539283254338
"33959","20074.16",33959,64582251,0.510425511350641
"33960","20074.16",33960,64582562,-0.157103344292276
"33961","20074.16",33961,64582611,-0.11877888900215
"33962","20074.16",33962,64583033,-0.0125290695422038
"33963","20074.16",33963,64583266,0.087482717478955
"33964","20074.16",33964,64583286,0.0911525557034292
"33965","20074.16",33965,64583637,0.456401597908108
"33966","20074.16",33966,64588761,0.316919080899564
"33967","20074.16",33967,64588881,0.825057802198624
"33968","20074.16",33968,64589374,0.616275228608168
"33969","20074.16",33969,64593072,-0.91889771915687
"33970","20074.16",33970,64593274,0.711008473066944
"33971","20074.16",33971,64593450,0.577979604344928
"33972","20074.16",33972,64593478,0.327760272955438
"33973","20074.16",33973,64598574,0.555579883033288
"33974","20074.16",33974,64598684,-0.642167545681803
"33975","20074.16",33975,64599047,0.182207237401846
"33976","20074.16",33976,64603192,0.331709011728548
"33977","20074.16",33977,64606777,-0.382541950749768
"33978","20074.16",33978,64609707,-0.286439294190072
"33979","20074.16",33979,64610296,0.51994934464206
"33980","20074.16",33980,64610513,0.143419772901693
"33981","20074.16",33981,64610605,-1.29724419793214
"33982","20074.16",33982,64613858,-0.280999613666282
"33983","20074.16",33983,64614407,-0.331657956941354
"33984","20074.16",33984,64614593,0.810130294622444
"33985","20074.16",33985,64618665,0.705614976837457
"33986","20074.16",33986,64618739,0.695939900365018
"33987","20074.16",33987,64619679,-0.574918454454491
"33988","20074.16",33988,64619964,0.108709227685158
"33989","20074.16",33989,64621020,-0.122168649042642
"33990","20074.16",33990,64627408,-0.298678085885286
"33991","20074.16",33991,64627722,-0.145000103123803
"33992","20074.16",33992,64630431,0.383463262649767
"33993","20074.16",33993,64632253,0.283206945018503
"33994","20074.16",33994,64632267,-0.33473405217975
"33995","20074.16",33995,64636513,0.412102948296563
"33996","20074.16",33996,64637907,0.0760837043379086
"33997","20074.16",33997,64638306,-0.289798928496352
"33998","20074.16",33998,64641237,-0.0820582278107702
"33999","20074.16",33999,64643583,-0.599141508457955
"34000","20074.16",34000,64648577,-0.288337251890591
"34001","20074.16",34001,64649636,-0.108737891573561
"34002","20074.16",34002,64651800,-0.0893921262885362
"34003","20074.16",34003,64660493,0.297378092387194
"34004","20074.16",34004,64660538,-0.00192708512169126
"34005","20074.16",34005,64662522,0.329553826646429
"34006","20074.16",34006,64662924,-0.941927343299326
"34007","20074.16",34007,64663119,-0.0676576544989604
"34008","20074.16",34008,64665142,-0.250873781242406
"34009","20074.16",34009,64668935,0.150308769870987
"34010","20074.16",34010,64669126,0.0493058378672595
"34011","20074.16",34011,64669199,0.511368926194522
"34012","20074.16",34012,64669301,0.201564601916715
"34013","20074.16",34013,64671417,0.916716257470461
"34014","20074.16",34014,64671554,-0.715277703732789
"34015","20074.16",34015,64671561,-0.0200000465289003
"34016","20074.16",34016,64673817,-0.471022374971239
"34017","20074.16",34017,64678790,-0.474220953472796
"34018","20074.16",34018,64685389,-0.0392170856621989
"34019","20074.16",34019,64687907,0.463381174268394
"34020","20074.16",34020,64689213,-0.439210934087792
"34021","20074.16",34021,64689420,-1.08301220374296
"34022","20074.16",34022,64692224,-0.450611093321915
"34023","20074.16",34023,64693028,0.389015233739648
"34024","20074.16",34024,64693042,1.33063102244556
"34025","20074.16",34025,64695356,0.525567813861845
"34026","20074.16",34026,64695743,-0.500630136630992
"34027","20074.16",34027,64700082,0.0225012514914873
"34028","20074.16",34028,64700368,-0.0729331612032373
"34029","20074.16",34029,64700803,-0.229604897133893
"34030","20074.16",34030,64701066,-0.538790309923685
"34031","20074.16",34031,64703157,-0.501633692219342
"34032","20074.16",34032,64703567,-0.382256002423106
"34033","20074.16",34033,64712418,-0.627919492004171
"34034","20074.16",34034,64714630,-0.155624126381413
"34035","20074.16",34035,64716851,0.312816992049487
"34036","20074.16",34036,64718135,-0.639569129526703
"34037","20074.16",34037,64718628,-0.501217418600951
"34038","20074.16",34038,64721605,-0.210237793792482
"34039","20074.16",34039,64722201,-0.0699202614658523
"34040","20074.16",34040,64722315,0.0153255545521933
"34041","20074.16",34041,64722809,0.213922298888785
"34042","20074.16",34042,64727656,-0.658494335445992
"34043","20074.16",34043,64728097,-0.123414041558441
"34044","20074.16",34044,64729689,0.300157205848875
"34045","20074.16",34045,64729743,0.403125506588915
"34046","20074.16",34046,64729905,-0.268373929648588
"34047","20074.16",34047,64730789,0.254842469566376
"34048","20074.16",34048,64731013,0.356264951813716
"34049","20074.16",34049,64732470,-1.97850099024027
"34050","20074.16",34050,64735316,-0.96571381625593
"34051","20074.16",34051,64737035,0.30621541689507
"34052","20074.16",34052,64737498,0.772591248166942
"34053","20074.16",34053,64739225,-0.246744633163351
"34054","20074.16",34054,64739580,-0.88549044364938
"34055","20074.16",34055,64740997,-0.0710445028937574
"34056","20074.16",34056,64742459,-1.06113832765856
"34057","20074.16",34057,64742838,-0.898290247902845
"34058","20074.16",34058,64748241,-0.586619126830323
"34059","20074.16",34059,64748469,0.597014132748289
"34060","20074.16",34060,64753924,0.254416061358248
"34061","20074.16",34061,64754883,-0.22326087760228
"34062","20074.16",34062,64756103,0.195612517510212
"34063","20074.16",34063,64760537,0.543437408224691
"34064","20074.16",34064,64760796,0.823060364765932
"34065","20074.16",34065,64760841,0.634579222605541
"34066","20074.16",34066,64763250,-0.546062725258247
"34067","20074.16",34067,64764017,-0.178338875052448
"34068","20074.16",34068,64764815,-0.781427091807148
"34069","20074.16",34069,64764984,-0.16861734314302
"34070","20074.16",34070,64767947,-0.400711448606057
"34071","20074.16",34071,64769024,0.493152363397413
"34072","20074.16",34072,64769332,0.93016815960319
"34073","20074.16",34073,64771286,-0.198884781718053
"34074","20074.16",34074,64775069,0.256516554424226
"34075","20074.16",34075,64777229,-0.0476682761831366
"34076","20074.16",34076,64777278,0.542207740364486
"34077","20074.16",34077,64777382,0.0340075245545108
"34078","20074.16",34078,64782260,-0.70916793243599
"34079","20074.16",34079,64782613,-0.260330716420196
"34080","20074.16",34080,64782851,-0.80685706486916
"34081","20074.16",34081,64786700,-1.49904956074368
"34082","20074.16",34082,64787931,-0.234199883918385
"34083","20074.16",34083,64789209,-0.372173154121233
"34084","20074.16",34084,64791944,0.266212963334859
"34085","20074.16",34085,64792276,0.0133988219201493
"34086","20074.16",34086,64792299,0.367840451487379
"34087","20074.16",34087,64792813,0.564840929195783
"34088","20074.16",34088,64795095,-0.0566819235338576
"34089","20074.16",34089,64796139,1.02026393256123
"34090","20074.16",34090,64796881,0.011668086049947
"34091","20074.16",34091,64799821,0.360978001238117
"34092","20074.16",34092,64800167,0.370241569734016
"34093","20074.16",34093,64800234,0.110123277344538
"34094","20074.16",34094,64801738,0.449443490450718
"34095","20074.16",34095,64803805,0.403217029945609
"34096","20074.16",34096,64807455,1.15690710009563
"34097","20074.16",34097,64807586,-0.188873425682153
"34098","20074.16",34098,64808653,-1.00315366790902
"34099","20074.16",34099,64811050,0.0302035971999555
"34100","20074.16",34100,64813609,-0.0377717514845646
"34101","20074.16",34101,64813858,0.497760004186058
"34102","20074.16",34102,64814098,-0.344497968048882
"34103","20074.16",34103,64816064,0.919209234623298
"34104","20074.16",34104,64816717,-0.02583478425134
"34105","20074.16",34105,64818343,-0.220733154398773
"34106","20074.16",34106,64821254,0.34525736485704
"34107","20074.16",34107,64821351,0.0958732506583804
"34108","20074.16",34108,64822956,-0.567753648526002
"34109","20074.16",34109,64824133,-0.76403560962015
"34110","20074.16",34110,64825472,0.169855644165413
"34111","20074.16",34111,64825766,0.21872797857896
"34112","20074.16",34112,64825848,-0.241862051395874
"34113","20074.16",34113,64826464,0.426040463967621
"34114","20074.16",34114,64828542,0.343931804396377
"34115","20074.16",34115,64829152,-0.667270746266439
"34116","20074.16",34116,64829663,0.416840781191936
"34117","20074.16",34117,64830292,0.554917126051335
"34118","20074.16",34118,64832819,-1.91000580555774
"34119","20074.16",34119,64833220,-0.654534591825064
"34120","20074.16",34120,64835309,-0.604455563099272
"34121","20074.16",34121,64839865,-0.154602981108273
"34122","20074.16",34122,64840354,-0.978537426361105
"34123","20074.16",34123,64840951,-0.555335199117112
"34124","20074.16",34124,64841317,-0.78574155544525
"34125","20074.16",34125,64842754,-0.162662470482506
"34126","20074.16",34126,64847668,0.541881666128011
"34127","20074.16",34127,64847786,-0.303417008791538
"34128","20074.16",34128,64848290,-0.0524131456985772
"34129","20074.16",34129,64848690,-0.460482209000549
"34130","20074.16",34130,64851730,0.146282725197254
"34131","20074.16",34131,64851970,0.257524572592092
"34132","20074.16",34132,64857840,0.18802599352767
"34133","20074.16",34133,64858046,-0.0466634008805062
"34134","20074.16",34134,64859061,0.167028016446253
"34135","20074.16",34135,64859082,0.0229139560872564
"34136","20074.16",34136,64860691,0.208377726176507
"34137","20074.16",34137,64860966,0.575720389367357
"34138","20074.16",34138,64862262,-0.0908773338627187
"34139","20074.16",34139,64862438,-0.273774484542092
"34140","20074.16",34140,64863371,-0.480358052064944
"34141","20074.16",34141,64870700,0.207338578492704
"34142","20074.16",34142,64870834,0.603917378963025
"34143","20074.16",34143,64871527,0.312759188179625
"34144","20074.16",34144,64871622,-0.373398487227536
"34145","20074.16",34145,64872227,0.662329020949138
"34146","20074.16",34146,64872432,0.987547393932064
"34147","20074.16",34147,64872453,-1.12741913631453
"34148","20074.16",34148,64876677,-0.325539743967552
"34149","20074.16",34149,64877700,0.0554426673972461
"34150","20074.16",34150,64877789,-0.097454451290619
"34151","20074.16",34151,64877851,0.54298274550717
"34152","20074.16",34152,64879649,0.667061968152932
"34153","20074.16",34153,64879846,-0.618684566780008
"34154","20074.16",34154,64880318,-1.04906514532487
"34155","20074.16",34155,64882492,-0.59559501335484
"34156","20074.16",34156,64883034,0.636619444275975
"34157","20074.16",34157,64884933,-0.267469115741101
"34158","20074.16",34158,64885901,0.785668033337156
"34159","20074.16",34159,64890061,0.214007410727222
"34160","20074.16",34160,64890073,-0.319153841738636
"34161","20074.16",34161,64890848,-0.652003121580793
"34162","20074.16",34162,64892703,0.654463402951893
"34163","20074.16",34163,64893771,-0.412749086404464
"34164","20074.16",34164,64896780,0.451134487719464
"34165","20074.16",34165,64896928,-1.19406834328611
"34166","20074.16",34166,64897103,0.654303154096907
"34167","20074.16",34167,64897305,-0.318800999636514
"34168","20074.16",34168,64897655,0.733127104551826
"34169","20074.16",34169,64897869,0.178339059368289
"34170","20074.16",34170,64897948,-0.780673532715424
"34171","20074.16",34171,64898157,-0.249305416473926
"34172","20074.16",34172,64903447,-0.0682161755395665
"34173","20074.16",34173,64903622,-0.288421963957489
"34174","20074.16",34174,64904055,-0.278001444210891
"34175","20074.16",34175,64904590,-0.523137677917407
"34176","20074.16",34176,64905990,0.705250372265312
"34177","20074.16",34177,64906207,-0.0161536956461452
"34178","20074.16",34178,64911012,-0.334288287296636
"34179","20074.16",34179,64912092,0.173019440262468
"34180","20074.16",34180,64915123,-0.268993331975048
"34181","20074.16",34181,64915459,-0.47119977902921
"34182","20074.16",34182,64916248,-0.105103259427709
"34183","20074.16",34183,64916648,0.276534957439996
"34184","20074.16",34184,64916841,-0.294600300218356
"34185","20074.16",34185,64920411,-0.301633513146086
"34186","20074.16",34186,64920476,0.318885478426002
"34187","20074.16",34187,64922471,-0.212470812581559
"34188","20074.16",34188,64922580,-0.149717335128913
"34189","20074.16",34189,64925848,-0.355577805886364
"34190","20074.16",34190,64925933,0.327763718560001
"34191","20074.16",34191,64926285,-0.184424932167601
"34192","20074.16",34192,64926432,-0.359149877291458
"34193","20074.16",34193,64927215,0.133016633478484
"34194","20074.16",34194,64929024,0.275587256706214
"34195","20074.16",34195,64929113,-1.06744305680079
"34196","20074.16",34196,64931381,-0.0897189564334218
"34197","20074.16",34197,64932140,-0.336742695969725
"34198","20074.16",34198,64932752,-0.197187881773721
"34199","20074.16",34199,64936942,-0.634563102446688
"34200","20074.16",34200,64936957,-0.364986650847976
"34201","20074.16",34201,64937273,0.11420036372544
"34202","20074.16",34202,64937713,-0.198576916017878
"34203","20074.16",34203,64939128,-0.212092226145704
"34204","20074.16",34204,64939824,0.332119116675941
"34205","20074.16",34205,64940154,-0.449707237137988
"34206","20074.16",34206,64940251,-0.780533270437783
"34207","20074.16",34207,64942344,0.537324263354429
"34208","20074.16",34208,64942456,0.476326981577045
"34209","20074.16",34209,64942563,-0.336487419624523
"34210","20074.16",34210,64944224,-0.179539106725559
"34211","20074.16",34211,64944613,-0.423038963631394
"34212","20074.16",34212,64944972,0.382423211446928
"34213","20074.16",34213,64945014,0.125724249045516
"34214","20074.16",34214,64946388,0.041328677427714
"34215","20074.16",34215,64952235,-0.644120676300123
"34216","20074.16",34216,64952541,0.267748745294644
"34217","20074.16",34217,64952661,-0.486009577902594
"34218","20074.16",34218,64954779,0.314138573986294
"34219","20074.16",34219,64954937,0.450543123062224
"34220","20074.16",34220,64955164,0.00196036730199012
"34221","20074.16",34221,64955205,0.356045433061273
"34222","20074.16",34222,64956206,-0.42403645830454
"34223","20074.16",34223,64956413,-0.266595721047328
"34224","20074.16",34224,64956898,0.00677891354310756
"34225","20074.16",34225,64957014,0.0594080857282568
"34226","20074.16",34226,64957221,0.713185654122804
"34227","20074.16",34227,64958268,-0.144021203312752
"34228","20074.16",34228,64958642,0.386607050650041
"34229","20074.16",34229,64958672,1.01576991779155
"34230","20074.16",34230,64959051,0.1541039687264
"34231","20074.16",34231,64962522,0.478902928818969
"34232","20074.16",34232,64962648,0.137113867883954
"34233","20074.16",34233,64962752,0.392282315786493
"34234","20074.16",34234,64965117,-0.146450973795599
"34235","20074.16",34235,64965231,-0.454022706743305
"34236","20074.16",34236,64965541,-1.41465312049188
"34237","20074.16",34237,64966235,0.536948925160133
"34238","20074.16",34238,64969600,-0.304135477075204
"34239","20074.16",34239,64971318,-0.175973831277829
"34240","20074.16",34240,64971479,0.139506487935451
"34241","20074.16",34241,64971705,-0.76049851670843
"34242","20074.16",34242,64972164,-0.140052730978677
"34243","20074.16",34243,64975148,-0.328721124133624
"34244","20074.16",34244,64975201,0.234398047179393
"34245","20074.16",34245,64975556,0.0525674712806588
"34246","20074.16",34246,64977853,0.418073108550675
"34247","20074.16",34247,64979297,1.44540408815974
"34248","20074.16",34248,64979597,0.33656129762836
"34249","20074.16",34249,64981098,-0.187439909234161
"34250","20074.16",34250,64982336,-0.263256849510274
"34251","20074.16",34251,64983881,-1.13325020850326
"34252","20074.16",34252,64983881,-0.713850081749011
"34253","20074.16",34253,64984788,-0.645153001341338
"34254","20074.16",34254,64986233,-0.00455604970966217
"34255","20074.16",34255,64986282,-0.525987338886296
"34256","20074.16",34256,64987537,0.300923385438682
"34257","20074.16",34257,64988069,-1.22852921356981
"34258","20074.16",34258,64988963,-0.296232899128314
"34259","20074.16",34259,64990187,0.524326828986982
"34260","20074.16",34260,64990771,-0.0329640455568825
"34261","20074.16",34261,64991241,-0.5078082904965
"34262","20074.16",34262,64993618,-0.0190335025438699
"34263","20074.16",34263,64993953,-0.455446672809813
"34264","20074.16",34264,65004496,0.187407145985887
"34265","20074.16",34265,65009277,-0.0899010731727161
"34266","20074.16",34266,65009886,-0.243912667436494
"34267","20074.16",34267,65011213,0.803193430919644
"34268","20074.16",34268,65012396,0.286476065014495
"34269","20074.16",34269,65014462,-0.27460781724498
"34270","20074.16",34270,65014692,-0.828302847916775
"34271","20074.16",34271,65014865,0.265000182111852
"34272","20074.16",34272,65014909,-0.688514508943834
"34273","20074.16",34273,65014909,0.551514833492285
"34274","20074.16",34274,65015491,-0.22424087771756
"34275","20074.16",34275,65015908,0.5561578622901
"34276","20074.16",34276,65016027,0.171773454145843
"34277","20074.16",34277,65016285,0.449337740468311
"34278","20074.16",34278,65021157,0.778530744438357
"34279","20074.16",34279,65021431,-0.314788415778629
"34280","20074.16",34280,65021544,0.4807249993601
"34281","20074.16",34281,65021544,0.195791565931527
"34282","20074.16",34282,65021585,0.583315841750543
"34283","20074.16",34283,65022092,-0.0783476942471601
"34284","20074.16",34284,65022114,0.37958285760324
"34285","20074.16",34285,65023581,0.150811989249643
"34286","20074.16",34286,65024098,0.717036438271715
"34287","20074.16",34287,65025136,-1.22806854807283
"34288","20074.16",34288,65028929,0.788289746889796
"34289","20074.16",34289,65029640,1.11229762601673
"34290","20074.16",34290,65029842,-0.388428373906384
"34291","20074.16",34291,65030818,-0.0973502033075881
"34292","20074.16",34292,65031338,-0.397987934947969
"34293","20074.16",34293,65032001,-0.0975508491638779
"34294","20074.16",34294,65034120,-0.263779981671198
"34295","20074.16",34295,65034934,-0.129070808979901
"34296","20074.16",34296,65035279,0.762211281563522
"34297","20074.16",34297,65038580,-0.417141150520981
"34298","20074.16",34298,65039432,-0.720515577379995
"34299","20074.16",34299,65040055,-1.43429586416212
"34300","20074.16",34300,65042406,-1.1923494807305
"34301","20074.16",34301,65045951,-0.279789676436364
"34302","20074.16",34302,65050392,-0.232407349447346
"34303","20074.16",34303,65051121,0.0919527009465444
"34304","20074.16",34304,65054784,-0.085783185497883
"34305","20074.16",34305,65055950,-0.408000287565711
"34306","20074.16",34306,65060378,0.917085869204928
"34307","20074.16",34307,65060817,-0.012716899363749
"34308","20074.16",34308,65063629,0.363201370319733
"34309","20074.16",34309,65065007,-0.706606058547119
"34310","20074.16",34310,65065373,0.642383057335269
"34311","20074.16",34311,65065964,-0.239904852231868
"34312","20074.16",34312,65066437,-0.179846123476175
"34313","20074.16",34313,65068422,0.783501622317577
"34314","20074.16",34314,65070923,-0.0188202920561
"34315","20074.16",34315,65075624,0.0589239951019822
"34316","20074.16",34316,65078441,-0.536876901639173
"34317","20074.16",34317,65079706,-0.459298803040231
"34318","20074.16",34318,65079802,-0.105606648777117
"34319","20074.16",34319,65083382,-1.24905616656335
"34320","20074.16",34320,65083991,0.0878158083245042
"34321","20074.16",34321,65084205,0.161992955609478
"34322","20074.16",34322,65084304,0.570477360392419
"34323","20074.16",34323,65088392,0.0313435769135779
"34324","20074.16",34324,65088804,0.427279058936448
"34325","20074.16",34325,65088952,0.646665190549915
"34326","20074.16",34326,65089469,-0.22696161406327
"34327","20074.16",34327,65089523,0.38768040116753
"34328","20074.16",34328,65091808,-0.92640146832972
"34329","20074.16",34329,65092841,0.431763475619383
"34330","20074.16",34330,65093379,-0.854337593595167
"34331","20074.16",34331,65093846,0.588269322875754
"34332","20074.16",34332,65094161,-0.663196936830099
"34333","20074.16",34333,65095673,0.0711387667393115
"34334","20074.16",34334,65095866,0.103593282488843
"34335","20074.16",34335,65096557,0.218031825025587
"34336","20074.16",34336,65097538,-0.0954887953634191
"34337","20074.16",34337,65097812,-0.291480844875894
"34338","20074.16",34338,65098327,0.259603601157333
"34339","20074.16",34339,65099523,0.257934515670718
"34340","20074.16",34340,65102903,-0.679939344314576
"34341","20074.16",34341,65104342,0.0852832402808197
"34342","20074.16",34342,65105136,0.657789115928941
"34343","20074.16",34343,65105559,-0.395213813664273
"34344","20074.16",34344,65107920,0.137959356546327
"34345","20074.16",34345,65109117,-0.726873420905567
"34346","20074.16",34346,65109592,-0.114737836763568
"34347","20074.16",34347,65109912,0.399120356394309
"34348","20074.16",34348,65110055,-0.714889363958979
"34349","20074.16",34349,65112790,-0.012183336994914
"34350","20074.16",34350,65113492,0.30960859077349
"34351","20074.16",34351,65115030,0.362495255494284
"34352","20074.16",34352,65115149,-1.09942889436681
"34353","20074.16",34353,65115757,0.755354560484547
"34354","20074.16",34354,65118612,0.83152914364475
"34355","20074.16",34355,65120523,-0.307530922377755
"34356","20074.16",34356,65120867,0.243068949566283
"34357","20074.16",34357,65120974,1.17004357460611
"34358","20074.16",34358,65121038,0.436742076359807
"34359","20074.16",34359,65121473,-0.0378074902464567
"34360","20074.16",34360,65123754,0.145545616666055
"34361","20074.16",34361,65124759,-0.601073444100702
"34362","20074.16",34362,65124901,-0.47927797251312
"34363","20074.16",34363,65127237,-0.169356033712521
"34364","20074.16",34364,65127636,0.974551654908503
"34365","20074.16",34365,65129132,1.14019355598841
"34366","20074.16",34366,65129220,-0.077526879052658
"34367","20074.16",34367,65130054,0.454414529872115
"34368","20074.16",34368,65130068,-0.288494718380435
"34369","20074.16",34369,65130269,0.663239359914255
"34370","20074.16",34370,65130730,-0.454122079698694
"34371","20074.16",34371,65132634,-0.0594983879409563
"34372","20074.16",34372,65135268,-0.53874881830815
"34373","20074.16",34373,65135971,1.00074359332043
"34374","20074.16",34374,65137094,0.129176682185422
"34375","20074.16",34375,65137122,-0.381110338411089
"34376","20074.16",34376,65137297,-0.0605446917592749
"34377","20074.16",34377,65137314,-0.318036064775126
"34378","20074.16",34378,65138421,0.19530574358779
"34379","20074.16",34379,65138590,0.323354938400436
"34380","20074.16",34380,65138695,0.786672551613774
"34381","20074.16",34381,65139396,0.407730636757157
"34382","20074.16",34382,65140304,0.800188807656315
"34383","20074.16",34383,65140321,0.150312517130115
"34384","20074.16",34384,65140495,1.39984736061441
"34385","20074.16",34385,65142338,0.355635661406093
"34386","20074.16",34386,65142467,0.563272165209082
"34387","20074.16",34387,65142629,0.720416690472077
"34388","20074.16",34388,65142725,0.740388103083416
"34389","20074.16",34389,65143526,0.071308746287901
"34390","20074.16",34390,65143578,-0.434406368658638
"34391","20074.16",34391,65153129,0.303413709750456
"34392","20074.16",34392,65153454,-0.183458545597067
"34393","20074.16",34393,65158431,-0.312199479502436
"34394","20074.16",34394,65161095,0.149495355860983
"34395","20074.16",34395,65161446,-1.2123778583698
"34396","20074.16",34396,65165397,0.0667933589257892
"34397","20074.16",34397,65165728,0.454089764099117
"34398","20074.16",34398,65168087,0.525900234515817
"34399","20074.16",34399,65168153,0.251121734483804
"34400","20074.16",34400,65168500,0.294213737539269
"34401","20074.16",34401,65169190,-0.140170909363635
"34402","20074.16",34402,65169213,0.307383873075278
"34403","20074.16",34403,65174540,0.0617013207685302
"34404","20074.16",34404,65180899,0.262084753592224
"34405","20074.16",34405,65181955,0.226799914002484
"34406","20074.16",34406,65182052,-1.14180826162358
"34407","20074.16",34407,65182064,-0.30733251696552
"34408","20074.16",34408,65182558,0.672289523992833
"34409","20074.16",34409,65182668,-0.184453428340605
"34410","20074.16",34410,65186857,-0.137806021740909
"34411","20074.16",34411,65187933,-0.459967394961856
"34412","20074.16",34412,65188076,0.197845133937767
"34413","20074.16",34413,65190609,-0.242966175732764
"34414","20074.16",34414,65190902,0.4517872484212
"34415","20074.16",34415,65190960,0.77021777105221
"34416","20074.16",34416,65191102,-0.234835890299239
"34417","20074.16",34417,65191272,-0.205441688080114
"34418","20074.16",34418,65191840,0.735255501079386
"34419","20074.16",34419,65191935,0.200919503797589
"34420","20074.16",34420,65192792,0.107330722233868
"34421","20074.16",34421,65194423,-0.607567467846116
"34422","20074.16",34422,65194629,0.851519413515235
"34423","20074.16",34423,65194778,0.659386670623397
"34424","20074.16",34424,65202008,0.0354904556981017
"34425","20074.16",34425,65202800,0.32453456842472
"34426","20074.16",34426,65202828,0.538375418438803
"34427","20074.16",34427,65203416,-0.206961967400694
"34428","20074.16",34428,65204290,0.358347219213417
"34429","20074.16",34429,65204344,0.387039498075139
"34430","20074.16",34430,65204554,0.232947949134187
"34431","20074.16",34431,65205024,0.07409729186329
"34432","20074.16",34432,65206963,-0.43462302306709
"34433","20074.16",34433,65207397,-0.823009701175796
"34434","20074.16",34434,65210785,0.188175065551064
"34435","20074.16",34435,65211408,0.360082501879508
"34436","20074.16",34436,65212195,0.0908293472712334
"34437","20074.16",34437,65212736,1.01238170496476
"34438","20074.16",34438,65213149,0.846655693531402
"34439","20074.16",34439,65213406,0.0633494257581058
"34440","20074.16",34440,65213651,-0.161726916077988
"34441","20074.16",34441,65214073,0.847768174101762
"34442","20074.16",34442,65214103,-0.224456274287602
"34443","20074.16",34443,65214308,0.055344828944289
"34444","20074.16",34444,65214467,0.236836258970525
"34445","20074.16",34445,65214550,-0.00349050630672387
"34446","20074.16",34446,65214732,-0.204234070896097
"34447","20074.16",34447,65218687,-0.245481213601354
"34448","20074.16",34448,65218954,0.0201189887159252
"34449","20074.16",34449,65219154,0.329984523261253
"34450","20074.16",34450,65221388,-0.361534239685242
"34451","20074.16",34451,65221573,-0.419319273765105
"34452","20074.16",34452,65221890,-0.0489618082982961
"34453","20074.16",34453,65222992,-0.65497275783289
"34454","20074.16",34454,65223036,0.319103625105261
"34455","20074.16",34455,65223172,0.372534363505422
"34456","20074.16",34456,65223351,0.190077654437395
"34457","20074.16",34457,65223414,0.464072836126905
"34458","20074.16",34458,65225828,-0.294833005105266
"34459","20074.16",34459,65226478,-0.248449542281015
"34460","20074.16",34460,65226856,-0.321069536886095
"34461","20074.16",34461,65227813,-0.887585275896937
"34462","20074.16",34462,65230287,-0.00255600426614766
"34463","20074.16",34463,65234631,-0.0436413944202041
"34464","20074.16",34464,65237900,-0.143962673348266
"34465","20074.16",34465,65237945,0.605762535141424
"34466","20074.16",34466,65238062,1.14973096246299
"34467","20074.16",34467,65239243,-0.223871803030716
"34468","20074.16",34468,65239676,-0.263205851264036
"34469","20074.16",34469,65239804,0.526250102020978
"34470","20074.16",34470,65241411,0.291759465457191
"34471","20074.16",34471,65243895,-0.582364253695753
"34472","20074.16",34472,65244342,0.208383896586238
"34473","20074.16",34473,65247006,0.286077659247964
"34474","20074.16",34474,65247927,-0.23704361855525
"34475","20074.16",34475,65248028,0.332459701285774
"34476","20074.16",34476,65249653,0.85995941265472
"34477","20074.16",34477,65252673,0.525904246815105
"34478","20074.16",34478,65252759,0.290876972592407
"34479","20074.16",34479,65252951,1.02748067024577
"34480","20074.16",34480,65253408,0.945639863026961
"34481","20074.16",34481,65253571,-1.06088864093761
"34482","20074.16",34482,65253706,0.0729284040413871
"34483","20074.16",34483,65259073,0.461783962884991
"34484","20074.16",34484,65260078,-0.207473584588577
"34485","20074.16",34485,65260305,-0.361844916633066
"34486","20074.16",34486,65260305,0.233163046472142
"34487","20074.16",34487,65260493,-1.00713164156301
"34488","20074.16",34488,65261087,0.0950841964427713
"34489","20074.16",34489,65261411,0.444747257499318
"34490","20074.16",34490,65261589,0.294147180596089
"34491","20074.16",34491,65268798,-0.723469807193424
"34492","20074.16",34492,65277801,-0.533074130610252
"34493","20074.16",34493,65277884,1.0468975521033
"34494","20074.16",34494,65279070,-0.826872897898161
"34495","20074.16",34495,65279386,0.775641425763692
"34496","20074.16",34496,65280567,-1.21305551671868
"34497","20074.16",34497,65280695,-0.309949322926774
"34498","20074.16",34498,65281719,1.22669874801289
"34499","20074.16",34499,65281746,1.60718461070436
"34500","20074.16",34500,65282103,0.335118218343839
"34501","20074.16",34501,65283792,-0.155860065462329
"34502","20074.16",34502,65284660,0.231262772608247
"34503","20074.16",34503,65285336,-0.490632430705074
"34504","20074.16",34504,65285748,-0.595563179357592
"34505","20074.16",34505,65285924,0.22762112284417
"34506","20074.16",34506,65289733,-0.0716089555089399
"34507","20074.16",34507,65292139,0.187652473000398
"34508","20074.16",34508,65292220,-0.35958545535299
"34509","20074.16",34509,65292461,-0.585291452531688
"34510","20074.16",34510,65292982,0.209775806466427
"34511","20074.16",34511,65296963,0.323838749468139
"34512","20074.16",34512,65297577,0.030629782247253
"34513","20074.16",34513,65297837,-1.09115329603971
"34514","20074.16",34514,65302716,-0.820748344812056
"34515","20074.16",34515,65302840,0.718252464771425
"34516","20074.16",34516,65303152,-0.315135982776603
"34517","20074.16",34517,65303762,-0.026731576127375
"34518","20074.16",34518,65306450,0.378005756033342
"34519","20074.16",34519,65306794,-1.02638424512776
"34520","20074.16",34520,65307151,0.0392290816392373
"34521","20074.16",34521,65307735,-0.206177610940358
"34522","20074.16",34522,65308021,-0.547557564197452
"34523","20074.16",34523,65308643,0.0957158931285962
"34524","20074.16",34524,65308963,-0.314277318046555
"34525","20074.16",34525,65313200,0.653588212654594
"34526","20074.16",34526,65316239,-0.138848216449201
"34527","20074.16",34527,65316386,-0.343579654103074
"34528","20074.16",34528,65316879,-1.06879382240262
"34529","20074.16",34529,65320532,-0.426479484349914
"34530","20074.16",34530,65320842,-0.479802068291807
"34531","20074.16",34531,65322664,-0.446352387762333
"34532","20074.16",34532,65323749,-0.428328423337654
"34533","20074.16",34533,65324088,-0.382629460142374
"34534","20074.16",34534,65327828,-0.035300054459702
"34535","20074.16",34535,65327999,-0.310022088797727
"34536","20074.16",34536,65337253,-0.294496893203611
"34537","20074.16",34537,65338373,0.518006502055617
"34538","20074.16",34538,65338511,-0.215324082219516
"34539","20074.16",34539,65339864,-0.0483783085487799
"34540","20074.16",34540,65339894,0.594957154508106
"34541","20074.16",34541,65346692,-0.0284525869082657
"34542","20074.16",34542,65347517,0.345955542649896
"34543","20074.16",34543,65347763,-0.203174016679215
"34544","20074.16",34544,65351301,0.546537670408036
"34545","20074.16",34545,65352362,-1.03469823652287
"34546","20074.16",34546,65353359,0.159785526510932
"34547","20074.16",34547,65360952,-0.170753813455642
"34548","20074.16",34548,65361742,0.335904650816159
"34549","20074.16",34549,65365236,-0.99902818706095
"34550","20074.16",34550,65365528,1.41794267917779
"34551","20074.16",34551,65366003,-0.405224478039168
"34552","20074.16",34552,65369095,0.239200173514496
"34553","20074.16",34553,65373896,-1.18755406031577
"34554","20074.16",34554,65374119,-1.4445347176242
"34555","20074.16",34555,65375244,-0.152726157244116
"34556","20074.16",34556,65375400,-0.25716703995113
"34557","20074.16",34557,65375762,0.318478913994423
"34558","20074.16",34558,65377143,0.177943462408684
"34559","20074.16",34559,65379415,-0.136584728341083
"34560","20074.16",34560,65379427,0.85142349130778
"34561","20074.16",34561,65379496,0.491380818562283
"34562","20074.16",34562,65381465,-0.17807854269606
"34563","20074.16",34563,65387576,-0.385811221487644
"34564","20074.16",34564,65390052,-0.394336414998866
"34565","20074.16",34565,65398824,-0.00492966162766795
"34566","20074.16",34566,65399153,-0.367567863692891
"34567","20074.16",34567,65399650,-0.951474687634795
"34568","20074.16",34568,65402260,0.235871069930773
"34569","20074.16",34569,65403221,0.315804436971761
"34570","20074.16",34570,65403351,0.626484261425078
"34571","20074.16",34571,65405365,0.959121671582378
"34572","20074.16",34572,65405446,0.0806071410626092
"34573","20074.16",34573,65405660,0.871725176561882
"34574","20074.16",34574,65405697,-1.11906218370804
"34575","20074.16",34575,65408805,0.284508596439442
"34576","20074.16",34576,65409342,0.642756856166195
"34577","20074.16",34577,65414829,-0.307010576617949
"34578","20074.16",34578,65414972,-0.00875212429315386
"34579","20074.16",34579,65420673,0.402983668778972
"34580","20074.16",34580,65420769,0.298088062166028
"34581","20074.16",34581,65421694,-0.275369471676088
"34582","20074.16",34582,65421706,0.180895336984621
"34583","20074.16",34583,65423921,0.454874660010888
"34584","20074.16",34584,65425596,-0.39204855034453
"34585","20074.16",34585,65430388,-0.170141734376009
"34586","20074.16",34586,65430789,-0.2398474332893
"34587","20074.16",34587,65435719,-1.07230736408623
"34588","20074.16",34588,65435899,0.580499222012381
"34589","20074.16",34589,65441302,0.128111714180879
"34590","20074.16",34590,65441576,-0.458804458297418
"34591","20074.16",34591,65441691,0.310217670317754
"34592","20074.16",34592,65444294,-0.0421081132477079
"34593","20074.16",34593,65445086,-0.596326855026891
"34594","20074.16",34594,65448285,0.00162123882652221
"34595","20074.16",34595,65448759,0.182340136730408
"34596","20074.16",34596,65454759,0.319905445900786
"34597","20074.16",34597,65456144,0.0007350068553027
"34598","20074.16",34598,65456918,0.27599177460267
"34599","20074.16",34599,65457265,-0.982041658428972
"34600","20074.16",34600,65460610,0.348440250158734
"34601","20074.16",34601,65460917,1.28040153419022
"34602","20074.16",34602,65461027,1.10972058737112
"34603","20074.16",34603,65461281,0.0906928362528454
"34604","20074.16",34604,65461910,-0.274532863583894
"34605","20074.16",34605,65462287,0.0624081674818715
"34606","20074.16",34606,65462858,0.394647883106825
"34607","20074.16",34607,65463282,-0.157769531908243
"34608","20074.16",34608,65463509,0.146651960754776
"34609","20074.16",34609,65463710,0.752131714901537
"34610","20074.16",34610,65463755,-0.364039628191923
"34611","20074.16",34611,65464025,0.07000944869604
"34612","20074.16",34612,65464316,0.0382366010669237
"34613","20074.16",34613,65464467,-0.332634454276802
"34614","20074.16",34614,65468239,-0.719787502189843
"34615","20074.16",34615,65468615,-0.768217996010264
"34616","20074.16",34616,65468992,-2.30395890064046
"34617","20074.16",34617,65474292,0.760357004497654
"34618","20074.16",34618,65474365,-0.168189777901734
"34619","20074.16",34619,65477189,-0.713703108111162
"34620","20074.16",34620,65477416,-0.343680135471526
"34621","20074.16",34621,65479352,-0.334302781075033
"34622","20074.16",34622,65480283,0.0251914919129907
"34623","20074.16",34623,65482489,1.27228208074751
"34624","20074.16",34624,65482547,0.076575182945974
"34625","20074.16",34625,65482887,0.881360518731133
"34626","20074.16",34626,65484257,-0.736328709289121
"34627","20074.16",34627,65488945,-0.337805333563737
"34628","20074.16",34628,65492911,0.423145556976688
"34629","20074.16",34629,65493423,0.179929941853862
"34630","20074.16",34630,65494624,0.38880432254579
"34631","20074.16",34631,65495185,-0.552985960502214
"34632","20074.16",34632,65496319,0.739058724245205
"34633","20074.16",34633,65497106,0.0457219571410912
"34634","20074.16",34634,65497462,-0.0372974248897595
"34635","20074.16",34635,65500406,-0.72516760899602
"34636","20074.16",34636,65500716,1.33545018734923
"34637","20074.16",34637,65501022,-0.242429059822143
"34638","20074.16",34638,65504069,-1.65699388393793
"34639","20074.16",34639,65504388,-0.503683395543037
"34640","20074.16",34640,65505251,-0.0347697812044432
"34641","20074.16",34641,65506171,-0.0773026256417664
"34642","20074.16",34642,65507379,0.687066441330184
"34643","20074.16",34643,65508670,0.753818757416858
"34644","20074.16",34644,65508776,0.725445784447939
"34645","20074.16",34645,65509868,0.723002695452261
"34646","20074.16",34646,65509908,0.222945043958375
"34647","20074.16",34647,65511173,-0.223499767903254
"34648","20074.16",34648,65511580,0.241623667544151
"34649","20074.16",34649,65512119,-0.979423987764111
"34650","20074.16",34650,65512991,0.189022061794496
"34651","20074.16",34651,65513137,0.0930370196598211
"34652","20074.16",34652,65513664,-0.1226252930923
"34653","20074.16",34653,65516113,0.151388061159698
"34654","20074.16",34654,65519587,0.133637076976469
"34655","20074.16",34655,65521691,-0.36871570246232
"34656","20074.16",34656,65522871,-0.169019305952214
"34657","20074.16",34657,65522923,0.60518299968946
"34658","20074.16",34658,65523486,-0.0625709522785964
"34659","20074.16",34659,65523599,0.0753408459044058
"34660","20074.16",34660,65524745,-0.195828713611829
"34661","20074.16",34661,65530736,-0.756701137614164
"34662","20074.16",34662,65531502,-0.0933098594298043
"34663","20074.16",34663,65533111,-1.29143696023758
"34664","20074.16",34664,65534314,0.652744465281244
"34665","20074.16",34665,65535359,-0.879473894486745
"34666","20074.16",34666,65542212,-0.790787657957832
"34667","20074.16",34667,65542293,0.32075225995704
"34668","20074.16",34668,65543002,-0.191330784230522
"34669","20074.16",34669,65545057,-0.555721259686385
"34670","20074.16",34670,65546280,-0.388478745519825
"34671","20074.16",34671,65546332,-0.170127663342598
"34672","20074.16",34672,65550544,0.211252407326678
"34673","20074.16",34673,65551249,-0.226547941213776
"34674","20074.16",34674,65551272,0.667003438236617
"34675","20074.16",34675,65552730,0.0306969032957003
"34676","20074.16",34676,65554571,0.663915564271766
"34677","20074.16",34677,65556950,-0.49359994166825
"34678","20074.16",34678,65557368,0.657331462905337
"34679","20074.16",34679,65557406,0.595150205492769
"34680","20074.16",34680,65557607,0.667983619977575
"34681","20074.16",34681,65558873,0.385995005913546
"34682","20074.16",34682,65559207,-0.335000758960443
"34683","20074.16",34683,65560295,0.237724644263424
"34684","20074.16",34684,65560475,0.302544632988996
"34685","20074.16",34685,65562465,0.307069470113608
"34686","20074.16",34686,65563182,-0.704283070097987
"34687","20074.16",34687,65566685,-0.144659535425601
"34688","20074.16",34688,65567160,0.322131438185189
"34689","20074.16",34689,65568047,-0.349500083983033
"34690","20074.16",34690,65570271,0.102845009146285
"34691","20074.16",34691,65571515,-0.369651408938902
"34692","20074.16",34692,65571657,0.246508132508109
"34693","20074.16",34693,65571696,-1.2014334809096
"34694","20074.16",34694,65572015,1.0854881594185
"34695","20074.16",34695,65572329,0.209052501773045
"34696","20074.16",34696,65573737,-1.16782376286123
"34697","20074.16",34697,65573835,0.434223142254246
"34698","20074.16",34698,65580614,0.533193285761768
"34699","20074.16",34699,65580939,-0.600925246175131
"34700","20074.16",34700,65583682,0.0835215276520609
"34701","20074.16",34701,65583828,0.0270960321587221
"34702","20074.16",34702,65595598,0.388104825506576
"34703","20074.16",34703,65595639,0.479534435084145
"34704","20074.16",34704,65595961,0.767750698566586
"34705","20074.16",34705,65596820,1.14469035962075
"34706","20074.16",34706,65597042,0.871505261940158
"34707","20074.16",34707,65597500,0.522961713362919
"34708","20074.16",34708,65597729,-0.0611668359979625
"34709","20074.16",34709,65597828,-0.0379941418295804
"34710","20074.16",34710,65598314,0.352894950740304
"34711","20074.16",34711,65598498,0.487596711769771
"34712","20074.16",34712,65598944,-0.30732392435151
"34713","20074.16",34713,65599340,-0.6783067157738
"34714","20074.16",34714,65599521,0.542781811586774
"34715","20074.16",34715,65601889,0.392704244091585
"34716","20074.16",34716,65602738,-0.173212127917785
"34717","20074.16",34717,65605074,-0.315868837535528
"34718","20074.16",34718,65605406,-0.707895794509339
"34719","20074.16",34719,65608344,0.469620637371526
"34720","20074.16",34720,65608574,0.0852066676678032
"34721","20074.16",34721,65609704,-0.0605928667723026
"34722","20074.16",34722,65610758,0.087612039994232
"34723","20074.16",34723,65612392,0.206145771173352
"34724","20074.16",34724,65612748,0.44959877174107
"34725","20074.16",34725,65613203,-0.485089674637797
"34726","20074.16",34726,65617566,-0.245302437753756
"34727","20074.16",34727,65618940,0.555342408447593
"34728","20074.16",34728,65621825,0.296489246236667
"34729","20074.16",34729,65626648,-1.2996175674532
"34730","20074.16",34730,65627081,-0.000855876641137954
"34731","20074.16",34731,65628033,-0.47824968387445
"34732","20074.16",34732,65629239,0.345430783770538
"34733","20074.16",34733,65629894,-0.499020983814724
"34734","20074.16",34734,65635402,0.269386280495802
"34735","20074.16",34735,65638461,0.616244497053654
"34736","20074.16",34736,65640078,1.02828262266549
"34737","20074.16",34737,65640434,-0.441905414934325
"34738","20074.16",34738,65640790,0.616552461538563
"34739","20074.16",34739,65640996,0.349174122517407
"34740","20074.16",34740,65641064,0.056131668568888
"34741","20074.16",34741,65646125,-0.0598353090140149
"34742","20074.16",34742,65646743,-1.33467945129646
"34743","20074.16",34743,65647318,0.315743785319555
"34744","20074.16",34744,65647452,0.138471095028124
"34745","20074.16",34745,65652268,-0.811170850818577
"34746","20074.16",34746,65652630,0.172930767223197
"34747","20074.16",34747,65654757,-1.27566363421234
"34748","20074.16",34748,65654881,-0.434042724225586
"34749","20074.16",34749,65655129,-0.60337656440369
"34750","20074.16",34750,65657547,-0.243312468815819
"34751","20074.16",34751,65659685,-0.182878936047318
"34752","20074.16",34752,65660430,0.696798468129043
"34753","20074.16",34753,65660493,-0.143536499021434
"34754","20074.16",34754,65660621,-0.480809511626714
"34755","20074.16",34755,65661594,0.299894490774702
"34756","20074.16",34756,65664959,0.205788342985907
"34757","20074.16",34757,65665445,0.686644665465823
"34758","20074.16",34758,65669114,0.167070430733993
"34759","20074.16",34759,65669178,-1.24400358814138
"34760","20074.16",34760,65669621,-0.571034047209766
"34761","20074.16",34761,65669768,0.596437875277664
"34762","20074.16",34762,65670167,0.106995092499585
"34763","20074.16",34763,65670650,0.634214513877018
"34764","20074.16",34764,65670788,0.266037223129408
"34765","20074.16",34765,65671824,-1.5365665893851
"34766","20074.16",34766,65673545,-0.128353168055867
"34767","20074.16",34767,65674727,0.51015091903155
"34768","20074.16",34768,65677470,-0.279166318553375
"34769","20074.16",34769,65678407,-0.15983899122756
"34770","20074.16",34770,65679448,0.174228401451197
"34771","20074.16",34771,65680918,-0.891257504766327
"34772","20074.16",34772,65680955,-0.148716369818247
"34773","20074.16",34773,65684044,-0.292476470073665
"34774","20074.16",34774,65686912,0.202113813522277
"34775","20074.16",34775,65689130,-0.997617162413614
"34776","20074.16",34776,65690405,-0.011073590449076
"34777","20074.16",34777,65692127,-0.180626762882365
"34778","20074.16",34778,65692481,0.220074499151471
"34779","20074.16",34779,65692765,0.596414217928637
"34780","20074.16",34780,65695457,0.129961607681152
"34781","20074.16",34781,65695968,0.280567523215596
"34782","20074.16",34782,65696157,-0.576554663414102
"34783","20074.16",34783,65701590,0.138271777958902
"34784","20074.16",34784,65701678,0.0349382837183656
"34785","20074.16",34785,65703467,-0.342172711594154
"34786","20074.16",34786,65709998,-0.917606928504045
"34787","20074.16",34787,65710151,-0.330339203086884
"34788","20074.16",34788,65711942,0.00532223822825628
"34789","20074.16",34789,65712545,-0.532446247396847
"34790","20074.16",34790,65713743,0.522929292137856
"34791","20074.16",34791,65713797,0.0810443920404689
"34792","20074.16",34792,65715125,-0.349284396136885
"34793","20074.16",34793,65715725,0.0518814412285424
"34794","20074.16",34794,65716348,-0.86479490029684
"34795","20074.16",34795,65717622,0.0786805754263566
"34796","20074.16",34796,65718499,-0.273993014845821
"34797","20074.16",34797,65719331,-0.154842517574958
"34798","20074.16",34798,65720254,-0.543855391950989
"34799","20074.16",34799,65720924,1.06193865223449
"34800","20074.16",34800,65721618,0.627200686911066
"34801","20074.16",34801,65721963,0.49071239567006
"34802","20074.16",34802,65722080,0.0135973106180876
"34803","20074.16",34803,65722178,-0.402448817752768
"34804","20074.16",34804,65731802,-1.06097979897221
"34805","20074.16",34805,65732916,-0.348945820098011
"34806","20074.16",34806,65733467,0.375628685200804
"34807","20074.16",34807,65733940,-0.241570078273161
"34808","20074.16",34808,65743383,-1.35141198759097
"34809","20074.16",34809,65748629,0.561728277866234
"34810","20074.16",34810,65750752,-0.0632665410291935
"34811","20074.16",34811,65750932,0.0346970559047426
"34812","20074.16",34812,65751250,-0.623066196553904
"34813","20074.16",34813,65751610,1.02473445501113
"34814","20074.16",34814,65752941,-0.710244486369609
"34815","20074.16",34815,65753050,0.347267111291917
"34816","20074.16",34816,65754510,-0.669860651123478
"34817","20074.16",34817,65756783,-0.844178979453615
"34818","20074.16",34818,65759137,0.06256924978846
"34819","20074.16",34819,65759565,-0.146882200061539
"34820","20074.16",34820,65760088,-0.658753535780592
"34821","20074.16",34821,65760510,1.02928602060825
"34822","20074.16",34822,65760641,-0.87470933485491
"34823","20074.16",34823,65762436,0.301362513780259
"34824","20074.16",34824,65762809,-0.431786104559081
"34825","20074.16",34825,65763099,0.42675358332374
"34826","20074.16",34826,65764602,-0.0974404254213619
"34827","20074.16",34827,65766469,0.637187574379383
"34828","20074.16",34828,65766530,1.19719610504796
"34829","20074.16",34829,65767068,0.320098631730885
"34830","20074.16",34830,65767199,-0.378325111554445
"34831","20074.16",34831,65767216,0.150667928585422
"34832","20074.16",34832,65767281,0.510988736846124
"34833","20074.16",34833,65769927,-0.933542018840869
"34834","20074.16",34834,65772869,0.137515305516914
"34835","20074.16",34835,65776271,-0.463770817907251
"34836","20074.16",34836,65776844,-0.268522698660679
"34837","20074.16",34837,65777500,-0.811767749845025
"34838","20074.16",34838,65778685,-0.0834923791689679
"34839","20074.16",34839,65778846,0.305805365582921
"34840","20074.16",34840,65779503,-0.14732751443361
"34841","20074.16",34841,65779821,0.723982079852987
"34842","20074.16",34842,65782018,1.16571691466362
"34843","20074.16",34843,65782180,0.755027918768959
"34844","20074.16",34844,65782478,0.886314816880184
"34845","20074.16",34845,65787476,0.468351312644283
"34846","20074.16",34846,65787665,0.113089156505501
"34847","20074.16",34847,65787885,1.62109365032385
"34848","20074.16",34848,65789930,0.887947082480845
"34849","20074.16",34849,65789998,0.527035779087014
"34850","20074.16",34850,65790332,0.114079462911383
"34851","20074.16",34851,65791135,0.112592376345788
"34852","20074.16",34852,65791328,-0.605033225662853
"34853","20074.16",34853,65795729,0.233266892162882
"34854","20074.16",34854,65796668,-0.203905235466416
"34855","20074.16",34855,65796716,0.930914323195457
"34856","20074.16",34856,65797345,0.394042209835631
"34857","20074.16",34857,65798467,0.491630973552337
"34858","20074.16",34858,65799338,-1.00152070470743
"34859","20074.16",34859,65801167,0.184819142851561
"34860","20074.16",34860,65801276,0.204995331844906
"34861","20074.16",34861,65801399,0.0467534103561809
"34862","20074.16",34862,65801698,0.815150400036708
"34863","20074.16",34863,65801809,0.621680560427124
"34864","20074.16",34864,65801821,0.870295867700691
"34865","20074.16",34865,65802075,-0.213215733202622
"34866","20074.16",34866,65802270,-0.55744263436821
"34867","20074.16",34867,65802821,-0.221348663658633
"34868","20074.16",34868,65803954,0.170864712924002
"34869","20074.16",34869,65804052,0.83963377294792
"34870","20074.16",34870,65804496,-0.113611868329087
"34871","20074.16",34871,65807343,0.461044647098434
"34872","20074.16",34872,65808339,0.232617569637255
"34873","20074.16",34873,65808830,0.551837265827602
"34874","20074.16",34874,65809044,0.18219809213991
"34875","20074.16",34875,65810359,-0.130045338532826
"34876","20074.16",34876,65813302,-1.06274304029563
"34877","20074.16",34877,65813428,0.0773718587092285
"34878","20074.16",34878,65813536,0.120966313209384
"34879","20074.16",34879,65813570,0.085515627547875
"34880","20074.16",34880,65814356,-1.00874289082253
"34881","20074.16",34881,65815673,0.335835806966799
"34882","20074.16",34882,65815922,0.411025503319856
"34883","20074.16",34883,65817386,0.745597145511135
"34884","20074.16",34884,65817434,-0.270226072046156
"34885","20074.16",34885,65819561,-0.496672330526821
"34886","20074.16",34886,65820187,-0.508478817782587
"34887","20074.16",34887,65820224,-0.620144353831678
"34888","20074.16",34888,65820705,-0.495114570923062
"34889","20074.16",34889,65824446,-0.241775374871738
"34890","20074.16",34890,65826905,-0.00857692331116677
"34891","20074.16",34891,65829616,0.538837486192086
"34892","20074.16",34892,65829626,0.54945571214441
"34893","20074.16",34893,65829727,-0.0866740381077165
"34894","20074.16",34894,65830216,-0.739656477388689
"34895","20074.16",34895,65831164,0.271858371558596
"34896","20074.16",34896,65832549,0.635869113822966
"34897","20074.16",34897,65832580,0.44729374217212
"34898","20074.16",34898,65834022,-0.0265113692372454
"34899","20074.16",34899,65837246,0.448232935411167
"34900","20074.16",34900,65838650,0.145936784313098
"34901","20074.16",34901,65844488,-0.306575895234555
"34902","20074.16",34902,65844795,-0.765531528185113
"34903","20074.16",34903,65849572,0.332217527868212
"34904","20074.16",34904,65849933,1.03177723933104
"34905","20074.16",34905,65852993,0.10918726913722
"34906","20074.16",34906,65853639,0.0406683435029507
"34907","20074.16",34907,65856443,0.219834669118163
"34908","20074.16",34908,65856590,0.196458467346186
"34909","20074.16",34909,65858274,0.541502221453004
"34910","20074.16",34910,65859430,0.0752215302124268
"34911","20074.16",34911,65859492,0.235568272553956
"34912","20074.16",34912,65860726,0.0565354481693143
"34913","20074.16",34913,65863257,0.157108197327113
"34914","20074.16",34914,65863968,-0.0883189006748237
"34915","20074.16",34915,65865946,-0.241779017962091
"34916","20074.16",34916,65866986,-0.628358392975994
"34917","20074.16",34917,65867025,-0.247179594697867
"34918","20074.16",34918,65872071,-0.6814638177764
"34919","20074.16",34919,65872557,0.342821306446212
"34920","20074.16",34920,65874128,0.89948063203254
"34921","20074.16",34921,65874365,-0.00976991327794519
"34922","20074.16",34922,65877446,0.196235748437893
"34923","20074.16",34923,65877693,-0.1542689419913
"34924","20074.16",34924,65879042,-0.147981080310389
"34925","20074.16",34925,65879447,0.569006055920814
"34926","20074.16",34926,65879745,-0.459532478816326
"34927","20074.16",34927,65880009,-0.0642794607330401
"34928","20074.16",34928,65880859,-0.531195148452664
"34929","20074.16",34929,65881254,-0.306630024265822
"34930","20074.16",34930,65881380,0.0452400901855894
"34931","20074.16",34931,65881895,0.482186480158217
"34932","20074.16",34932,65882580,0.420367662711372
"34933","20074.16",34933,65883412,-0.518392352367195
"34934","20074.16",34934,65884039,-0.0278131439926996
"34935","20074.16",34935,65884735,-0.277692077162801
"34936","20074.16",34936,65885790,0.342133733578987
"34937","20074.16",34937,65886350,-1.05214940068881
"34938","20074.16",34938,65886453,0.0564515174076243
"34939","20074.16",34939,65886644,-0.589881465910565
"34940","20074.16",34940,65887358,0.770894247676181
"34941","20074.16",34941,65887870,0.44938674861254
"34942","20074.16",34942,65889308,0.0118277628078154
"34943","20074.16",34943,65889676,-1.21384085380096
"34944","20074.16",34944,65890444,-0.227994802496408
"34945","20074.16",34945,65891847,0.243031648398831
"34946","20074.16",34946,65892056,-0.345123930992124
"34947","20074.16",34947,65894789,0.142132256385345
"34948","20074.16",34948,65895186,0.156154359177278
"34949","20074.16",34949,65895364,0.792861561124448
"34950","20074.16",34950,65896006,0.325146995952202
"34951","20074.16",34951,65896356,-0.580519134612858
"34952","20074.16",34952,65898936,0.895498572449822
"34953","20074.16",34953,65899244,-0.356297565581463
"34954","20074.16",34954,65901137,0.0253735008618223
"34955","20074.16",34955,65901778,-0.347601485919104
"34956","20074.16",34956,65902302,0.775078404298818
"34957","20074.16",34957,65902468,0.600604303621473
"34958","20074.16",34958,65902478,0.315635020346341
"34959","20074.16",34959,65902516,-0.00588055838768309
"34960","20074.16",34960,65902752,-0.334067029766939
"34961","20074.16",34961,65902950,0.705122866364197
"34962","20074.16",34962,65903182,0.390398625812066
"34963","20074.16",34963,65903866,-0.293099826266602
"34964","20074.16",34964,65904441,-0.28948378049297
"34965","20074.16",34965,65905007,1.35114697918597
"34966","20074.16",34966,65905023,0.428083076108909
"34967","20074.16",34967,65906579,0.0555618622549066
"34968","20074.16",34968,65908236,0.0893782811972663
"34969","20074.16",34969,65908562,-0.110822610808441
"34970","20074.16",34970,65908994,-0.0772925697856373
"34971","20074.16",34971,65909229,0.587102522567428
"34972","20074.16",34972,65910358,0.167075018883868
"34973","20074.16",34973,65911177,0.472734572566842
"34974","20074.16",34974,65911710,0.360732487104353
"34975","20074.16",34975,65912078,0.224063426305719
"34976","20074.16",34976,65912568,0.29860011944348
"34977","20074.16",34977,65913331,0.269546629050923
"34978","20074.16",34978,65913418,0.788973335185315
"34979","20074.16",34979,65913587,-0.093421093668483
"34980","20074.16",34980,65913998,0.360443650322366
"34981","20074.16",34981,65915558,-0.79082277709291
"34982","20074.16",34982,65916025,0.0568879207995021
"34983","20074.16",34983,65917480,0.477804722798202
"34984","20074.16",34984,65917936,0.531681677575023
"34985","20074.16",34985,65920949,0.538833226526298
"34986","20074.16",34986,65921043,0.558246903236541
"34987","20074.16",34987,65921550,-0.651803508989164
"34988","20074.16",34988,65921652,-0.707026867280872
"34989","20074.16",34989,65921973,0.0920832379835765
"34990","20074.16",34990,65922323,0.338909657380806
"34991","20074.16",34991,65922619,0.59098612490011
"34992","20074.16",34992,65922663,0.488351980938842
"34993","20074.16",34993,65922796,0.241656829940257
"34994","20074.16",34994,65922934,-0.112436568644792
"34995","20074.16",34995,65923022,0.377243618607312
"34996","20074.16",34996,65923316,0.517810890688838
"34997","20074.16",34997,65923919,-0.500086002093034
"34998","20074.16",34998,65924369,0.233705150277148
"34999","20074.16",34999,65924979,-0.54152545209431
"35000","20074.16",35000,65925826,0.428402404518658
"35001","20074.16",35001,65928685,-0.962123638527564
"35002","20074.16",35002,65928697,-0.172327373755636
"35003","20074.16",35003,65928770,0.0559077336832265
"35004","20074.16",35004,65928859,-0.882146245073946
"35005","20074.16",35005,65928889,0.524004301256602
"35006","20074.16",35006,65929147,0.572023231651033
"35007","20074.16",35007,65929444,-1.76776322336063
"35008","20074.16",35008,65930903,-0.0481204435472291
"35009","20074.16",35009,65932333,0.64708563483585
"35010","20074.16",35010,65933548,-0.83465753657609
"35011","20074.16",35011,65938609,-0.0381843769239607
"35012","20074.16",35012,65939174,-0.08840341407869
"35013","20074.16",35013,65939675,0.408038785458323
"35014","20074.16",35014,65939803,0.117265989286989
"35015","20074.16",35015,65939949,0.331855475204267
"35016","20074.16",35016,65941782,0.0968235810704128
"35017","20074.16",35017,65942377,-1.23366630043653
"35018","20074.16",35018,65942832,1.25151469454827
"35019","20074.16",35019,65943417,-0.113195037003391
"35020","20074.16",35020,65943650,0.0851390687423965
"35021","20074.16",35021,65946468,0.804182646320784
"35022","20074.16",35022,65946497,-0.0652950026926309
"35023","20074.16",35023,65946497,-0.185388758798536
"35024","20074.16",35024,65946512,-0.26867607006721
"35025","20074.16",35025,65946744,-0.478780477092732
"35026","20074.16",35026,65950070,0.0781904071354989
"35027","20074.16",35027,65951772,0.500939420626056
"35028","20074.16",35028,65955116,-1.21096357815152
"35029","20074.16",35029,65956265,0.012615308425949
"35030","20074.16",35030,65956855,-0.512422282262931
"35031","20074.16",35031,65957339,1.33411782254356
"35032","20074.16",35032,65957616,0.328441933043204
"35033","20074.16",35033,65957819,0.120324933292689
"35034","20074.16",35034,65957870,0.203166660516076
"35035","20074.16",35035,65958028,0.0613651174046472
"35036","20074.16",35036,65958622,0.35622240344892
"35037","20074.16",35037,65959928,0.0151652158161912
"35038","20074.16",35038,65960982,-0.0878135084970664
"35039","20074.16",35039,65961444,-0.631823945936083
"35040","20074.16",35040,65965884,0.073714702437269
"35041","20074.16",35041,65965908,0.370230188521238
"35042","20074.16",35042,65966353,0.539846814214232
"35043","20074.16",35043,65966429,-0.0506275759148185
"35044","20074.16",35044,65967092,-0.14175400861027
"35045","20074.16",35045,65968341,-0.577390277578087
"35046","20074.16",35046,65968616,0.887389988267947
"35047","20074.16",35047,65969851,0.661549203429991
"35048","20074.16",35048,65970486,0.0758537451776977
"35049","20074.16",35049,65970501,-0.308353008378134
"35050","20074.16",35050,65970728,0.0298412592073225
"35051","20074.16",35051,65972255,-0.00870616767348142
"35052","20074.16",35052,65979020,0.405129713279249
"35053","20074.16",35053,65979170,-0.0390389073381705
"35054","20074.16",35054,65979235,-0.349784509426782
"35055","20074.16",35055,65979838,0.353333735629659
"35056","20074.16",35056,65979853,-0.311221975343042
"35057","20074.16",35057,65982313,0.189798772332626
"35058","20074.16",35058,65983447,-0.234676067926348
"35059","20074.16",35059,65984076,0.19198522852569
"35060","20074.16",35060,65984497,-0.573210461485425
"35061","20074.16",35061,65984870,-0.0556410507724552
"35062","20074.16",35062,65984930,-0.158442416964835
"35063","20074.16",35063,65985376,0.0854946568922692
"35064","20074.16",35064,65985899,-0.939615783986388
"35065","20074.16",35065,65986276,0.680164106914696
"35066","20074.16",35066,65987165,-0.0846657740340344
"35067","20074.16",35067,65987204,-0.371845132757264
"35068","20074.16",35068,65988234,0.919052250427987
"35069","20074.16",35069,65988372,0.464805813210483
"35070","20074.16",35070,65988604,-0.87001893618229
"35071","20074.16",35071,65990998,0.0977859801787941
"35072","20074.16",35072,65992307,0.587414016019655
"35073","20074.16",35073,65993224,-1.15571869445706
"35074","20074.16",35074,65994084,0.060704225082799
"35075","20074.16",35075,65994941,0.27020653652549
"35076","20074.16",35076,65994945,0.411459914080763
"35077","20074.16",35077,65995056,0.227997891155701
"35078","20074.16",35078,66001745,0.684269493909334
"35079","20074.16",35079,66001815,-0.656224461673257
"35080","20074.16",35080,66002858,0.731991491512864
"35081","20074.16",35081,66008294,-0.840628917037535
"35082","20074.16",35082,66009438,-0.884704848036123
"35083","20074.16",35083,66009964,0.612652296193287
"35084","20074.16",35084,66012070,0.343512162052655
"35085","20074.16",35085,66012439,-0.906673575733503
"35086","20074.16",35086,66016744,-0.0450601364528618
"35087","20074.16",35087,66017396,0.243404530531923
"35088","20074.16",35088,66020059,-1.00331831038953
"35089","20074.16",35089,66021429,-0.231629968296232
"35090","20074.16",35090,66022085,0.0277493982572699
"35091","20074.16",35091,66022542,0.0156306023301021
"35092","20074.16",35092,66022617,0.285310383707833
"35093","20074.16",35093,66025487,0.752941135429329
"35094","20074.16",35094,66025717,0.346338527981708
"35095","20074.16",35095,66025994,-0.835584352763325
"35096","20074.16",35096,66026153,0.432097013785719
"35097","20074.16",35097,66026399,-0.13085164329076
"35098","20074.16",35098,66026786,1.00149459216013
"35099","20074.16",35099,66027756,0.0933004385530456
"35100","20074.16",35100,66027774,0.370948631519551
"35101","20074.16",35101,66028177,0.498541250820554
"35102","20074.16",35102,66028347,1.01735957185598
"35103","20074.16",35103,66028431,0.607740650100969
"35104","20074.16",35104,66029917,0.213163625175655
"35105","20074.16",35105,66030020,-0.614859012705494
"35106","20074.16",35106,66030038,-0.107522422688511
"35107","20074.16",35107,66032737,-0.340072031469878
"35108","20074.16",35108,66033032,-0.197908802215029
"35109","20074.16",35109,66033798,0.0745828126110624
"35110","20074.16",35110,66034369,0.421712528403353
"35111","20074.16",35111,66035056,0.204956861349701
"35112","20074.16",35112,66035230,-0.322954055590511
"35113","20074.16",35113,66035734,0.0765217902536648
"35114","20074.16",35114,66035743,0.0993864672163385
"35115","20074.16",35115,66036144,0.262485935622929
"35116","20074.16",35116,66036359,0.0758406053185006
"35117","20074.16",35117,66036522,0.504409484842205
"35118","20074.16",35118,66036764,0.739790447674994
"35119","20074.16",35119,66043382,-1.47138248734676
"35120","20074.16",35120,66043905,0.398481098973638
"35121","20074.16",35121,66044399,-0.550933070179341
"35122","20074.16",35122,66045045,0.304381488828317
"35123","20074.16",35123,66045492,0.858905114508233
"35124","20074.16",35124,66045670,-0.570793892385074
"35125","20074.16",35125,66046474,-0.018563281558321
"35126","20074.16",35126,66049631,0.695050956307331
"35127","20074.16",35127,66050397,0.0645177490572788
"35128","20074.16",35128,66050841,-0.276110378688466
"35129","20074.16",35129,66050918,0.384552140664337
"35130","20074.16",35130,66053231,-1.09146025365475
"35131","20074.16",35131,66053401,-1.46815785401168
"35132","20074.16",35132,66054207,0.350765691343578
"35133","20074.16",35133,66054709,0.279338519731161
"35134","20074.16",35134,66055396,0.689784689394487
"35135","20074.16",35135,66056409,-0.38701950088294
"35136","20074.16",35136,66056997,-0.0407728875940263
"35137","20074.16",35137,66059743,0.256413476446338
"35138","20074.16",35138,66060000,0.740921395420682
"35139","20074.16",35139,66060950,-0.138211032657306
"35140","20074.16",35140,66061013,-0.447145441767142
"35141","20074.16",35141,66061418,-0.509398543040719
"35142","20074.16",35142,66061440,0.35926436550112
"35143","20074.16",35143,66062381,0.194725685134617
"35144","20074.16",35144,66062479,-0.548449822273204
"35145","20074.16",35145,66062763,0.460241541440603
"35146","20074.16",35146,66063012,0.13335238738987
"35147","20074.16",35147,66064147,0.105285968997843
"35148","20074.16",35148,66065913,-0.63490188631573
"35149","20074.16",35149,66066267,-0.139276764865047
"35150","20074.16",35150,66066490,0.301726806969529
"35151","20074.16",35151,66067421,-0.366148215780832
"35152","20074.16",35152,66067586,-0.333729452910893
"35153","20074.16",35153,66067642,0.381264883793837
"35154","20074.16",35154,66068016,-0.112993809264904
"35155","20074.16",35155,66068550,0.279628286777112
"35156","20074.16",35156,66068774,0.457224793219841
"35157","20074.16",35157,66069501,0.0795105935675346
"35158","20074.16",35158,66070596,0.0702220890217422
"35159","20074.16",35159,66070886,0.716570396673618
"35160","20074.16",35160,66073538,-0.260155081473243
"35161","20074.16",35161,66074325,0.391039084128361
"35162","20074.16",35162,66074650,0.0254134617950204
"35163","20074.16",35163,66074946,0.420067273743267
"35164","20074.16",35164,66075033,-0.183642605874968
"35165","20074.16",35165,66076435,0.813515552815178
"35166","20074.16",35166,66079178,-0.973203201219518
"35167","20074.16",35167,66079852,-0.10198350102828
"35168","20074.16",35168,66080722,-0.218357225042864
"35169","20074.16",35169,66083122,0.963550278413051
"35170","20074.16",35170,66083411,0.195715526930154
"35171","20074.16",35171,66083506,-0.0096306591941584
"35172","20074.16",35172,66083787,-0.716350283705539
"35173","20074.16",35173,66083831,-0.703296411655136
"35174","20074.16",35174,66084145,0.236521991370664
"35175","20074.16",35175,66084787,0.218319453812809
"35176","20074.16",35176,66085026,0.283940383066031
"35177","20074.16",35177,66085073,0.0664152757383123
"35178","20074.16",35178,66086499,-0.187052867979984
"35179","20074.16",35179,66086653,-0.109160392893319
"35180","20074.16",35180,66087711,0.00389095567426523
"35181","20074.16",35181,66088073,0.0026196274405752
"35182","20074.16",35182,66090726,-0.864953274232836
"35183","20074.16",35183,66091075,0.819651920292057
"35184","20074.16",35184,66091516,0.413839003193559
"35185","20074.16",35185,66091995,-0.231756304777711
"35186","20074.16",35186,66092558,0.0991183053886573
"35187","20074.16",35187,66094349,-0.631892455972529
"35188","20074.16",35188,66096279,-0.052539452057812
"35189","20074.16",35189,66096480,0.568821694423534
"35190","20074.16",35190,66096826,-0.278516272172361
"35191","20074.16",35191,66100889,-1.29577994139336
"35192","20074.16",35192,66101319,0.150045287657167
"35193","20074.16",35193,66101399,1.0279357387899
"35194","20074.16",35194,66101784,0.0354658131357883
"35195","20074.16",35195,66102429,0.660991002667514
"35196","20074.16",35196,66102851,-0.355141229023309
"35197","20074.16",35197,66104842,-0.000253137099345047
"35198","20074.16",35198,66106784,-0.79962619270797
"35199","20074.16",35199,66107685,0.00185029208018861
"35200","20074.16",35200,66113668,0.106376893818847
"35201","20074.16",35201,66114223,0.771434953600342
"35202","20074.16",35202,66115076,0.412093701988444
"35203","20074.16",35203,66115325,-0.219050467518904
"35204","20074.16",35204,66115591,0.407938701494182
"35205","20074.16",35205,66116591,0.0075980292724962
"35206","20074.16",35206,66116712,0.259713035794822
"35207","20074.16",35207,66116921,0.316490434951313
"35208","20074.16",35208,66119177,-0.368311488746454
"35209","20074.16",35209,66119822,0.960390960723834
"35210","20074.16",35210,66122316,-0.128005507703858
"35211","20074.16",35211,66125210,0.162167669594742
"35212","20074.16",35212,66125633,0.347843254138676
"35213","20074.16",35213,66125662,-0.157053085873567
"35214","20074.16",35214,66126615,-0.371323097108552
"35215","20074.16",35215,66132026,0.259637621693982
"35216","20074.16",35216,66132215,-0.140220424659008
"35217","20074.16",35217,66132620,0.210293126041397
"35218","20074.16",35218,66133322,-0.164134836515404
"35219","20074.16",35219,66134601,0.347528561185549
"35220","20074.16",35220,66135666,-0.20051923860036
"35221","20074.16",35221,66138010,0.373976272133961
"35222","20074.16",35222,66138173,0.74452207430437
"35223","20074.16",35223,66138449,-0.205229142333351
"35224","20074.16",35224,66139815,0.263143789790388
"35225","20074.16",35225,66140559,0.0428083672948825
"35226","20074.16",35226,66140617,-0.334681721783998
"35227","20074.16",35227,66141557,-0.278441081401127
"35228","20074.16",35228,66144144,-0.370658440968136
"35229","20074.16",35229,66144215,-0.0812524698223847
"35230","20074.16",35230,66147307,0.0844108750963866
"35231","20074.16",35231,66147573,-0.370852124491906
"35232","20074.16",35232,66148111,-0.54528108227395
"35233","20074.16",35233,66150536,0.0287147493212929
"35234","20074.16",35234,66150730,0.721715943872296
"35235","20074.16",35235,66150903,0.936969456464657
"35236","20074.16",35236,66151540,0.288529836980405
"35237","20074.16",35237,66151938,-1.09877096158217
"35238","20074.16",35238,66152068,0.147404429520764
"35239","20074.16",35239,66152662,0.342050365712436
"35240","20074.16",35240,66152801,-0.520433765571087
"35241","20074.16",35241,66154700,0.107941547719528
"35242","20074.16",35242,66155081,0.0582280539552711
"35243","20074.16",35243,66155753,0.371955351418843
"35244","20074.16",35244,66156126,0.684550146011241
"35245","20074.16",35245,66156256,-0.551865046158007
"35246","20074.16",35246,66157185,0.576730362277959
"35247","20074.16",35247,66158736,0.920061233272325
"35248","20074.16",35248,66158890,-0.0552197618147376
"35249","20074.16",35249,66159040,0.133370173522314
"35250","20074.16",35250,66159066,0.145117035146156
"35251","20074.16",35251,66159089,0.496420435017778
"35252","20074.16",35252,66159270,0.421091983385474
"35253","20074.16",35253,66159298,-0.617109376769013
"35254","20074.16",35254,66162229,-0.02355061276368
"35255","20074.16",35255,66162454,-0.458758522863851
"35256","20074.16",35256,66162564,0.067946378533021
"35257","20074.16",35257,66163067,0.0178577904532062
"35258","20074.16",35258,66167733,1.04085056160989
"35259","20074.16",35259,66168055,-0.625791654792033
"35260","20074.16",35260,66168320,0.169355755955978
"35261","20074.16",35261,66168387,-0.374056526852907
"35262","20074.16",35262,66169893,-0.594043143580915
"35263","20074.16",35263,66170022,-0.230739982657384
"35264","20074.16",35264,66170585,0.731458037142928
"35265","20074.16",35265,66171549,0.553136786070215
"35266","20074.16",35266,66173706,0.112763655116558
"35267","20074.16",35267,66173907,1.34575291953287
"35268","20074.16",35268,66173947,0.755487173051091
"35269","20074.16",35269,66174564,0.369019177565701
"35270","20074.16",35270,66174742,-0.189269530387826
"35271","20074.16",35271,66175161,0.0658648123304673
"35272","20074.16",35272,66177993,0.113045686176053
"35273","20074.16",35273,66178141,0.493555683705796
"35274","20074.16",35274,66181275,-1.22094705808559
"35275","20074.16",35275,66181453,0.268069223707768
"35276","20074.16",35276,66181526,-0.0168947991341879
"35277","20074.16",35277,66182637,0.501806418271586
"35278","20074.16",35278,66182658,0.211606955229722
"35279","20074.16",35279,66183087,-0.840017907852201
"35280","20074.16",35280,66183731,0.0384115673458867
"35281","20074.16",35281,66184669,-0.267909503968403
"35282","20074.16",35282,66186718,0.0321113596286748
"35283","20074.16",35283,66187313,0.220397334194031
"35284","20074.16",35284,66189002,-0.109130772941583
"35285","20074.16",35285,66189669,0.95591561085584
"35286","20074.16",35286,66194609,0.422376685158901
"35287","20074.16",35287,66195862,-0.120756558606435
"35288","20074.16",35288,66195939,-0.945993171307028
"35289","20074.16",35289,66199745,0.0353945605719383
"35290","20074.16",35290,66199896,-0.41127914170719
"35291","20074.16",35291,66200288,0.352256570777583
"35292","20074.16",35292,66200307,0.164997940450959
"35293","20074.16",35293,66201622,-0.4680717192544
"35294","20074.16",35294,66202513,0.128219099586922
"35295","20074.16",35295,66202734,0.497940010695431
"35296","20074.16",35296,66202769,0.0108623507928165
"35297","20074.16",35297,66202945,-0.0101394401611765
"35298","20074.16",35298,66204125,0.11492511926355
"35299","20074.16",35299,66206087,0.0844622394648882
"35300","20074.16",35300,66206777,-0.137603406295779
"35301","20074.16",35301,66212505,0.0154641324422284
"35302","20074.16",35302,66215334,0.496432234237065
"35303","20074.16",35303,66216144,-0.305959970534668
"35304","20074.16",35304,66216436,-0.396241412408481
"35305","20074.16",35305,66218527,0.512557269912132
"35306","20074.16",35306,66221663,0.418740247828326
"35307","20074.16",35307,66222056,-0.0875559914867612
"35308","20074.16",35308,66224094,0.883381702896966
"35309","20074.16",35309,66224264,-0.529480484202818
"35310","20074.16",35310,66224580,0.421870859651697
"35311","20074.16",35311,66225012,0.78752989545835
"35312","20074.16",35312,66227494,-0.00792772420974686
"35313","20074.16",35313,66227740,-0.487484798381624
"35314","20074.16",35314,66227875,0.399177846321376
"35315","20074.16",35315,66228233,0.555444162175507
"35316","20074.16",35316,66229217,0.204722980372136
"35317","20074.16",35317,66229803,-0.134030261370332
"35318","20074.16",35318,66240054,-0.299489812590275
"35319","20074.16",35319,66240291,-0.500281664892235
"35320","20074.16",35320,66240435,0.817230062901328
"35321","20074.16",35321,66241074,0.316837160891079
"35322","20074.16",35322,66241524,-0.907499693539442
"35323","20074.16",35323,66241807,0.71696579438623
"35324","20074.16",35324,66242376,0.495424432647941
"35325","20074.16",35325,66242472,-0.989153879973386
"35326","20074.16",35326,66244153,0.151682888324776
"35327","20074.16",35327,66245126,-0.530494560067729
"35328","20074.16",35328,66248644,0.358279127408928
"35329","20074.16",35329,66249959,0.629203455872607
"35330","20074.16",35330,66250016,-0.662171655073593
"35331","20074.16",35331,66253623,0.389390642828865
"35332","20074.16",35332,66253778,-0.09113271439782
"35333","20074.16",35333,66255400,-0.324295518630584
"35334","20074.16",35334,66258251,0.355370337517516
"35335","20074.16",35335,66258748,-0.0948244197693686
"35336","20074.16",35336,66262894,0.465154871865335
"35337","20074.16",35337,66263094,-0.107049193900944
"35338","20074.16",35338,66265725,-0.799293982062474
"35339","20074.16",35339,66267643,0.651617425577599
"35340","20074.16",35340,66268293,-0.368391343339552
"35341","20074.16",35341,66268420,0.930679827489128
"35342","20074.16",35342,66269137,0.572124988837246
"35343","20074.16",35343,66269895,0.205310518507972
"35344","20074.16",35344,66272773,0.166435256555987
"35345","20074.16",35345,66273164,0.280058278671082
"35346","20074.16",35346,66273311,0.316773057069864
"35347","20074.16",35347,66274891,-0.863990642470627
"35348","20074.16",35348,66275261,0.269123151410647
"35349","20074.16",35349,66276167,-0.512867919087707
"35350","20074.16",35350,66277382,0.171334853349061
"35351","20074.16",35351,66277504,0.63604803026681
"35352","20074.16",35352,66277846,-0.138997947093765
"35353","20074.16",35353,66278249,-0.286402280311711
"35354","20074.16",35354,66278773,-0.472074607254142
"35355","20074.16",35355,66279169,-0.222191455666739
"35356","20074.16",35356,66282156,-0.0549236795564756
"35357","20074.16",35357,66282633,-0.859490504111325
"35358","20074.16",35358,66284119,-0.369688175681453
"35359","20074.16",35359,66284779,0.316467877735596
"35360","20074.16",35360,66284991,0.503010226772955
"35361","20074.16",35361,66285038,-0.271422693827756
"35362","20074.16",35362,66285286,0.407000548566681
"35363","20074.16",35363,66288071,-0.459834303519318
"35364","20074.16",35364,66289195,0.595209987694617
"35365","20074.16",35365,66289223,0.428205566482492
"35366","20074.16",35366,66290004,0.454355358791712
"35367","20074.16",35367,66290357,0.63778773836307
"35368","20074.16",35368,66292818,0.181016226433967
"35369","20074.16",35369,66292957,-0.611579228947264
"35370","20074.16",35370,66294590,0.258967701466521
"35371","20074.16",35371,66294764,0.428255565623448
"35372","20074.16",35372,66294804,0.451085701130839
"35373","20074.16",35373,66294813,-1.20212620577856
"35374","20074.16",35374,66295179,0.206468375403377
"35375","20074.16",35375,66295260,-0.189377675304804
"35376","20074.16",35376,66295323,-0.199610576018609
"35377","20074.16",35377,66296559,0.796598079705178
"35378","20074.16",35378,66300377,-0.899996774320479
"35379","20074.16",35379,66300594,-0.102731902857872
"35380","20074.16",35380,66301305,-0.00296107204154517
"35381","20074.16",35381,66302374,0.250915814637984
"35382","20074.16",35382,66306473,0.713919905596613
"35383","20074.16",35383,66312181,-0.816861433471558
"35384","20074.16",35384,66313822,-0.22873925236648
"35385","20074.16",35385,66317429,-0.0508521701929388
"35386","20074.16",35386,66317913,-0.846490524471563
"35387","20074.16",35387,66318380,-0.82912350866315
"35388","20074.16",35388,66321917,-0.341930349747935
"35389","20074.16",35389,66324048,0.0986430849056674
"35390","20074.16",35390,66324220,-0.39535024172553
"35391","20074.16",35391,66325806,0.527105849307991
"35392","20074.16",35392,66328696,0.777411089547688
"35393","20074.16",35393,66329568,-0.341921755155778
"35394","20074.16",35394,66329970,0.944903000707
"35395","20074.16",35395,66330545,-0.195360495163017
"35396","20074.16",35396,66333766,0.239919841118142
"35397","20074.16",35397,66334290,-0.81187774886149
"35398","20074.16",35398,66334801,0.367340125321879
"35399","20074.16",35399,66334978,0.271962504733211
"35400","20074.16",35400,66334992,-0.964888289173262
"35401","20074.16",35401,66335108,0.9853946195768
"35402","20074.16",35402,66343041,0.646958339637755
"35403","20074.16",35403,66352395,0.490657634228724
"35404","20074.16",35404,66355833,0.1211966448454
"35405","20074.16",35405,66356719,-1.261618298293
"35406","20074.16",35406,66361553,-0.138956930834492
"35407","20074.16",35407,66363723,0.0786474235142283
"35408","20074.16",35408,66364713,0.131058989956801
"35409","20074.16",35409,66364753,0.154886655790836
"35410","20074.16",35410,66366160,-0.174546981809444
"35411","20074.16",35411,66366554,0.351147650670289
"35412","20074.16",35412,66366781,-0.575790745810767
"35413","20074.16",35413,66367473,-0.80871539695166
"35414","20074.16",35414,66371756,0.805337108025417
"35415","20074.16",35415,66372813,-0.495733177894311
"35416","20074.16",35416,66372886,0.500828990949194
"35417","20074.16",35417,66374458,0.349641601671421
"35418","20074.16",35418,66375948,-0.113024499973648
"35419","20074.16",35419,66378650,0.45801303984618
"35420","20074.16",35420,66378752,-0.355429761398421
"35421","20074.16",35421,66379250,-0.140756456920258
"35422","20074.16",35422,66379746,0.676412451237639
"35423","20074.16",35423,66379992,0.388382395615335
"35424","20074.16",35424,66383359,0.29088259054178
"35425","20074.16",35425,66383695,0.488476528778473
"35426","20074.16",35426,66384071,-0.409277866962968
"35427","20074.16",35427,66384455,-0.182463421826097
"35428","20074.16",35428,66384782,1.35155696116168
"35429","20074.16",35429,66385361,-0.441863835840023
"35430","20074.16",35430,66385757,0.205773571913291
"35431","20074.16",35431,66386711,-0.820012174602565
"35432","20074.16",35432,66387396,0.571111050987356
"35433","20074.16",35433,66387498,-0.902396751584135
"35434","20074.16",35434,66388785,0.471560296178271
"35435","20074.16",35435,66388834,-0.317212784752457
"35436","20074.16",35436,66392480,0.024597067758811
"35437","20074.16",35437,66394016,0.360551936677505
"35438","20074.16",35438,66394280,0.17200912935055
"35439","20074.16",35439,66394390,0.365830209725718
"35440","20074.16",35440,66398525,0.0715513594334078
"35441","20074.16",35441,66398933,-0.247101639699072
"35442","20074.16",35442,66399945,-1.15806124025038
"35443","20074.16",35443,66403200,-0.911356170307609
"35444","20074.16",35444,66405871,0.574796557572767
"35445","20074.16",35445,66407739,-0.11048761911047
"35446","20074.16",35446,66407781,0.337710230676211
"35447","20074.16",35447,66407893,0.517052681411273
"35448","20074.16",35448,66408263,-0.585377164585394
"35449","20074.16",35449,66408973,0.453064867760108
"35450","20074.16",35450,66412446,-0.063576433394573
"35451","20074.16",35451,66415478,0.267110291354899
"35452","20074.16",35452,66419160,0.20929268018651
"35453","20074.16",35453,66419668,0.642393591006898
"35454","20074.16",35454,66419863,0.00780068049605109
"35455","20074.16",35455,66420005,0.131069513899529
"35456","20074.16",35456,66420885,-0.0913114400618626
"35457","20074.16",35457,66421406,0.132525356642001
"35458","20074.16",35458,66421621,-1.4008023441107
"35459","20074.16",35459,66425176,0.912233240258103
"35460","20074.16",35460,66425743,-1.53082739144797
"35461","20074.16",35461,66426273,-0.728302257480519
"35462","20074.16",35462,66426588,0.283492538553758
"35463","20074.16",35463,66430467,0.891178511754005
"35464","20074.16",35464,66430669,0.132301996381956
"35465","20074.16",35465,66432381,0.39887500597544
"35466","20074.16",35466,66433915,0.353506149480057
"35467","20074.16",35467,66433975,-0.2083940512851
"35468","20074.16",35468,66440142,0.0961775756596586
"35469","20074.16",35469,66442406,0.587032165014063
"35470","20074.16",35470,66442499,-1.10803056883685
"35471","20074.16",35471,66448134,-0.081148693217525
"35472","20074.16",35472,66450734,0.658774698899541
"35473","20074.16",35473,66453951,-0.973759617811652
"35474","20074.16",35474,66455642,-0.607987016070737
"35475","20074.16",35475,66456199,0.734850070797543
"35476","20074.16",35476,66456354,0.509688250256827
"35477","20074.16",35477,66456796,-0.308125561448588
"35478","20074.16",35478,66457107,0.785591253882015
"35479","20074.16",35479,66457497,-0.338654436275515
"35480","20074.16",35480,66457653,0.085909911590524
"35481","20074.16",35481,66458044,-0.405338136672596
"35482","20074.16",35482,66458335,0.441216237782089
"35483","20074.16",35483,66458565,-0.816746150155433
"35484","20074.16",35484,66463782,-0.44708688564427
"35485","20074.16",35485,66464880,0.0322692110503802
"35486","20074.16",35486,66464923,-0.438873748193274
"35487","20074.16",35487,66465192,-0.371909539339193
"35488","20074.16",35488,66468009,-0.591600298093918
"35489","20074.16",35489,66469376,-0.420302662719624
"35490","20074.16",35490,66472505,-0.374923385074111
"35491","20074.16",35491,66472786,-1.03443536314475
"35492","20074.16",35492,66473559,0.260100456049808
"35493","20074.16",35493,66476825,0.423487209262624
"35494","20074.16",35494,66476944,1.07383986666359
"35495","20074.16",35495,66479452,-0.253719999793956
"35496","20074.16",35496,66480429,0.658409117515055
"35497","20074.16",35497,66480738,0.66550933876233
"35498","20074.16",35498,66481243,0.0777067537301201
"35499","20074.16",35499,66483806,0.220444257183071
"35500","20074.16",35500,66483975,-1.02953776765995
"35501","20074.16",35501,66486118,0.215583410615027
"35502","20074.16",35502,66486574,0.142536572148646
"35503","20074.16",35503,66486588,-0.31400924238916
"35504","20074.16",35504,66486925,-0.576183570879699
"35505","20074.16",35505,66487206,-0.583276347450669
"35506","20074.16",35506,66493178,0.256132402823884
"35507","20074.16",35507,66501116,-0.597516222679138
"35508","20074.16",35508,66501661,0.0548208950837399
"35509","20074.16",35509,66501861,-0.896759121141537
"35510","20074.16",35510,66506268,-0.343529146311634
"35511","20074.16",35511,66508027,-0.986981639846278
"35512","20074.16",35512,66511323,-0.161625383928659
"35513","20074.16",35513,66513319,-1.07566766200629
"35514","20074.16",35514,66514962,-0.326226423453982
"35515","20074.16",35515,66518692,-0.091733052321131
"35516","20074.16",35516,66518784,0.107736511144275
"35517","20074.16",35517,66519571,-1.67180979841478
"35518","20074.16",35518,66520088,0.387560205164449
"35519","20074.16",35519,66524751,0.170955476669311
"35520","20074.16",35520,66527859,0.372705087022925
"35521","20074.16",35521,66536350,0.119657799414451
"35522","20074.16",35522,66537132,0.125072463959047
"35523","20074.16",35523,66542767,0.74368283259142
"35524","20074.16",35524,66543650,-0.92955419875052
"35525","20074.16",35525,66543703,-1.41303817238531
"35526","20074.16",35526,66544453,-0.395803592960547
"35527","20074.16",35527,66549313,-0.333833182168562
"35528","20074.16",35528,66549459,-0.522015670181524
"35529","20074.16",35529,66552101,-0.354209382040528
"35530","20074.16",35530,66554540,0.23535689755883
"35531","20074.16",35531,66554587,0.0111971358922469
"35532","20074.16",35532,66557212,-0.112927793969839
"35533","20074.16",35533,66557418,0.519767925164392
"35534","20074.16",35534,66559446,-0.212143533607104
"35535","20074.16",35535,66559494,-1.00642901757306
"35536","20074.16",35536,66560015,-0.273336613144619
"35537","20074.16",35537,66565292,-0.507368802570875
"35538","20074.16",35538,66565948,0.0404828650469264
"35539","20074.16",35539,66567960,0.262074963448554
"35540","20074.16",35540,66571421,-0.407012367397918
"35541","20074.16",35541,66571563,-0.54571802851224
"35542","20074.16",35542,66572461,-0.432174056202641
"35543","20074.16",35543,66574134,-0.12398772948655
"35544","20074.16",35544,66576387,-0.514062015189928
"35545","20074.16",35545,66579789,-0.135616668276681
"35546","20074.16",35546,66580199,-0.00680274105670797
"35547","20074.16",35547,66580721,0.179876049615321
"35548","20074.16",35548,66585611,0.826246211998138
"35549","20074.16",35549,66585710,0.329155694086189
"35550","20074.16",35550,66588770,-0.756185139712194
"35551","20074.16",35551,66590572,0.343249447781443
"35552","20074.16",35552,66592879,-0.020465714220161
"35553","20074.16",35553,66592913,-0.836868669678676
"35554","20074.16",35554,66598975,0.456955120242104
"35555","20074.16",35555,66599196,-2.12232879243741
"35556","20074.16",35556,66599473,0.689838238390631
"35557","20074.16",35557,66602032,0.38341594888855
"35558","20074.16",35558,66602068,-0.331473263549852
"35559","20074.16",35559,66604604,0.338161147153227
"35560","20074.16",35560,66604868,0.593840174961483
"35561","20074.16",35561,66605955,-0.224500951774672
"35562","20074.16",35562,66605997,-0.899302963043845
"35563","20074.16",35563,66606901,-0.133240951976501
"35564","20074.16",35564,66607118,0.00451710963058805
"35565","20074.16",35565,66607188,1.20629860435807
"35566","20074.16",35566,66608490,-0.577782514189122
"35567","20074.16",35567,66608800,0.834466718925866
"35568","20074.16",35568,66611350,-0.0984645485337214
"35569","20074.16",35569,66615834,-0.265663833715405
"35570","20074.16",35570,66617038,0.245532197703064
"35571","20074.16",35571,66618330,-0.177020052584889
"35572","20074.16",35572,66623346,-0.76703152669782
"35573","20074.16",35573,66629037,-0.88009457398037
"35574","20074.16",35574,66632016,-1.26651572736958
"35575","20074.16",35575,66632125,-0.302408645651004
"35576","20074.16",35576,66632385,0.527011026490102
"35577","20074.16",35577,66648258,-0.309372215174891
"35578","20074.16",35578,66653634,-0.634643317642517
"35579","20074.16",35579,66654897,-0.537431056600849
"35580","20074.16",35580,66656399,-0.95215355844371
"35581","20074.16",35581,66657471,0.330085999180393
"35582","20074.16",35582,66658355,-0.72078381529986
"35583","20074.16",35583,66658785,-0.860984665278187
"35584","20074.16",35584,66659024,0.808470777189748
"35585","20074.16",35585,66659449,0.53491572965148
"35586","20074.16",35586,66662330,0.265642701341052
"35587","20074.16",35587,66662647,-0.584441323141133
"35588","20074.16",35588,66667339,-0.70250594062235
"35589","20074.16",35589,66668848,-0.598849825058357
"35590","20074.16",35590,66668869,-0.432252072453348
"35591","20074.16",35591,66669977,0.400264978018549
"35592","20074.16",35592,66670281,-0.381330501197416
"35593","20074.16",35593,66671602,-0.201915210142396
"35594","20074.16",35594,66673183,0.346686621370808
"35595","20074.16",35595,66673311,0.123953401341067
"35596","20074.16",35596,66676279,-0.964441170373655
"35597","20074.16",35597,66677361,0.0301446459411752
"35598","20074.16",35598,66677461,-0.61650041632918
"35599","20074.16",35599,66678222,0.743319362620336
"35600","20074.16",35600,66678613,-0.0727061243976399
"35601","20074.16",35601,66680043,0.171909868502253
"35602","20074.16",35602,66680233,-0.146409008134922
"35603","20074.16",35603,66683108,-0.844215726684118
"35604","20074.16",35604,66684030,-0.248599974997064
"35605","20074.16",35605,66684641,-1.01524107895133
"35606","20074.16",35606,66686797,0.586268619202234
"35607","20074.16",35607,66688509,-0.447806622706831
"35608","20074.16",35608,66689706,1.03017650971077
"35609","20074.16",35609,66690192,-0.653745440629141
"35610","20074.16",35610,66694913,-0.0486376296211368
"35611","20074.16",35611,66695081,0.00551010740884017
"35612","20074.16",35612,66695516,-1.09167864001951
"35613","20074.16",35613,66696142,-0.000589684896569409
"35614","20074.16",35614,66696454,0.00164135874292981
"35615","20074.16",35615,66703279,-0.242016826283017
"35616","20074.16",35616,66703986,-0.132615910123531
"35617","20074.16",35617,66704019,0.176733405314694
"35618","20074.16",35618,66707642,0.502080597690338
"35619","20074.16",35619,66709414,-1.02455365357829
"35620","20074.16",35620,66709686,0.958334797209974
"35621","20074.16",35621,66711437,0.447752957733804
"35622","20074.16",35622,66711766,-0.336401584890046
"35623","20074.16",35623,66712369,0.303476122508552
"35624","20074.16",35624,66715013,0.26500480084244
"35625","20074.16",35625,66723046,-0.908939918125409
"35626","20074.16",35626,66723718,0.520883085902066
"35627","20074.16",35627,66723732,0.330273147051082
"35628","20074.16",35628,66732717,-0.125042225136822
"35629","20074.16",35629,66733891,-0.514588095243423
"35630","20074.16",35630,66735819,-0.657415935526544
"35631","20074.16",35631,66737924,-0.311878534926318
"35632","20074.16",35632,66739825,0.624353534134472
"35633","20074.16",35633,66740072,1.57626427487271
"35634","20074.16",35634,66740861,-0.556876685237317
"35635","20074.16",35635,66745024,-0.380679967033697
"35636","20074.16",35636,66745846,-0.111399809446279
"35637","20074.16",35637,66748854,-0.610455884903048
"35638","20074.16",35638,66749829,-0.595368014957685
"35639","20074.16",35639,66750040,0.892744971352598
"35640","20074.16",35640,66752603,-0.00700794373419455
"35641","20074.16",35641,66757676,-0.241489352146775
"35642","20074.16",35642,66758203,-0.134349744208317
"35643","20074.16",35643,66759682,-0.066744914442924
"35644","20074.16",35644,66762847,1.10733847926521
"35645","20074.16",35645,66764809,0.303059869255617
"35646","20074.16",35646,66766983,0.295138522322119
"35647","20074.16",35647,66770480,0.324620304320377
"35648","20074.16",35648,66771588,-0.710482265825116
"35649","20074.16",35649,66771610,0.189910080265218
"35650","20074.16",35650,66775036,0.0155163884745173
"35651","20074.16",35651,66780177,0.0602871316408695
"35652","20074.16",35652,66780516,0.0440262549131072
"35653","20074.16",35653,66781297,-0.261135786097104
"35654","20074.16",35654,66792904,0.0342173963795513
"35655","20074.16",35655,66797311,0.331800722436514
"35656","20074.16",35656,66803097,-0.232481904682844
"35657","20074.16",35657,66803156,-0.95686402065069
"35658","20074.16",35658,66803979,0.158470787813004
"35659","20074.16",35659,66805268,-0.0295416477746224
"35660","20074.16",35660,66812615,-0.0912094675675919
"35661","20074.16",35661,66812797,0.834678920085577
"35662","20074.16",35662,66812862,-0.565936545724678
"35663","20074.16",35663,66814760,0.171105963663427
"35664","20074.16",35664,66815096,0.534763143244692
"35665","20074.16",35665,66818075,-1.19398774079655
"35666","20074.16",35666,66818542,-0.607577109755404
"35667","20074.16",35667,66819751,0.367358044891753
"35668","20074.16",35668,66822182,0.134101148976383
"35669","20074.16",35669,66822361,-0.65819232229763
"35670","20074.16",35670,66826324,-0.0247763610820435
"35671","20074.16",35671,66827966,-0.45145863109592
"35672","20074.16",35672,66835391,-0.352893747869412
"35673","20074.16",35673,66839222,0.113823405086101
"35674","20074.16",35674,66839239,-0.135417820288907
"35675","20074.16",35675,66846295,-0.11295322440019
"35676","20074.16",35676,66849378,-0.637157812018734
"35677","20074.16",35677,66850089,-0.96497356805009
"35678","20074.16",35678,66855230,0.397205948952533
"35679","20074.16",35679,66855647,0.639899856738572
"35680","20074.16",35680,66856032,-0.583401292672527
"35681","20074.16",35681,66857573,0.749089696675278
"35682","20074.16",35682,66859407,0.278193288051518
"35683","20074.16",35683,66859609,0.497580847891284
"35684","20074.16",35684,66859953,-0.271273660798966
"35685","20074.16",35685,66861966,0.657718074871537
"35686","20074.16",35686,66862947,0.961199504307712
"35687","20074.16",35687,66863478,-0.637063346762259
"35688","20074.16",35688,66866633,0.052930456541497
"35689","20074.16",35689,66874279,0.0790346008773497
"35690","20074.16",35690,66875016,-0.636757485891697
"35691","20074.16",35691,66876107,-0.299113205089077
"35692","20074.16",35692,66879077,-2.26546767688232
"35693","20074.16",35693,66879966,-0.212025087024394
"35694","20074.16",35694,66881866,-0.215322599481552
"35695","20074.16",35695,66882610,-0.639044948743379
"35696","20074.16",35696,66883119,-0.357159166674932
"35697","20074.16",35697,66884759,-0.157809327299941
"35698","20074.16",35698,66888520,-0.775130883722534
"35699","20074.16",35699,66888974,-0.852569954159884
"35700","20074.16",35700,66900861,0.90115761211703
"35701","20074.16",35701,66900906,0.0259011478770121
"35702","20074.16",35702,66904770,0.114494707896178
"35703","20074.16",35703,66905633,0.0904428101754728
"35704","20074.16",35704,66906647,-0.354700337936388
"35705","20074.16",35705,66906871,1.26033162654793
"35706","20074.16",35706,66916290,1.18220911735941
"35707","20074.16",35707,66916530,0.143097299821942
"35708","20074.16",35708,66919060,0.122335229449331
"35709","20074.16",35709,66920146,-1.17646860371562
"35710","20074.16",35710,66920452,0.00541876764747684
"35711","20074.16",35711,66921422,-0.760261876263666
"35712","20074.16",35712,66923668,-0.990080934648534
"35713","20074.16",35713,66923905,-1.20469566169235
"35714","20074.16",35714,66928240,-0.130621044291688
"35715","20074.16",35715,66928565,0.559132761280533
"35716","20074.16",35716,66930163,0.359001255138907
"35717","20074.16",35717,66932528,-0.85656446681045
"35718","20074.16",35718,66933653,-0.907105005207716
"35719","20074.16",35719,66936583,-0.172065203711985
"35720","20074.16",35720,66936992,-1.32636449750899
"35721","20074.16",35721,66939738,0.745452922611933
"35722","20074.16",35722,66941074,-1.01887785808169
"35723","20074.16",35723,66941500,-0.622950047167831
"35724","20074.16",35724,66942982,0.190661296632459
"35725","20074.16",35725,66943765,0.0142942784951066
"35726","20074.16",35726,66948130,-0.26846506479554
"35727","20074.16",35727,66949938,0.39895265139726
"35728","20074.16",35728,66950874,0.54906058925921
"35729","20074.16",35729,66953809,-1.38978688118258
"35730","20074.16",35730,66958813,-0.0790654844598109
"35731","20074.16",35731,66963390,0.0313243768598168
"35732","20074.16",35732,66964180,-0.152612255201242
"35733","20074.16",35733,66966561,-0.297682997702324
"35734","20074.16",35734,66971257,0.546989632916088
"35735","20074.16",35735,66971577,0.735573768632608
"35736","20074.16",35736,66972221,-0.456442803556397
"35737","20074.16",35737,66972373,0.303886751754628
"35738","20074.16",35738,66972968,0.135300255122988
"35739","20074.16",35739,66973381,0.0701092464077142
"35740","20074.16",35740,66975063,-0.576936917190491
"35741","20074.16",35741,66977172,0.538811678816049
"35742","20074.16",35742,66977714,0.135233423039431
"35743","20074.16",35743,66982994,0.443409660702611
"35744","20074.16",35744,66985139,0.555902060554417
"35745","20074.16",35745,66988341,0.282415605052271
"35746","20074.16",35746,66989984,-0.840451294111737
"35747","20074.16",35747,66992355,-0.221225073386649
"35748","20074.16",35748,66994164,-1.63925977487584
"35749","20074.16",35749,66995115,-0.233224905603674
"35750","20074.16",35750,67002992,-0.501668383634624
"35751","20074.16",35751,67006310,0.799187855499555
"35752","20074.16",35752,67006542,-0.290373352219537
"35753","20074.16",35753,67015632,-0.634798048058101
"35754","20074.16",35754,67016490,0.487462351652938
"35755","20074.16",35755,67018856,0.129735873910453
"35756","20074.16",35756,67019778,-1.89373805308002
"35757","20074.16",35757,67020498,0.219427110570884
"35758","20074.16",35758,67024747,-1.0325234418489
"35759","20074.16",35759,67025232,-0.85068816960291
"35760","20074.16",35760,67025605,-0.578386080010274
"35761","20074.16",35761,67029443,-0.415504229067877
"35762","20074.16",35762,67029889,-0.729491446278844
"35763","20074.16",35763,67034069,-0.405545188666986
"35764","20074.16",35764,67039897,0.496105157184084
"35765","20074.16",35765,67040335,-0.127417434625551
"35766","20074.16",35766,67040968,0.222733819744831
"35767","20074.16",35767,67049970,0.283998784181397
"35768","20074.16",35768,67050376,-0.682128360368497
"35769","20074.16",35769,67055236,-0.116118333841878
"35770","20074.16",35770,67055952,0.114253534124775
"35771","20074.16",35771,67074321,0.885821449716985
"35772","20074.16",35772,67074949,-1.42741188779597
"35773","20074.16",35773,67075615,0.539122792667782
"35774","20074.16",35774,67077773,-0.203272845453683
"35775","20074.16",35775,67081372,-0.0285330237943802
"35776","20074.16",35776,67082293,0.508158335330328
"35777","20074.16",35777,67082313,0.381931004528519
"35778","20074.16",35778,67083027,-0.96148096200414
"35779","20074.16",35779,67084959,0.217824951654546
"35780","20074.16",35780,67089918,-1.53506740934941
"35781","20074.16",35781,67090176,-0.796432787221167
"35782","20074.16",35782,67091362,-0.09549682804865
"35783","20074.16",35783,67094767,0.48924741604243
"35784","20074.16",35784,67096803,0.663004014825177
"35785","20074.16",35785,67102050,0.00304474662137899
"35786","20074.16",35786,67102464,-0.539068501882687
"35787","20074.16",35787,67105149,0.384615502317444
"35788","20074.16",35788,67105878,-0.571467197140234
"35789","20074.16",35789,67106954,0.218742113533953
"35790","20074.16",35790,67109507,-0.827372498408779
"35791","20074.16",35791,67115404,-0.055223912912906
"35792","20074.16",35792,67118845,-0.0467989605057424
"35793","20074.16",35793,67120715,0.382096751539573
"35794","20074.16",35794,67120980,-0.297085339370398
"35795","20074.16",35795,67121780,-0.573064820893204
"35796","20074.16",35796,67125908,0.352558705660264
"35797","20074.16",35797,67129405,-1.29612961310574
"35798","20074.16",35798,67129904,-1.13358057988096
"35799","20074.16",35799,67132842,0.17049786717219
"35800","20074.16",35800,67133239,-1.37323932282397
"35801","20074.16",35801,67134163,-0.162484441338003
"35802","20074.16",35802,67137600,-0.411135499334454
"35803","20074.16",35803,67140359,-0.143897934420788
"35804","20074.16",35804,67141316,-0.700315515225232
"35805","20074.16",35805,67146702,-0.317842487565395
"35806","20074.16",35806,67147010,0.68163132503981
"35807","20074.16",35807,67150384,-0.94308787079399
"35808","20074.16",35808,67155445,0.0764816054287785
"35809","20074.16",35809,67158838,0.494425744571148
"35810","20074.16",35810,67161073,-0.17704242644138
"35811","20074.16",35811,67161261,0.33645965326306
"35812","20074.16",35812,67164756,-0.721077151216583
"35813","20074.16",35813,67165258,-0.377927525185099
"35814","20074.16",35814,67168960,0.158355414434048
"35815","20074.16",35815,67173557,-1.19516698837764
"35816","20074.16",35816,67174212,0.151916193326305
"35817","20074.16",35817,67174269,0.0234019447731999
"35818","20074.16",35818,67176137,0.20604813917316
"35819","20074.16",35819,67178553,0.483368284556984
"35820","20074.16",35820,67180171,0.682893154587906
"35821","20074.16",35821,67180756,0.708451080581994
"35822","20074.16",35822,67195452,-0.466550223338591
"35823","20074.16",35823,67204099,0.0655378037652188
"35824","20074.16",35824,67205147,-0.337371120773143
"35825","20074.16",35825,67213341,-0.247508647054662
"35826","20074.16",35826,67213973,-0.506080533934509
"35827","20074.16",35827,67216305,-0.00869290223792962
"35828","20074.16",35828,67220142,0.331714159762565
"35829","20074.16",35829,67220457,1.10886623851279
"35830","20074.16",35830,67220962,0.21148017015032
"35831","20074.16",35831,67222594,-1.05355311663016
"35832","20074.16",35832,67223775,-0.770510189592902
"35833","20074.16",35833,67225379,0.683473798722882
"35834","20074.16",35834,67225501,0.13338205567823
"35835","20074.16",35835,67229486,0.697214219210083
"35836","20074.16",35836,67230422,0.393548287146591
"35837","20074.16",35837,67230568,0.129471340586778
"35838","20074.16",35838,67230728,-0.555819584579377
"35839","20074.16",35839,67231547,-0.0105995019609741
"35840","20074.16",35840,67232684,0.0164038614615842
"35841","20074.16",35841,67235471,0.00948267162530492
"35842","20074.16",35842,67239755,-0.24617741236364
"35843","20074.16",35843,67240666,-0.294237964013624
"35844","20074.16",35844,67241282,0.0886161650681574
"35845","20074.16",35845,67245403,-0.921922070542964
"35846","20074.16",35846,67254101,-0.992389265171897
"35847","20074.16",35847,67255787,-0.473409638579465
"35848","20074.16",35848,67258334,0.273749555708192
"35849","20074.16",35849,67261847,0.124531919117173
"35850","20074.16",35850,67264629,-0.584662100328285
"35851","20074.16",35851,67268578,0.0984909991435519
"35852","20074.16",35852,67269090,-0.316182572196649
"35853","20074.16",35853,67274531,0.09677315780859
"35854","20074.16",35854,67276174,-0.775442645067719
"35855","20074.16",35855,67288946,-0.0428187528465438
"35856","20074.16",35856,67293089,-2.17511026586615
"35857","20074.16",35857,67293534,-0.368705207751531
"35858","20074.16",35858,67293964,0.343891967133408
"35859","20074.16",35859,67295913,0.242821778283951
"35860","20074.16",35860,67301457,-0.312334841428926
"35861","20074.16",35861,67302352,-0.148944837128385
"35862","20074.16",35862,67310081,0.339988098148369
"35863","20074.16",35863,67310578,-0.0628404366404514
"35864","20074.16",35864,67316461,-0.118020018832953
"35865","20074.16",35865,67316600,-0.238431076238202
"35866","20074.16",35866,67318008,-0.612445823181647
"35867","20074.16",35867,67320007,0.155639387467056
"35868","20074.16",35868,67320018,1.16401948302187
"35869","20074.16",35869,67322844,-0.326150398250378
"35870","20074.16",35870,67322857,0.28256946854392
"35871","20074.16",35871,67323622,-0.191611034915041
"35872","20074.16",35872,67327207,0.272246546759484
"35873","20074.16",35873,67328395,-0.168214228371121
"35874","20074.16",35874,67328453,0.792829678937513
"35875","20074.16",35875,67329327,0.222664757311081
"35876","20074.16",35876,67334969,0.141540597249991
"35877","20074.16",35877,67335020,-1.10845386284258
"35878","20074.16",35878,67337239,-0.490120682267759
"35879","20074.16",35879,67338497,-0.131383600842306
"35880","20074.16",35880,67339136,-0.417238221101996
"35881","20074.16",35881,67343507,0.421522548228304
"35882","20074.16",35882,67344355,0.13339262993096
"35883","20074.16",35883,67344878,0.763578442524339
"35884","20074.16",35884,67346443,0.730215288205414
"35885","20074.16",35885,67349935,-0.39732133184551
"35886","20074.16",35886,67352661,-0.215135739141109
"35887","20074.16",35887,67354133,0.353739325653867
"35888","20074.16",35888,67355436,-0.421300618602663
"35889","20074.16",35889,67357828,-1.90414730603297
"35890","20074.16",35890,67358597,0.416165360911962
"35891","20074.16",35891,67358816,0.311815554044908
"35892","20074.16",35892,67358975,-0.470698218557086
"35893","20074.16",35893,67365183,-0.177167148203575
"35894","20074.16",35894,67366173,-0.657402010743689
"35895","20074.16",35895,67369131,-0.213163842294209
"35896","20074.16",35896,67373107,-0.00715650871820017
"35897","20074.16",35897,67373303,-1.04993941266037
"35898","20074.16",35898,67379999,0.424678178672928
"35899","20074.16",35899,67381817,-0.73264254187947
"35900","20074.16",35900,67385060,-0.572492688277747
"35901","20074.16",35901,67386349,0.228990435434347
"35902","20074.16",35902,67387218,-0.000839082676145075
"35903","20074.16",35903,67389668,0.370874526815935
"35904","20074.16",35904,67389997,-0.835610741757383
"35905","20074.16",35905,67390981,0.581135908236866
"35906","20074.16",35906,67391618,0.577392629296127
"35907","20074.16",35907,67392027,0.215902159297743
"35908","20074.16",35908,67392226,-0.528892602655866
"35909","20074.16",35909,67393130,-0.547197740013628
"35910","20074.16",35910,67401995,-1.08707465517159
"35911","20074.16",35911,67405385,0.290787815341445
"35912","20074.16",35912,67406381,-0.573881227250698
"35913","20074.16",35913,67412654,-0.96144343968757
"35914","20074.16",35914,67415403,0.477690755122
"35915","20074.16",35915,67418860,-0.927400652193405
"35916","20074.16",35916,67419152,-1.0912009738294
"35917","20074.16",35917,67420108,0.671903403003271
"35918","20074.16",35918,67420386,0.0351238864315508
"35919","20074.16",35919,67424122,0.233049686471807
"35920","20074.16",35920,67424471,-0.0339605423602221
"35921","20074.16",35921,67425018,-0.81374987480286
"35922","20074.16",35922,67429865,-0.555607911492633
"35923","20074.16",35923,67437337,-0.111386875250147
"35924","20074.16",35924,67438586,0.491032513653088
"35925","20074.16",35925,67439039,-0.246382072973077
"35926","20074.16",35926,67442819,-0.190580492086317
"35927","20074.16",35927,67443629,0.248856810701697
"35928","20074.16",35928,67452758,0.000408821142391602
"35929","20074.16",35929,67459597,-0.0594640858266438
"35930","20074.16",35930,67460542,0.119373838077279
"35931","20074.16",35931,67461696,-1.09965723439033
"35932","20074.16",35932,67467409,0.20103750786389
"35933","20074.16",35933,67471805,-0.0834354767104415
"35934","20074.16",35934,67478251,-0.350227419614443
"35935","20074.16",35935,67482836,-1.22980528104453
"35936","20074.16",35936,67484996,-0.211098795158836
"35937","20074.16",35937,67486543,-0.490780635655705
"35938","20074.16",35938,67488877,0.29248736089479
"35939","20074.16",35939,67489240,-1.75449774159803
"35940","20074.16",35940,67489628,-0.576064309525136
"35941","20074.16",35941,67489857,0.235968227646132
"35942","20074.16",35942,67491571,-0.50973307564611
"35943","20074.16",35943,67493889,0.154767356989694
"35944","20074.16",35944,67495735,0.552131178637329
"35945","20074.16",35945,67497138,0.450367115034845
"35946","20074.16",35946,67497575,-1.23905998461499
"35947","20074.16",35947,67503336,1.15863666153968
"35948","20074.16",35948,67503379,-1.74971026201558
"35949","20074.16",35949,67504065,0.790836164807208
"35950","20074.16",35950,67505045,-0.370026925858479
"35951","20074.16",35951,67506094,-0.220543789895522
"35952","20074.16",35952,67512121,-0.249914705803759
"35953","20074.16",35953,67512650,-1.0877912025763
"35954","20074.16",35954,67517976,-0.80106096091598
"35955","20074.16",35955,67520123,0.0414575951338465
"35956","20074.16",35956,67522892,0.509174099425532
"35957","20074.16",35957,67525175,-1.05270737185072
"35958","20074.16",35958,67526709,-0.463483345123971
"35959","20074.16",35959,67530671,-1.21031812895056
"35960","20074.16",35960,67531078,-0.0423222943965635
"35961","20074.16",35961,67533574,-1.0534850389182
"35962","20074.16",35962,67534663,-0.498015057367913
"35963","20074.16",35963,67538292,-0.0916160629516343
"35964","20074.16",35964,67538833,-0.421146551677976
"35965","20074.16",35965,67538910,0.141609566218967
"35966","20074.16",35966,67539022,0.753862696658035
"35967","20074.16",35967,67548392,-0.719574417434707
"35968","20074.16",35968,67548558,0.454605409312651
"35969","20074.16",35969,67551120,0.109867045960575
"35970","20074.16",35970,67557078,-1.11463625111885
"35971","20074.16",35971,67558073,-0.454535477658554
"35972","20074.16",35972,67566897,0.177071396040338
"35973","20074.16",35973,67569185,-0.69435442769171
"35974","20074.16",35974,67574748,0.339606959187541
"35975","20074.16",35975,67575750,-0.00981613439945317
"35976","20074.16",35976,67583823,-0.428973472184239
"35977","20074.16",35977,67584660,-0.137326671022652
"35978","20074.16",35978,67587097,-0.066153046911614
"35979","20074.16",35979,67587281,-0.263830731271431
"35980","20074.16",35980,67588124,0.209135916101693
"35981","20074.16",35981,67589719,0.212733216286265
"35982","20074.16",35982,67589839,-0.0956340982915052
"35983","20074.16",35983,67593569,-0.692677628925312
"35984","20074.16",35984,67594266,0.278592714005655
"35985","20074.16",35985,67594828,0.135466607336127
"35986","20074.16",35986,67605689,-0.886090428064679
"35987","20074.16",35987,67605794,-0.280523240569515
"35988","20074.16",35988,67608969,-0.805273434861846
"35989","20074.16",35989,67609282,-0.68310634729255
"35990","20074.16",35990,67612188,-0.404043001554154
"35991","20074.16",35991,67613660,-0.341825356539492
"35992","20074.16",35992,67615522,-0.0973459677276436
"35993","20074.16",35993,67619348,-0.677467315183154
"35994","20074.16",35994,67620545,-1.07536326061266
"35995","20074.16",35995,67622503,0.0541277136899154
"35996","20074.16",35996,67626666,-0.618489751281082
"35997","20074.16",35997,67627070,-0.666054597485621
"35998","20074.16",35998,67627635,0.261271516530818
"35999","20074.16",35999,67628479,0.423413961953284
"36000","20074.16",36000,67629810,-0.786041181364815
"36001","20074.16",36001,67640478,-0.356182030245919
"36002","20074.16",36002,67642975,0.774684181251822
"36003","20074.16",36003,67643194,-0.638002905928408
"36004","20074.16",36004,67653913,-0.243736187561156
"36005","20074.16",36005,67658584,0.0695870591619627
"36006","20074.16",36006,67663189,-1.20080975756198
"36007","20074.16",36007,67664731,0.674702702703939
"36008","20074.16",36008,67664784,-0.85020536210245
"36009","20074.16",36009,67669696,-0.298254605086091
"36010","20074.16",36010,67670648,0.21957976738685
"36011","20074.16",36011,67672805,1.03179358106774
"36012","20074.16",36012,67675897,-0.347549626210604
"36013","20074.16",36013,67676956,-0.24263045128492
"36014","20074.16",36014,67685005,-0.839852853008176
"36015","20074.16",36015,67685730,-0.00300483825903441
"36016","20074.16",36016,67686123,-0.149950197980318
"36017","20074.16",36017,67705531,-1.25394063437118
"36018","20074.16",36018,67707701,-0.896940961165216
"36019","20074.16",36019,67710556,0.199348888487166
"36020","20074.16",36020,67711969,-0.0724264862726152
"36021","20074.16",36021,67715268,0.189322925438677
"36022","20074.16",36022,67724574,-0.837862276713954
"36023","20074.16",36023,67731402,0.316654045096795
"36024","20074.16",36024,67736445,-0.654488173254012
"36025","20074.16",36025,67736926,-0.881427490573345
"36026","20074.16",36026,67737734,-0.594795365380304
"36027","20074.16",36027,67746117,-1.47233000070688
"36028","20074.16",36028,67761961,0.60209565627832
"36029","20074.16",36029,67765979,-0.97516973326883
"36030","20074.16",36030,67766778,-0.80684280914179
"36031","20074.16",36031,67770409,0.395311161227879
"36032","20074.16",36032,67770736,-1.03429998868793
"36033","20074.16",36033,67774710,0.037462774638108
"36034","20074.16",36034,67777181,-0.887873142657384
"36035","20074.16",36035,67779545,-0.636085146933318
"36036","20074.16",36036,67783107,-0.485226586565217
"36037","20074.16",36037,67785073,-0.497734006229192
"36038","20074.16",36038,67788128,-0.314572424649744
"36039","20074.16",36039,67789226,0.0596123725581359
"36040","20074.16",36040,67791333,-0.804157939559493
"36041","20074.16",36041,67794276,-0.501369315481377
"36042","20074.16",36042,67796621,-0.936045527385495
"36043","20074.16",36043,67798005,-0.64015893881357
"36044","20074.16",36044,67800087,-0.351194081088444
"36045","20074.16",36045,67802679,-0.335654368915788
"36046","20074.16",36046,67805606,0.271325043653612
"36047","20074.16",36047,67808044,0.00198410241489277
"36048","20074.16",36048,67808287,0.378976756505124
"36049","20074.16",36049,67808611,-0.399058861372333
"36050","20074.16",36050,67811618,-1.83185578994137
"36051","20074.16",36051,67811930,0.684452900103136
"36052","20074.16",36052,67812483,-0.0315522584542318
"36053","20074.16",36053,67814811,-0.100453346370656
"36054","20074.16",36054,67814865,1.09145198132761
"36055","20074.16",36055,67821323,-0.27431595664508
"36056","20074.16",36056,67828374,-0.349029227618488
"36057","20074.16",36057,67832067,0.712551182208737
"36058","20074.16",36058,67834706,-0.167621472954
"36059","20074.16",36059,67834719,-0.462690660736712
"36060","20074.16",36060,67835811,-0.57844127917592
"36061","20074.16",36061,67836795,-0.0405685977830057
"36062","20074.16",36062,67836829,0.24744667899873
"36063","20074.16",36063,67837992,-0.557897459329407
"36064","20074.16",36064,67838819,-0.509257784251136
"36065","20074.16",36065,67844033,0.669415422435319
"36066","20074.16",36066,67848542,-3.0737732660469
"36067","20074.16",36067,67852564,-0.302445101256761
"36068","20074.16",36068,67853410,-0.434930151445242
"36069","20074.16",36069,67858398,0.136691413956555
"36070","20074.16",36070,67859616,0.190486832628909
"36071","20074.16",36071,67861134,-0.275300702217798
"36072","20074.16",36072,67865073,0.101812427184363
"36073","20074.16",36073,67870932,-0.327511028419589
"36074","20074.16",36074,67871871,0.341532686469761
"36075","20074.16",36075,67872818,-0.703069131428636
"36076","20074.16",36076,67875217,0.0767341180942633
"36077","20074.16",36077,67878608,-0.277808585914772
"36078","20074.16",36078,67882932,0.249895954670548
"36079","20074.16",36079,67884619,0.586722523459318
"36080","20074.16",36080,67885029,-0.98106485178185
"36081","20074.16",36081,67885611,-0.61210597771552
"36082","20074.16",36082,67890067,-0.114805504165527
"36083","20074.16",36083,67891764,-0.197226988960805
"36084","20074.16",36084,67892622,-0.882134691418875
"36085","20074.16",36085,67897487,0.252781893623594
"36086","20074.16",36086,67902070,-0.360864173112441
"36087","20074.16",36087,67902326,-0.567164745504997
"36088","20074.16",36088,67903338,-1.00428820172065
"36089","20074.16",36089,67904836,0.138389677633778
"36090","20074.16",36090,67909677,-0.287529970495816
"36091","20074.16",36091,67911930,-0.540002961820798
"36092","20074.16",36092,67916362,-0.659978179722795
"36093","20074.16",36093,67919997,-1.06222180668612
"36094","20074.16",36094,67920800,0.163810128999174
"36095","20074.16",36095,67922342,0.0687216149205385
"36096","20074.16",36096,67924026,0.556530172299538
"36097","20074.16",36097,67924508,-0.662206840814777
"36098","20074.16",36098,67934725,0.687404927784015
"36099","20074.16",36099,67935066,-0.18155283649369
"36100","20074.16",36100,67935978,-0.75932855575716
"36101","20074.16",36101,67936539,-1.38344475944278
"36102","20074.16",36102,67937631,-0.331875885475877
"36103","20074.16",36103,67943418,0.545154589980892
"36104","20074.16",36104,67944179,-0.200587540300528
"36105","20074.16",36105,67946137,-0.978950322309354
"36106","20074.16",36106,67947652,0.965176954568512
"36107","20074.16",36107,67948043,-0.951313277556
"36108","20074.16",36108,67951233,-0.00270442301491514
"36109","20074.16",36109,67952969,-0.325287665814187
"36110","20074.16",36110,67955128,-0.764042851273811
"36111","20074.16",36111,67959751,-0.362009918711602
"36112","20074.16",36112,67960105,0.0849041230179539
"36113","20074.16",36113,67960332,0.580238076588073
"36114","20074.16",36114,67964604,0.335602355636579
"36115","20074.16",36115,67966024,-0.994442173253033
"36116","20074.16",36116,67968754,-0.23315913581054
"36117","20074.16",36117,67972886,-0.495262671007324
"36118","20074.16",36118,67974576,-0.746088246143619
"36119","20074.16",36119,67975912,0.125818450615182
"36120","20074.16",36120,67993919,0.0958660351003333
"36121","20074.16",36121,67998722,-0.511230995665877
"36122","20074.16",36122,68000083,-0.00400551722314191
"36123","20074.16",36123,68008679,0.0136811257198319
"36124","20074.16",36124,68009495,0.106391980128373
"36125","20074.16",36125,68011867,1.31495838643308
"36126","20074.16",36126,68013297,-0.0695906826980872
"36127","20074.16",36127,68013592,-0.727415424303817
"36128","20074.16",36128,68019463,-0.403763946156138
"36129","20074.16",36129,68020063,1.09003138907725
"36130","20074.16",36130,68024995,0.242993977495355
"36131","20074.16",36131,68025136,-0.842103167396428
"36132","20074.16",36132,68026000,-0.00951310590346743
"36133","20074.16",36133,68030820,-0.707539331265554
"36134","20074.16",36134,68031560,-0.369038561226642
"36135","20074.16",36135,68034938,0.662512400953527
"36136","20074.16",36136,68035470,-0.295784970017961
"36137","20074.16",36137,68036666,0.303593340791806
"36138","20074.16",36138,68037827,-1.12381289167799
"36139","20074.16",36139,68038763,0.0811212052823373
"36140","20074.16",36140,68039840,-0.351988032679443
"36141","20074.16",36141,68051378,-0.72637240641582
"36142","20074.16",36142,68057096,-1.05986353120949
"36143","20074.16",36143,68063384,0.588979411603161
"36144","20074.16",36144,68064108,0.0333334581035567
"36145","20074.16",36145,68066235,-0.0930208395064369
"36146","20074.16",36146,68068244,-1.10949404129777
"36147","20074.16",36147,68068572,-0.7214915327379
"36148","20074.16",36148,68074808,1.13736359269546
"36149","20074.16",36149,68076402,0.779261775597969
"36150","20074.16",36150,68076983,-0.330260785398949
"36151","20074.16",36151,68078221,0.529226903636649
"36152","20074.16",36152,68083150,0.73644799181922
"36153","20074.16",36153,68083543,-0.275935270113106
"36154","20074.16",36154,68083729,-0.0726995124476142
"36155","20074.16",36155,68084829,-0.682502322773964
"36156","20074.16",36156,68087417,-0.265600406020964
"36157","20074.16",36157,68088308,0.741149844805912
"36158","20074.16",36158,68089471,-0.187281614581157
"36159","20074.16",36159,68094867,-0.508883068821806
"36160","20074.16",36160,68095702,-0.309555314939203
"36161","20074.16",36161,68099946,0.655972356879793
"36162","20074.16",36162,68102302,-0.362100003799144
"36163","20074.16",36163,68104489,0.35161273644334
"36164","20074.16",36164,68105853,0.231470102963383
"36165","20074.16",36165,68112043,-0.44275530901453
"36166","20074.16",36166,68116018,0.619490868582216
"36167","20074.16",36167,68123766,-1.20446823530856
"36168","20074.16",36168,68128228,0.153174001642119
"36169","20074.16",36169,68128925,-1.54567066533173
"36170","20074.16",36170,68131485,-0.182731407962634
"36171","20074.16",36171,68135916,0.734817062470637
"36172","20074.16",36172,68136966,0.582264155333143
"36173","20074.16",36173,68138281,0.584655427732179
"36174","20074.16",36174,68141044,-0.702629984353313
"36175","20074.16",36175,68141669,0.235251783861735
"36176","20074.16",36176,68151995,0.571401186561995
"36177","20074.16",36177,68153923,-0.134325717190228
"36178","20074.16",36178,68154862,1.07694470382029
"36179","20074.16",36179,68155476,-1.44696761547288
"36180","20074.16",36180,68159525,-0.707243183911762
"36181","20074.16",36181,68160315,0.12728620065695
"36182","20074.16",36182,68162580,0.145051299129126
"36183","20074.16",36183,68163530,0.235588277481646
"36184","20074.16",36184,68166749,-0.206771937301172
"36185","20074.16",36185,68167521,0.262640334998992
"36186","20074.16",36186,68167593,0.133852744494042
"36187","20074.16",36187,68169404,-0.436121504113145
"36188","20074.16",36188,68170476,-0.894011471364617
"36189","20074.16",36189,68172587,-0.608726730851036
"36190","20074.16",36190,68173465,0.307421423991939
"36191","20074.16",36191,68178452,-0.0610810531948838
"36192","20074.16",36192,68179494,-1.18939302422648
"36193","20074.16",36193,68185160,0.333650911224947
"36194","20074.16",36194,68189751,-1.20540233784497
"36195","20074.16",36195,68190541,-0.10872461095745
"36196","20074.16",36196,68195242,0.0641346798160329
"36197","20074.16",36197,68195479,-0.238606134444147
"36198","20074.16",36198,68196858,-0.0165508532597665
"36199","20074.16",36199,68199829,0.298893763970335
"36200","20074.16",36200,68201296,-0.84473698754714
"36201","20074.16",36201,68201635,0.0717044978075423
"36202","20074.16",36202,68205332,-0.507061148298249
"36203","20074.16",36203,68207528,0.247209890832045
"36204","20074.16",36204,68208862,0.138695869281397
"36205","20074.16",36205,68210896,0.516406198494455
"36206","20074.16",36206,68212124,-0.0433375284977444
"36207","20074.16",36207,68212571,-0.481099798888474
"36208","20074.16",36208,68214140,0.265798807091771
"36209","20074.16",36209,68216732,-0.512229218001473
"36210","20074.16",36210,68227602,-0.945261439547212
"36211","20074.16",36211,68228146,-0.801463415379837
"36212","20074.16",36212,68234101,-0.341833048855968
"36213","20074.16",36213,68236029,-0.209908769258749
"36214","20074.16",36214,68238690,-0.686801474540978
"36215","20074.16",36215,68241767,0.639030931790875
"36216","20074.16",36216,68246283,0.613579527995184
"36217","20074.16",36217,68250425,0.180619263756217
"36218","20074.16",36218,68256369,0.96139324072791
"36219","20074.16",36219,68256588,-0.00315520822575444
"36220","20074.16",36220,68259353,0.616141390745471
"36221","20074.16",36221,68260083,0.449614595405639
"36222","20074.16",36222,68260210,0.288094094520342
"36223","20074.16",36223,68260884,0.00584299591037851
"36224","20074.16",36224,68264310,-0.471869670747807
"36225","20074.16",36225,68265194,-0.0676010063964103
"36226","20074.16",36226,68265239,-0.190139561501309
"36227","20074.16",36227,68275873,-0.264398713266742
"36228","20074.16",36228,68276293,0.382262762408335
"36229","20074.16",36229,68278397,-0.95006952529453
"36230","20074.16",36230,68280299,-0.881081290976184
"36231","20074.16",36231,68280317,0.0492243465277422
"36232","20074.16",36232,68283057,-0.445168249632118
"36233","20074.16",36233,68284497,-1.15531490786078
"36234","20074.16",36234,68287974,0.251530591707673
"36235","20074.16",36235,68292298,-0.849428522470171
"36236","20074.16",36236,68294976,-0.0621915334093188
"36237","20074.16",36237,68302286,-1.3936817806213
"36238","20074.16",36238,68302958,-0.141157944509168
"36239","20074.16",36239,68303410,-0.814801673067931
"36240","20074.16",36240,68305513,-0.221010531379215
"36241","20074.16",36241,68307447,-0.311952899500749
"36242","20074.16",36242,68308393,-0.471778236344536
"36243","20074.16",36243,68309611,-0.0110976375238376
"36244","20074.16",36244,68310312,0.344238976309026
"36245","20074.16",36245,68312183,0.289279141267211
"36246","20074.16",36246,68317914,-0.464634343971117
"36247","20074.16",36247,68318854,-0.781432781557115
"36248","20074.16",36248,68319185,0.274618704450948
"36249","20074.16",36249,68319302,-1.02493982755554
"36250","20074.16",36250,68321836,0.276422523051431
"36251","20074.16",36251,68321859,0.117248825748542
"36252","20074.16",36252,68325563,0.478893433616089
"36253","20074.16",36253,68325879,0.754613162812487
"36254","20074.16",36254,68326200,-0.0892924967943882
"36255","20074.16",36255,68327757,-0.339274952626735
"36256","20074.16",36256,68333407,-0.267191880021525
"36257","20074.16",36257,68334241,-0.215349977533449
"36258","20074.16",36258,68334430,-0.388353513783496
"36259","20074.16",36259,68335392,0.565921515313986
"36260","20074.16",36260,68335544,0.1833969737187
"36261","20074.16",36261,68337285,-0.548122767968304
"36262","20074.16",36262,68343653,0.658801565836838
"36263","20074.16",36263,68343969,0.71723041751471
"36264","20074.16",36264,68344696,-0.64126484749889
"36265","20074.16",36265,68347817,-0.48631971035288
"36266","20074.16",36266,68351859,-0.409049986805089
"36267","20074.16",36267,68357950,0.163462331834278
"36268","20074.16",36268,68359280,0.372274486604055
"36269","20074.16",36269,68359848,-0.207514146963847
"36270","20074.16",36270,68361154,-0.67683215697985
"36271","20074.16",36271,68362809,0.258699508770721
"36272","20074.16",36272,68363181,-0.642126404052713
"36273","20074.16",36273,68363284,-0.796773330749349
"36274","20074.16",36274,68364410,-0.632903544684175
"36275","20074.16",36275,68365157,-0.00646822157225557
"36276","20074.16",36276,68365955,-0.0397455024444451
"36277","20074.16",36277,68367595,-1.30710878907098
"36278","20074.16",36278,68368313,0.323577518710239
"36279","20074.16",36279,68372323,-0.637345880962666
"36280","20074.16",36280,68376570,-0.728612140454186
"36281","20074.16",36281,68376833,-0.314817487196313
"36282","20074.16",36282,68377457,0.350607568527763
"36283","20074.16",36283,68377848,0.240275182940242
"36284","20074.16",36284,68379860,-0.0996209845066822
"36285","20074.16",36285,68381067,-0.114977398997062
"36286","20074.16",36286,68381516,0.343017872468447
"36287","20074.16",36287,68382005,-0.443795035544143
"36288","20074.16",36288,68383494,0.583551744760098
"36289","20074.16",36289,68384039,0.0347775953533107
"36290","20074.16",36290,68387496,-0.509747363469042
"36291","20074.16",36291,68394243,-0.615583679897044
"36292","20074.16",36292,68398393,0.103705026798579
"36293","20074.16",36293,68398432,0.167675848477263
"36294","20074.16",36294,68398594,-0.277283248428872
"36295","20074.16",36295,68403966,-0.0268727936374402
"36296","20074.16",36296,68409967,-1.0710018112874
"36297","20074.16",36297,68411726,-1.10919043086246
"36298","20074.16",36298,68412028,0.370394820185827
"36299","20074.16",36299,68412500,0.201679040061758
"36300","20074.16",36300,68413860,1.15724302179037
"36301","20074.16",36301,68414975,0.61434011188897
"36302","20074.16",36302,68417100,-0.102447857603068
"36303","20074.16",36303,68418292,0.210226901370752
"36304","20074.16",36304,68422110,-0.298326179679418
"36305","20074.16",36305,68422465,-0.671532433918282
"36306","20074.16",36306,68423506,0.0363616208914674
"36307","20074.16",36307,68424224,-0.126251238247466
"36308","20074.16",36308,68425149,-0.82162496887191
"36309","20074.16",36309,68425493,-0.13473484128841
"36310","20074.16",36310,68428089,-0.368562675791708
"36311","20074.16",36311,68430546,-0.878285069057675
"36312","20074.16",36312,68433045,0.159431411969469
"36313","20074.16",36313,68433615,-0.132647696534453
"36314","20074.16",36314,68434883,0.942639281368543
"36315","20074.16",36315,68435025,0.325964082223043
"36316","20074.16",36316,68435204,0.841715484778399
"36317","20074.16",36317,68435629,-0.163739961733365
"36318","20074.16",36318,68436154,-0.172349744318534
"36319","20074.16",36319,68438795,0.323154375953441
"36320","20074.16",36320,68439127,-0.923465581620947
"36321","20074.16",36321,68440132,0.392384844128277
"36322","20074.16",36322,68446148,-0.279607484752363
"36323","20074.16",36323,68446811,1.02900042780651
"36324","20074.16",36324,68447070,0.123571800689794
"36325","20074.16",36325,68447913,-0.553368516133626
"36326","20074.16",36326,68453488,0.161853147913465
"36327","20074.16",36327,68454981,-0.135631875639216
"36328","20074.16",36328,68455631,0.0118570031728797
"36329","20074.16",36329,68459562,-1.47567308773754
"36330","20074.16",36330,68460160,-0.328512184090798
"36331","20074.16",36331,68460215,0.573739741491578
"36332","20074.16",36332,68460415,0.550309150464602
"36333","20074.16",36333,68463380,-0.304336374899888
"36334","20074.16",36334,68464759,0.197493837643483
"36335","20074.16",36335,68465036,0.149824741084093
"36336","20074.16",36336,68468658,0.0443652742134724
"36337","20074.16",36337,68468759,-1.06003753471638
"36338","20074.16",36338,68470316,-0.270324369764175
"36339","20074.16",36339,68471140,0.389573464856123
"36340","20074.16",36340,68473462,-0.0343518453136848
"36341","20074.16",36341,68474620,-0.0129903620520144
"36342","20074.16",36342,68474821,-0.104298486385847
"36343","20074.16",36343,68474857,0.476630105935636
"36344","20074.16",36344,68478181,-0.65540889568748
"36345","20074.16",36345,68478746,0.312360059809703
"36346","20074.16",36346,68479374,-0.265067694240756
"36347","20074.16",36347,68479656,0.739965721712264
"36348","20074.16",36348,68483337,-0.730137122654786
"36349","20074.16",36349,68484016,-0.486632370110012
"36350","20074.16",36350,68485457,0.533871994887222
"36351","20074.16",36351,68486822,0.698291581512831
"36352","20074.16",36352,68486912,-0.368093433028838
"36353","20074.16",36353,68488188,-0.651112875037254
"36354","20074.16",36354,68488275,-0.0644178850834889
"36355","20074.16",36355,68491781,-0.0432922285440487
"36356","20074.16",36356,68493673,0.1061137873034
"36357","20074.16",36357,68494323,0.500898023863043
"36358","20074.16",36358,68494569,0.429385569275628
"36359","20074.16",36359,68497455,1.0743166721987
"36360","20074.16",36360,68497514,0.44102080734607
"36361","20074.16",36361,68498228,-0.200326829252846
"36362","20074.16",36362,68503203,0.174911913599892
"36363","20074.16",36363,68504578,-0.718188633447775
"36364","20074.16",36364,68509362,0.55552731176031
"36365","20074.16",36365,68512911,-0.910039747399112
"36366","20074.16",36366,68513387,1.04401649959275
"36367","20074.16",36367,68513882,-0.223591121825846
"36368","20074.16",36368,68515208,0.281996158537457
"36369","20074.16",36369,68517285,0.0148566186055064
"36370","20074.16",36370,68517850,-0.620805262289187
"36371","20074.16",36371,68520387,-0.111189017222515
"36372","20074.16",36372,68520446,0.54248081896773
"36373","20074.16",36373,68520533,0.080133877042667
"36374","20074.16",36374,68521860,0.574506684465868
"36375","20074.16",36375,68524308,-0.751169693424898
"36376","20074.16",36376,68530889,-0.246208925293678
"36377","20074.16",36377,68535738,-0.449958099885881
"36378","20074.16",36378,68536105,0.430062148094216
"36379","20074.16",36379,68536627,0.178009965939818
"36380","20074.16",36380,68539396,0.565731370636638
"36381","20074.16",36381,68541427,-0.9503733052705
"36382","20074.16",36382,68541981,0.723482649458478
"36383","20074.16",36383,68546117,-0.349712850334313
"36384","20074.16",36384,68546472,-0.908327023853468
"36385","20074.16",36385,68546925,-0.000610618758724257
"36386","20074.16",36386,68547131,-0.90509769143925
"36387","20074.16",36387,68547761,-0.678869317518246
"36388","20074.16",36388,68548129,-0.422388285237466
"36389","20074.16",36389,68548449,-0.128739264603735
"36390","20074.16",36390,68548595,-0.0388984472316505
"36391","20074.16",36391,68566787,0.896379663844182
"36392","20074.16",36392,68567553,-0.302854986080127
"36393","20074.16",36393,68568880,-1.5988308641434
"36394","20074.16",36394,68569645,0.419325928260771
"36395","20074.16",36395,68572262,-0.17477400393628
"36396","20074.16",36396,68572658,-0.449707839615234
"36397","20074.16",36397,68574378,-0.196904608349851
"36398","20074.16",36398,68576030,-0.308649917819275
"36399","20074.16",36399,68578062,0.798201372111909
"36400","20074.16",36400,68580784,0.229228758921596
"36401","20074.16",36401,68584818,0.58636397257814
"36402","20074.16",36402,68585195,0.305300603748177
"36403","20074.16",36403,68585285,0.455627672981758
"36404","20074.16",36404,68586504,0.348186091887107
"36405","20074.16",36405,68587102,-0.358578568167493
"36406","20074.16",36406,68590546,-0.76973853462501
"36407","20074.16",36407,68590610,0.908345276523929
"36408","20074.16",36408,68591230,0.577835031092158
"36409","20074.16",36409,68592823,-0.953200860883535
"36410","20074.16",36410,68595667,-0.762205611676496
"36411","20074.16",36411,68596308,0.325505287579142
"36412","20074.16",36412,68596775,0.896272390370675
"36413","20074.16",36413,68599390,-0.073546886915783
"36414","20074.16",36414,68600158,0.0149265734102295
"36415","20074.16",36415,68600276,-0.591753524600027
"36416","20074.16",36416,68600351,0.428838203771819
"36417","20074.16",36417,68600440,0.602311764774464
"36418","20074.16",36418,68601285,-0.194655310365266
"36419","20074.16",36419,68604296,-0.193719568118844
"36420","20074.16",36420,68604834,-0.189995140515486
"36421","20074.16",36421,68606339,0.702353108200696
"36422","20074.16",36422,68608275,-0.963444023751185
"36423","20074.16",36423,68608340,0.305029039850308
"36424","20074.16",36424,68610265,-0.338458204347196
"36425","20074.16",36425,68610932,-1.14799616640047
"36426","20074.16",36426,68615188,-1.05341953686175
"36427","20074.16",36427,68617232,-1.40821310738329
"36428","20074.16",36428,68626585,-0.580622599038356
"36429","20074.16",36429,68628941,-0.00962979700017463
"36430","20074.16",36430,68635336,-0.190499956222643
"36431","20074.16",36431,68635979,0.709273014059856
"36432","20074.16",36432,68636497,-0.764826634781716
"36433","20074.16",36433,68641388,-0.430691326365079
"36434","20074.16",36434,68641795,-0.857227832031601
"36435","20074.16",36435,68641925,0.133488390951579
"36436","20074.16",36436,68646079,-0.0136734155082694
"36437","20074.16",36437,68646899,-0.378201705763889
"36438","20074.16",36438,68648764,-1.45703411870428
"36439","20074.16",36439,68649807,-0.423763704843632
"36440","20074.16",36440,68650918,0.050198353063819
"36441","20074.16",36441,68652418,-0.329841711471349
"36442","20074.16",36442,68654897,-0.0940334550449675
"36443","20074.16",36443,68655924,0.239321139954826
"36444","20074.16",36444,68656853,-0.634231839970488
"36445","20074.16",36445,68658801,0.126908164002746
"36446","20074.16",36446,68670071,0.24795270824134
"36447","20074.16",36447,68671379,-0.350811864362664
"36448","20074.16",36448,68671741,0.103294556323283
"36449","20074.16",36449,68687531,0.418476316980104
"36450","20074.16",36450,68689193,-0.0828575386442472
"36451","20074.16",36451,68689419,-0.423473093239818
"36452","20074.16",36452,68690472,-0.736464243568578
"36453","20074.16",36453,68695011,0.0669959431026932
"36454","20074.16",36454,68698153,-0.0194013757447564
"36455","20074.16",36455,68698483,-0.491465523127476
"36456","20074.16",36456,68699645,0.181676709514522
"36457","20074.16",36457,68700130,-0.260451036684966
"36458","20074.16",36458,68700759,-0.369307350108306
"36459","20074.16",36459,68708413,-0.922146444947273
"36460","20074.16",36460,68710165,0.222765188438863
"36461","20074.16",36461,68710638,-1.09523944892935
"36462","20074.16",36462,68711685,0.155741701481278
"36463","20074.16",36463,68712730,0.766019099046406
"36464","20074.16",36464,68713823,0.575577458059196
"36465","20074.16",36465,68714237,0.118014860459196
"36466","20074.16",36466,68718750,-0.784182289899136
"36467","20074.16",36467,68720194,-0.281119788698958
"36468","20074.16",36468,68720470,1.02111141593167
"36469","20074.16",36469,68720897,-0.131437454924829
"36470","20074.16",36470,68721470,0.628541731786483
"36471","20074.16",36471,68721891,0.442975204629291
"36472","20074.16",36472,68722853,0.558909313344675
"36473","20074.16",36473,68725647,-0.126992967858577
"36474","20074.16",36474,68727069,0.71719621804026
"36475","20074.16",36475,68727130,0.512053163965386
"36476","20074.16",36476,68727130,1.18462090695933
"36477","20074.16",36477,68727379,0.191490431375549
"36478","20074.16",36478,68728611,0.747573651111144
"36479","20074.16",36479,68728976,0.069558582860168
"36480","20074.16",36480,68729015,0.85556007719707
"36481","20074.16",36481,68731365,0.0249753444833631
"36482","20074.16",36482,68731486,-0.102146869044462
"36483","20074.16",36483,68731806,0.254725716071888
"36484","20074.16",36484,68731909,-0.582266570499555
"36485","20074.16",36485,68732457,0.560204875376232
"36486","20074.16",36486,68732977,-0.629810098171294
"36487","20074.16",36487,68734591,-0.255389173435165
"36488","20074.16",36488,68736265,-0.974805926862798
"36489","20074.16",36489,68736853,-0.513376391468709
"36490","20074.16",36490,68738377,0.194349561709259
"36491","20074.16",36491,68739170,-1.07924078335291
"36492","20074.16",36492,68749663,0.707827355029273
"36493","20074.16",36493,68749779,0.146790665452955
"36494","20074.16",36494,68752669,0.226416804102972
"36495","20074.16",36495,68754312,-0.366822203283681
"36496","20074.16",36496,68754351,-0.470264556195152
"36497","20074.16",36497,68759221,0.253891266512242
"36498","20074.16",36498,68764495,-1.19737978266668
"36499","20074.16",36499,68764512,-0.440370725145233
"36500","20074.16",36500,68773860,-0.404318424497372
"36501","20074.16",36501,68773912,0.333669934099404
"36502","20074.16",36502,68774283,0.0127489086254222
"36503","20074.16",36503,68774800,0.364342865618368
"36504","20074.16",36504,68777720,1.00357198428661
"36505","20074.16",36505,68778189,-0.790706220205815
"36506","20074.16",36506,68778996,-0.000654880367224386
"36507","20074.16",36507,68780380,0.109135666213741
"36508","20074.16",36508,68783671,-0.091436627855412
"36509","20074.16",36509,68785080,0.46293249434079
"36510","20074.16",36510,68786235,0.693790538441506
"36511","20074.16",36511,68789976,0.393992025224343
"36512","20074.16",36512,68792261,-0.515013546250227
"36513","20074.16",36513,68795374,-0.354822886273504
"36514","20074.16",36514,68795627,-0.233360016797803
"36515","20074.16",36515,68796060,0.0432144537714416
"36516","20074.16",36516,68802215,0.0266251013022032
"36517","20074.16",36517,68802282,1.09629860725393
"36518","20074.16",36518,68802423,1.45548425201602
"36519","20074.16",36519,68802936,-0.0882367261675574
"36520","20074.16",36520,68803222,0.648085078869282
"36521","20074.16",36521,68805785,-0.75775351748118
"36522","20074.16",36522,68809746,0.0378985393394693
"36523","20074.16",36523,68811380,-0.883253642667309
"36524","20074.16",36524,68814948,-0.458163039390403
"36525","20074.16",36525,68816260,-0.773041450512822
"36526","20074.16",36526,68817082,-1.28984314271268
"36527","20074.16",36527,68817439,0.915284329400255
"36528","20074.16",36528,68817951,-0.25131279361488
"36529","20074.16",36529,68819614,0.114699581836885
"36530","20074.16",36530,68822341,-0.778089901194203
"36531","20074.16",36531,68822479,0.223278292502464
"36532","20074.16",36532,68823586,-0.654876676871662
"36533","20074.16",36533,68824039,0.0429244146738403
"36534","20074.16",36534,68824075,-1.04521146770738
"36535","20074.16",36535,68827994,0.050647031516025
"36536","20074.16",36536,68829021,0.902287132103662
"36537","20074.16",36537,68830880,-0.490912887887688
"36538","20074.16",36538,68831564,-2.63558087925033
"36539","20074.16",36539,68832943,0.201149806585311
"36540","20074.16",36540,68836202,-0.154526736219821
"36541","20074.16",36541,68837789,-0.227582632002767
"36542","20074.16",36542,68837876,0.0523915206163981
"36543","20074.16",36543,68839263,0.215020887790737
"36544","20074.16",36544,68839814,-0.361761414251299
"36545","20074.16",36545,68840588,0.413042458969447
"36546","20074.16",36546,68840903,-0.521396631756088
"36547","20074.16",36547,68842895,-0.0400150816703215
"36548","20074.16",36548,68843408,-0.352606492910557
"36549","20074.16",36549,68844943,0.0993843024145384
"36550","20074.16",36550,68844967,0.404878541892329
"36551","20074.16",36551,68846736,-0.984535111357124
"36552","20074.16",36552,68850692,-0.0638095073337164
"36553","20074.16",36553,68851436,0.151649942446706
"36554","20074.16",36554,68853196,0.149710865473116
"36555","20074.16",36555,68853671,0.812065849297951
"36556","20074.16",36556,68858657,-0.0374916499439299
"36557","20074.16",36557,68860698,-0.143311776918197
"36558","20074.16",36558,68861864,0.674306787741595
"36559","20074.16",36559,68861904,-0.103004669801459
"36560","20074.16",36560,68862597,0.790273499660299
"36561","20074.16",36561,68862915,0.743273861208013
"36562","20074.16",36562,68862941,0.933237101792142
"36563","20074.16",36563,68863087,0.305219173787683
"36564","20074.16",36564,68863314,0.606120137700557
"36565","20074.16",36565,68863412,0.91826880042506
"36566","20074.16",36566,68863630,-0.218681709174119
"36567","20074.16",36567,68866819,-0.508986554385431
"36568","20074.16",36568,68867840,0.655890018740718
"36569","20074.16",36569,68868522,0.592268656079498
"36570","20074.16",36570,68869268,0.353350078739484
"36571","20074.16",36571,68869510,0.571448638182148
"36572","20074.16",36572,68872614,0.127415138103183
"36573","20074.16",36573,68876152,0.132359187643558
"36574","20074.16",36574,68879826,-0.12465310352846
"36575","20074.16",36575,68880710,-0.0484175654215608
"36576","20074.16",36576,68881495,-0.00886338509938867
"36577","20074.16",36577,68883616,-0.982743091023417
"36578","20074.16",36578,68884355,0.0077381905089915
"36579","20074.16",36579,68884739,0.148750309852592
"36580","20074.16",36580,68885393,-0.320747616273175
"36581","20074.16",36581,68886105,-0.430215318382613
"36582","20074.16",36582,68886789,0.275411892094861
"36583","20074.16",36583,68893781,0.670157982062741
"36584","20074.16",36584,68893953,-0.0897246543771129
"36585","20074.16",36585,68895437,0.0386463553780505
"36586","20074.16",36586,68895754,0.67940983201919
"36587","20074.16",36587,68896458,0.883988502436822
"36588","20074.16",36588,68897718,0.519164988172572
"36589","20074.16",36589,68898188,-0.324170868264807
"36590","20074.16",36590,68904220,-0.269306782109356
"36591","20074.16",36591,68904381,0.444354122557654
"36592","20074.16",36592,68905444,-0.813785038960471
"36593","20074.16",36593,68906507,-1.12609364209859
"36594","20074.16",36594,68909704,-0.729857417156182
"36595","20074.16",36595,68910055,0.118301332140549
"36596","20074.16",36596,68914465,-0.469892351187061
"36597","20074.16",36597,68917400,-0.0469423694841646
"36598","20074.16",36598,68922261,-0.917085907997325
"36599","20074.16",36599,68924052,-0.232038695180683
"36600","20074.16",36600,68926083,-2.56563807620991
"36601","20074.16",36601,68928152,-0.226006349054545
"36602","20074.16",36602,68930748,-0.273403283402975
"36603","20074.16",36603,68931273,-1.27431718990789
"36604","20074.16",36604,68933245,0.188154938234288
"36605","20074.16",36605,68933325,1.16752639997286
"36606","20074.16",36606,68933630,-0.676887101804002
"36607","20074.16",36607,68934872,0.285931616481425
"36608","20074.16",36608,68936328,-0.353038014034051
"36609","20074.16",36609,68937221,0.639131389502251
"36610","20074.16",36610,68943112,-0.145017428244175
"36611","20074.16",36611,68947667,-0.470897103169901
"36612","20074.16",36612,68950148,-0.643184127185722
"36613","20074.16",36613,68950168,-0.680556916253177
"36614","20074.16",36614,68950779,-1.17532197614981
"36615","20074.16",36615,68953017,0.326014409506805
"36616","20074.16",36616,68953193,-0.27779077334461
"36617","20074.16",36617,68953309,0.704761057642837
"36618","20074.16",36618,68954646,-0.231809115681124
"36619","20074.16",36619,68955385,-1.02250191549732
"36620","20074.16",36620,68959912,-0.70120789598726
"36621","20074.16",36621,68960764,0.0292867460240274
"36622","20074.16",36622,68960982,0.432318996726701
"36623","20074.16",36623,68961001,-0.551720776138847
"36624","20074.16",36624,68961025,-0.00252706795881075
"36625","20074.16",36625,68963125,-0.751040928247927
"36626","20074.16",36626,68963749,-0.203943768547621
"36627","20074.16",36627,68965889,-0.864680343237161
"36628","20074.16",36628,68968019,0.23987415906629
"36629","20074.16",36629,68969560,0.864545615072653
"36630","20074.16",36630,68971231,0.187783518303456
"36631","20074.16",36631,68971985,0.635302789968645
"36632","20074.16",36632,68978056,0.756691595309966
"36633","20074.16",36633,68981968,-0.961049205461225
"36634","20074.16",36634,68982277,-1.4292639760208
"36635","20074.16",36635,68991604,-0.736976407974733
"36636","20074.16",36636,68992673,-0.647722084099977
"36637","20074.16",36637,68993059,0.481252875201604
"36638","20074.16",36638,68995184,0.861218196562677
"36639","20074.16",36639,68995834,-0.559670334247235
"36640","20074.16",36640,68996793,-1.37833114021475
"36641","20074.16",36641,69000588,0.43712539133175
"36642","20074.16",36642,69000978,-1.14977088680507
"36643","20074.16",36643,69001657,-0.240277612812696
"36644","20074.16",36644,69001761,0.644674693262721
"36645","20074.16",36645,69004221,-0.769405782544728
"36646","20074.16",36646,69006311,-0.490093428899501
"36647","20074.16",36647,69006350,0.31780816853422
"36648","20074.16",36648,69009893,0.607239730105289
"36649","20074.16",36649,69010655,0.230581023529312
"36650","20074.16",36650,69015620,-0.583927641808295
"36651","20074.16",36651,69015963,-0.492459918979212
"36652","20074.16",36652,69017630,0.357682514183053
"36653","20074.16",36653,69026253,0.320733051717572
"36654","20074.16",36654,69026487,0.128326285690418
"36655","20074.16",36655,69026509,1.18151395138394
"36656","20074.16",36656,69030469,0.452728395970229
"36657","20074.16",36657,69030644,1.08937966848949
"36658","20074.16",36658,69031045,-0.145812732465747
"36659","20074.16",36659,69034799,-0.923396240109946
"36660","20074.16",36660,69037944,0.129943498363299
"36661","20074.16",36661,69038931,-0.789915536194756
"36662","20074.16",36662,69045342,-0.137264074513558
"36663","20074.16",36663,69045862,0.672698788982802
"36664","20074.16",36664,69045975,-0.0882613031926427
"36665","20074.16",36665,69046745,0.0940972743610047
"36666","20074.16",36666,69047107,0.206110402389677
"36667","20074.16",36667,69049810,0.00901174871559007
"36668","20074.16",36668,69050082,-0.0383797947817506
"36669","20074.16",36669,69053198,-0.645001543239418
"36670","20074.16",36670,69056331,-0.366603979206612
"36671","20074.16",36671,69056919,-0.188759972320542
"36672","20074.16",36672,69057041,0.363518769420414
"36673","20074.16",36673,69058548,-0.449030549689827
"36674","20074.16",36674,69059216,0.229394760670733
"36675","20074.16",36675,69062835,-0.588196106016114
"36676","20074.16",36676,69063200,0.795341139731032
"36677","20074.16",36677,69063281,0.359584774712022
"36678","20074.16",36678,69067538,0.640151912028357
"36679","20074.16",36679,69069258,-0.406016066514984
"36680","20074.16",36680,69071269,-0.466563498821229
"36681","20074.16",36681,69074214,-0.213682132434647
"36682","20074.16",36682,69074608,0.127337401714605
"36683","20074.16",36683,69076621,-0.171539549141318
"36684","20074.16",36684,69078575,-0.109126820506332
"36685","20074.16",36685,69084178,0.600001735766601
"36686","20074.16",36686,69084296,-0.148440108557153
"36687","20074.16",36687,69087108,-0.674230692934637
"36688","20074.16",36688,69089618,-1.04970531360002
"36689","20074.16",36689,69090384,0.203605455205858
"36690","20074.16",36690,69094294,-1.02843286738462
"36691","20074.16",36691,69095184,0.128776424491439
"36692","20074.16",36692,69098866,0.598545318060887
"36693","20074.16",36693,69099668,-0.554518102650963
"36694","20074.16",36694,69102132,-0.787791823343354
"36695","20074.16",36695,69102315,-0.604957618092068
"36696","20074.16",36696,69103408,-0.852237405099199
"36697","20074.16",36697,69109015,-0.304953153544669
"36698","20074.16",36698,69109709,-0.644775822902538
"36699","20074.16",36699,69112398,-0.119496954877511
"36700","20074.16",36700,69113643,0.74215638649614
"36701","20074.16",36701,69114060,0.385106331903667
"36702","20074.16",36702,69116681,0.0653297244356539
"36703","20074.16",36703,69117341,-0.335258700860714
"36704","20074.16",36704,69118019,-0.835378778773538
"36705","20074.16",36705,69120871,-0.381181657844706
"36706","20074.16",36706,69121321,-0.360994340190492
"36707","20074.16",36707,69123404,-0.472716315041926
"36708","20074.16",36708,69125583,-0.0878298706417677
"36709","20074.16",36709,69125649,0.496343450790877
"36710","20074.16",36710,69127352,-0.142218702020515
"36711","20074.16",36711,69131965,-0.413689999546823
"36712","20074.16",36712,69132521,-0.563111639273536
"36713","20074.16",36713,69135049,-0.462984689343439
"36714","20074.16",36714,69141979,-0.318128612497495
"36715","20074.16",36715,69143577,-0.368192520932785
"36716","20074.16",36716,69150209,-0.439309839670768
"36717","20074.16",36717,69161497,-1.68193385331569
"36718","20074.16",36718,69168289,-0.0539680445083563
"36719","20074.16",36719,69170568,0.692631038400877
"36720","20074.16",36720,69174141,-0.522956291492148
"36721","20074.16",36721,69174287,-0.398705490426831
"36722","20074.16",36722,69174694,-0.157612965413152
"36723","20074.16",36723,69179034,-0.712817365142268
"36724","20074.16",36724,69186791,0.221719684588408
"36725","20074.16",36725,69187222,0.624235845457615
"36726","20074.16",36726,69188930,-1.75827586733552
"36727","20074.16",36727,69191326,-0.375016877536031
"36728","20074.16",36728,69191420,0.93863321702735
"36729","20074.16",36729,69198176,0.0778732902411461
"36730","20074.16",36730,69199216,-0.382696693589949
"36731","20074.16",36731,69203196,-1.2868540459669
"36732","20074.16",36732,69203457,-0.475343794269229
"36733","20074.16",36733,69205927,-0.338926385374839
"36734","20074.16",36734,69208819,-0.143047743697648
"36735","20074.16",36735,69210019,-0.126852827687637
"36736","20074.16",36736,69210463,0.646568640494444
"36737","20074.16",36737,69210661,-0.133149148710542
"36738","20074.16",36738,69214826,-0.066637520894508
"36739","20074.16",36739,69216078,-0.10362989150898
"36740","20074.16",36740,69216722,0.0056264038451479
"36741","20074.16",36741,69216800,-0.719298702295178
"36742","20074.16",36742,69220434,0.159817332081516
"36743","20074.16",36743,69222815,0.210040867547979
"36744","20074.16",36744,69223741,-0.117048444786525
"36745","20074.16",36745,69224615,0.209288801212709
"36746","20074.16",36746,69227537,0.909898862881787
"36747","20074.16",36747,69227616,-0.568088996221452
"36748","20074.16",36748,69227779,-0.078958099577318
"36749","20074.16",36749,69228377,-0.599834412964196
"36750","20074.16",36750,69228852,-0.104490008678933
"36751","20074.16",36751,69229059,-0.142785553159973
"36752","20074.16",36752,69229686,0.0653931166320953
"36753","20074.16",36753,69235506,-0.0351055027860383
"36754","20074.16",36754,69236029,-1.0185781991632
"36755","20074.16",36755,69238164,-0.10832099293357
"36756","20074.16",36756,69238228,-0.112762416348066
"36757","20074.16",36757,69239016,-0.117034045391069
"36758","20074.16",36758,69239042,-0.0598492251985583
"36759","20074.16",36759,69246837,-0.169260955670066
"36760","20074.16",36760,69246970,-0.687817764944671
"36761","20074.16",36761,69249562,0.640825773582626
"36762","20074.16",36762,69252027,-0.0100825079949312
"36763","20074.16",36763,69255020,0.0448321312044007
"36764","20074.16",36764,69259316,0.389951555420603
"36765","20074.16",36765,69271962,0.717105242994985
"36766","20074.16",36766,69272024,-0.10137225441218
"36767","20074.16",36767,69272971,-0.135638281382048
"36768","20074.16",36768,69276047,0.578439871645519
"36769","20074.16",36769,69276198,0.219124916427554
"36770","20074.16",36770,69276617,-0.417257921488921
"36771","20074.16",36771,69277073,0.371907048480465
"36772","20074.16",36772,69279665,0.433865329306598
"36773","20074.16",36773,69279935,0.0569703629888796
"36774","20074.16",36774,69281400,-0.830617916807116
"36775","20074.16",36775,69283606,-0.256740518432959
"36776","20074.16",36776,69288015,0.316694142453431
"36777","20074.16",36777,69288038,0.62347526923175
"36778","20074.16",36778,69290750,-0.534986466110129
"36779","20074.16",36779,69292011,-0.0738849897265252
"36780","20074.16",36780,69292877,0.733301253399772
"36781","20074.16",36781,69296026,-0.731379864951498
"36782","20074.16",36782,69298075,0.339436662672498
"36783","20074.16",36783,69301625,-0.371631815578673
"36784","20074.16",36784,69301958,-1.29546251853361
"36785","20074.16",36785,69310136,0.535847124707714
"36786","20074.16",36786,69310491,0.143013186657825
"36787","20074.16",36787,69311092,-0.47130429391505
"36788","20074.16",36788,69311601,-0.811781691358453
"36789","20074.16",36789,69321504,-0.128179783859498
"36790","20074.16",36790,69322767,-0.490414243249248
"36791","20074.16",36791,69323912,0.124281653779188
"36792","20074.16",36792,69325677,0.36243641979569
"36793","20074.16",36793,69328016,-0.383549147345729
"36794","20074.16",36794,69332798,0.0451975265548423
"36795","20074.16",36795,69333610,0.158462078789936
"36796","20074.16",36796,69333878,-0.337983178252398
"36797","20074.16",36797,69337403,0.5202530584608
"36798","20074.16",36798,69341781,-0.089913031728659
"36799","20074.16",36799,69343361,-0.244378399092843
"36800","20074.16",36800,69350162,-0.406993380961866
"36801","20074.16",36801,69350911,-0.0136442422801499
"36802","20074.16",36802,69351269,-0.460195815210245
"36803","20074.16",36803,69355506,-0.21333188982225
"36804","20074.16",36804,69355673,-0.241616994834403
"36805","20074.16",36805,69358514,0.295003587947462
"36806","20074.16",36806,69367996,0.199906310075025
"36807","20074.16",36807,69368876,-0.74592331438106
"36808","20074.16",36808,69370050,0.277055319944394
"36809","20074.16",36809,69372564,0.00345279319644032
"36810","20074.16",36810,69374946,0.0135186275369437
"36811","20074.16",36811,69377553,-0.189401359364403
"36812","20074.16",36812,69377611,-0.473873333036786
"36813","20074.16",36813,69378088,-2.22015381384144
"36814","20074.16",36814,69382822,-0.53449698188451
"36815","20074.16",36815,69383136,0.372252653045332
"36816","20074.16",36816,69383276,-1.77821982242476
"36817","20074.16",36817,69384859,-0.131668096170359
"36818","20074.16",36818,69385516,-0.851855425597925
"36819","20074.16",36819,69385876,0.0708639948367376
"36820","20074.16",36820,69395434,0.477214752021788
"36821","20074.16",36821,69395598,-0.0416238473063917
"36822","20074.16",36822,69397300,-0.672576397797937
"36823","20074.16",36823,69397393,0.70434944630551
"36824","20074.16",36824,69398353,0.88608036228898
"36825","20074.16",36825,69398381,-1.03523609274915
"36826","20074.16",36826,69401038,-1.62761814996542
"36827","20074.16",36827,69401937,0.471777792726729
"36828","20074.16",36828,69405463,-0.666386263817704
"36829","20074.16",36829,69406384,-0.037689282293079
"36830","20074.16",36830,69406986,0.940489759023502
"36831","20074.16",36831,69407915,0.506834330010997
"36832","20074.16",36832,69408982,0.704713978495088
"36833","20074.16",36833,69409618,0.141936483345053
"36834","20074.16",36834,69411141,-0.838028286481078
"36835","20074.16",36835,69424250,0.127451673621875
"36836","20074.16",36836,69428334,0.193250996047789
"36837","20074.16",36837,69428569,-1.24514784172015
"36838","20074.16",36838,69428641,-0.369452150531693
"36839","20074.16",36839,69430846,-0.924005427240365
"36840","20074.16",36840,69434662,-0.698581218711768
"36841","20074.16",36841,69435410,-0.0840105911607418
"36842","20074.16",36842,69435679,-0.179238977575818
"36843","20074.16",36843,69439639,0.714950750187076
"36844","20074.16",36844,69440075,-0.36374976836274
"36845","20074.16",36845,69440954,0.402677811585696
"36846","20074.16",36846,69455461,0.467431021539094
"36847","20074.16",36847,69455528,0.0554007378038133
"36848","20074.16",36848,69455900,-1.19550096636543
"36849","20074.16",36849,69458193,-0.094133792578356
"36850","20074.16",36850,69458369,-0.000314253177609913
"36851","20074.16",36851,69466217,-0.958834849426988
"36852","20074.16",36852,69466275,0.519431833903069
"36853","20074.16",36853,69474517,0.717348949968048
"36854","20074.16",36854,69478255,-0.094003482391142
"36855","20074.16",36855,69482200,-0.577379933620978
"36856","20074.16",36856,69483073,0.485010573129084
"36857","20074.16",36857,69483241,0.329974915358387
"36858","20074.16",36858,69490554,0.555984388498794
"36859","20074.16",36859,69491846,-0.866181472662972
"36860","20074.16",36860,69492274,0.17106836202949
"36861","20074.16",36861,69492838,-0.0913966278095586
"36862","20074.16",36862,69494279,-0.0768459242395476
"36863","20074.16",36863,69495181,0.47326622995879
"36864","20074.16",36864,69495252,0.174670611363944
"36865","20074.16",36865,69497203,0.0187709706386663
"36866","20074.16",36866,69503267,-0.582832852948491
"36867","20074.16",36867,69503787,-0.247378391051122
"36868","20074.16",36868,69503960,0.0575919695766114
"36869","20074.16",36869,69504229,-0.444638944979824
"36870","20074.16",36870,69508419,0.185087636945186
"36871","20074.16",36871,69509506,0.933419022578794
"36872","20074.16",36872,69510470,0.154802906741558
"36873","20074.16",36873,69510691,0.0639971186298718
"36874","20074.16",36874,69516168,0.293156479364089
"36875","20074.16",36875,69516433,0.205089519178713
"36876","20074.16",36876,69517738,-0.587170368114231
"36877","20074.16",36877,69518638,-0.271358563778041
"36878","20074.16",36878,69519005,0.474899500916927
"36879","20074.16",36879,69524544,0.72680936887198
"36880","20074.16",36880,69524815,-0.499809858118414
"36881","20074.16",36881,69525431,0.82235434932249
"36882","20074.16",36882,69525697,0.542301331740981
"36883","20074.16",36883,69527570,-0.606506250391149
"36884","20074.16",36884,69534089,-0.138842329725945
"36885","20074.16",36885,69534636,0.397507200604049
"36886","20074.16",36886,69534688,-0.0772835749541363
"36887","20074.16",36887,69534865,0.0605700089446257
"36888","20074.16",36888,69536106,-0.60309175930028
"36889","20074.16",36889,69536610,0.139565793818596
"36890","20074.16",36890,69539213,-0.367252691613541
"36891","20074.16",36891,69542376,-0.261720377489539
"36892","20074.16",36892,69542478,0.404323576914522
"36893","20074.16",36893,69543848,-0.548402755916615
"36894","20074.16",36894,69544848,-0.603040566983611
"36895","20074.16",36895,69546917,-0.287473905812525
"36896","20074.16",36896,69547016,-0.67334171018085
"36897","20074.16",36897,69548788,0.533238978233057
"36898","20074.16",36898,69556506,0.315043814567773
"36899","20074.16",36899,69556715,0.362567012531938
"36900","20074.16",36900,69557096,-0.251862283384884
"36901","20074.16",36901,69557635,0.239092403921747
"36902","20074.16",36902,69559375,-0.391650208666289
"36903","20074.16",36903,69559696,0.0941974559392271
"36904","20074.16",36904,69562186,-0.832419479409858
"36905","20074.16",36905,69562702,-0.0873380976691536
"36906","20074.16",36906,69563842,0.649481612035522
"36907","20074.16",36907,69563890,-0.000339366946614739
"36908","20074.16",36908,69564364,0.301574473712573
"36909","20074.16",36909,69565836,0.127210296468
"36910","20074.16",36910,69567616,-0.90205300364629
"36911","20074.16",36911,69568023,-0.373870785028977
"36912","20074.16",36912,69569096,0.16224514104851
"36913","20074.16",36913,69573088,-0.77553304900509
"36914","20074.16",36914,69580716,-0.0914045341244982
"36915","20074.16",36915,69581672,0.0109388781567707
"36916","20074.16",36916,69581728,0.0856376406019335
"36917","20074.16",36917,69581912,0.265581417690146
"36918","20074.16",36918,69582048,0.258550862717912
"36919","20074.16",36919,69583340,-0.201788147091784
"36920","20074.16",36920,69583940,-1.97633140928349
"36921","20074.16",36921,69586228,-0.66347053950726
"36922","20074.16",36922,69587121,-0.114271329277414
"36923","20074.16",36923,69587212,0.432952000983698
"36924","20074.16",36924,69587439,0.0606412582575544
"36925","20074.16",36925,69589191,-1.22333421757971
"36926","20074.16",36926,69589612,-0.678271547897245
"36927","20074.16",36927,69590296,0.17576129585672
"36928","20074.16",36928,69596186,-0.515796835052927
"36929","20074.16",36929,69597070,0.180153790038299
"36930","20074.16",36930,69603545,-0.485873669255208
"36931","20074.16",36931,69605349,0.0477243300065098
"36932","20074.16",36932,69605381,-0.502730085586195
"36933","20074.16",36933,69606048,0.00678468102511953
"36934","20074.16",36934,69606461,0.269535542119828
"36935","20074.16",36935,69607413,0.0568372178977423
"36936","20074.16",36936,69615753,-0.979660506617074
"36937","20074.16",36937,69617513,-0.304826547402827
"36938","20074.16",36938,69618741,-0.353188743968353
"36939","20074.16",36939,69619267,0.192937054257917
"36940","20074.16",36940,69623553,-0.988727454709371
"36941","20074.16",36941,69625217,-1.36255258782609
"36942","20074.16",36942,69636545,-1.96301288398065
"36943","20074.16",36943,69638510,-0.336748854494518
"36944","20074.16",36944,69648495,-0.00408431152799249
"36945","20074.16",36945,69648653,0.771073139704991
"36946","20074.16",36946,69653696,0.308880578634334
"36947","20074.16",36947,69653863,-1.34872178449988
"36948","20074.16",36948,69654007,-0.296383516806067
"36949","20074.16",36949,69654245,-0.447348445068111
"36950","20074.16",36950,69665980,0.0839567605379719
"36951","20074.16",36951,69666320,-0.23016521112211
"36952","20074.16",36952,69666683,0.485945037809608
"36953","20074.16",36953,69666939,1.01378189270426
"36954","20074.16",36954,69666970,0.0812527701768717
"36955","20074.16",36955,69667163,-0.126820982590717
"36956","20074.16",36956,69673386,0.424060505595343
"36957","20074.16",36957,69673656,-0.222804075417695
"36958","20074.16",36958,69674428,0.00904623361830392
"36959","20074.16",36959,69679686,-0.503950646403865
"36960","20074.16",36960,69679867,-0.750395723313286
"36961","20074.16",36961,69680221,-0.333776427816407
"36962","20074.16",36962,69680371,-0.100153523779175
"36963","20074.16",36963,69680885,0.310959695959023
"36964","20074.16",36964,69683942,-0.127113539993135
"36965","20074.16",36965,69684404,-0.54783591703857
"36966","20074.16",36966,69689235,0.573612742616873
"36967","20074.16",36967,69689350,0.487587692061788
"36968","20074.16",36968,69695183,-0.472249596307504
"36969","20074.16",36969,69695589,0.021558253668589
"36970","20074.16",36970,69695624,0.689178186120851
"36971","20074.16",36971,69697780,0.389266544289605
"36972","20074.16",36972,69699005,0.357357701668195
"36973","20074.16",36973,69701795,-1.2423204187091
"36974","20074.16",36974,69702860,-0.713113512940997
"36975","20074.16",36975,69706295,-1.21181239393964
"36976","20074.16",36976,69707242,-0.294792468479459
"36977","20074.16",36977,69709498,-1.08455479760889
"36978","20074.16",36978,69712485,0.829992613905225
"36979","20074.16",36979,69712746,-0.245411030993383
"36980","20074.16",36980,69715937,-0.0501357110063685
"36981","20074.16",36981,69716705,-0.144082399634788
"36982","20074.16",36982,69720034,-1.98566209353789
"36983","20074.16",36983,69730426,0.329706685616119
"36984","20074.16",36984,69734503,0.475017955782874
"36985","20074.16",36985,69734563,0.378553322644945
"36986","20074.16",36986,69734594,-0.160733267854479
"36987","20074.16",36987,69739200,-1.33385373487817
"36988","20074.16",36988,69745145,0.311785857705606
"36989","20074.16",36989,69745380,0.336777634898367
"36990","20074.16",36990,69746393,-0.632753769629867
"36991","20074.16",36991,69747348,0.106408025877029
"36992","20074.16",36992,69750504,-0.111325595207396
"36993","20074.16",36993,69751270,-0.493619246838791
"36994","20074.16",36994,69751385,0.645772737138249
"36995","20074.16",36995,69762679,0.127640156145134
"36996","20074.16",36996,69763617,-0.845592137681472
"36997","20074.16",36997,69766253,-0.493658277995941
"36998","20074.16",36998,69766291,0.496295157187384
"36999","20074.16",36999,69767523,0.0903331237311482
"37000","20074.16",37000,69770977,-1.0042542833419
"37001","20074.16",37001,69771866,-0.706589267961894
"37002","20074.16",37002,69771914,0.0900169862812543
"37003","20074.16",37003,69773855,-0.157805927631749
"37004","20074.16",37004,69775500,0.7779908032741
"37005","20074.16",37005,69776377,-0.2181289592585
"37006","20074.16",37006,69778316,0.723939726671289
"37007","20074.16",37007,69778656,-0.391485485007854
"37008","20074.16",37008,69779312,-0.67430728259326
"37009","20074.16",37009,69799179,-0.0838146864143985
"37010","20074.16",37010,69799874,0.000481330277069425
"37011","20074.16",37011,69801397,0.277541704959554
"37012","20074.16",37012,69801643,-0.0820266653881161
"37013","20074.16",37013,69804347,-1.41253433135411
"37014","20074.16",37014,69807837,0.0267198872085581
"37015","20074.16",37015,69808688,-0.483046062778296
"37016","20074.16",37016,69808998,0.107314039301982
"37017","20074.16",37017,69810898,0.842875727376978
"37018","20074.16",37018,69812558,0.866767192503693
"37019","20074.16",37019,69814347,0.0628967091602188
"37020","20074.16",37020,69814625,-0.275652021514777
"37021","20074.16",37021,69820742,0.390984994245142
"37022","20074.16",37022,69821128,-0.317211318880321
"37023","20074.16",37023,69822680,0.806068565485858
"37024","20074.16",37024,69823836,0.315365376680771
"37025","20074.16",37025,69824452,-1.26925159677496
"37026","20074.16",37026,69829875,-0.815666726777683
"37027","20074.16",37027,69832912,-0.134275906918519
"37028","20074.16",37028,69833339,-0.371485708734564
"37029","20074.16",37029,69833527,-0.0724997970620338
"37030","20074.16",37030,69833663,-0.282615691461594
"37031","20074.16",37031,69833990,-0.411507723768823
"37032","20074.16",37032,69837118,-0.301497514006204
"37033","20074.16",37033,69837156,-0.342654303549565
"37034","20074.16",37034,69841472,-0.513060250869394
"37035","20074.16",37035,69842722,0.260878925221577
"37036","20074.16",37036,69843031,-0.569320749488504
"37037","20074.16",37037,69844027,-0.425258923732156
"37038","20074.16",37038,69844543,0.478450682496939
"37039","20074.16",37039,69847680,0.00205210870319927
"37040","20074.16",37040,69847874,-0.00367536029530946
"37041","20074.16",37041,69848721,-0.645651322824035
"37042","20074.16",37042,69848772,-0.55185815097126
"37043","20074.16",37043,69850015,-0.664155330126003
"37044","20074.16",37044,69850151,-0.0918982646207152
"37045","20074.16",37045,69853384,-0.93712970754227
"37046","20074.16",37046,69854674,1.06185573522222
"37047","20074.16",37047,69856623,-0.883826246212446
"37048","20074.16",37048,69858568,-0.599614304850558
"37049","20074.16",37049,69858971,-0.0961922521752996
"37050","20074.16",37050,69862809,-0.207015375562183
"37051","20074.16",37051,69863233,0.353568510995539
"37052","20074.16",37052,69863680,-0.429027239576937
"37053","20074.16",37053,69864675,0.4424194836467
"37054","20074.16",37054,69865326,0.186736233368031
"37055","20074.16",37055,69866394,0.998536113214699
"37056","20074.16",37056,69867172,0.0021103535201572
"37057","20074.16",37057,69870280,0.0695054913099105
"37058","20074.16",37058,69872404,-0.192213943466492
"37059","20074.16",37059,69874688,-1.19034796170785
"37060","20074.16",37060,69876164,0.358873118434135
"37061","20074.16",37061,69876547,0.257322145770076
"37062","20074.16",37062,69881229,0.100304075682876
"37063","20074.16",37063,69881888,-1.04137597091751
"37064","20074.16",37064,69882581,-0.584607399425377
"37065","20074.16",37065,69883985,0.0730716478998135
"37066","20074.16",37066,69884619,-0.371865383225836
"37067","20074.16",37067,69885329,0.230404943894613
"37068","20074.16",37068,69887010,0.62811275569716
"37069","20074.16",37069,69888085,-0.616730285585527
"37070","20074.16",37070,69890927,-0.217785384197628
"37071","20074.16",37071,69891323,0.0188059586603009
"37072","20074.16",37072,69891367,0.0511724665666371
"37073","20074.16",37073,69893052,-1.10008379679379
"37074","20074.16",37074,69894163,-0.568356842821564
"37075","20074.16",37075,69895286,0.502384541917427
"37076","20074.16",37076,69896527,-0.959876242640989
"37077","20074.16",37077,69897235,0.540936885928196
"37078","20074.16",37078,69897661,-0.904262375408432
"37079","20074.16",37079,69901106,-0.0327316974487797
"37080","20074.16",37080,69901884,0.90429073419043
"37081","20074.16",37081,69903181,-0.256951216979457
"37082","20074.16",37082,69904138,-0.213842441327809
"37083","20074.16",37083,69904681,0.0861816384161624
"37084","20074.16",37084,69907445,-0.422648935813264
"37085","20074.16",37085,69907848,0.283181276199408
"37086","20074.16",37086,69909242,-1.18053375317481
"37087","20074.16",37087,69910179,-0.215608067070129
"37088","20074.16",37088,69913925,-0.339403898155521
"37089","20074.16",37089,69913978,0.900804076115176
"37090","20074.16",37090,69914680,0.10699639687887
"37091","20074.16",37091,69917740,0.752983745883289
"37092","20074.16",37092,69917938,0.0138837691902696
"37093","20074.16",37093,69918119,0.173442369617328
"37094","20074.16",37094,69920704,0.233644074754067
"37095","20074.16",37095,69921115,-0.74912119094892
"37096","20074.16",37096,69921143,-0.021522374344066
"37097","20074.16",37097,69924516,-0.149194719523395
"37098","20074.16",37098,69924795,0.324244808178382
"37099","20074.16",37099,69925597,-0.110272966744681
"37100","20074.16",37100,69926805,-0.0697236639753207
"37101","20074.16",37101,69929796,0.364861027192737
"37102","20074.16",37102,69931384,0.0929746167145691
"37103","20074.16",37103,69932299,-0.371628100733415
"37104","20074.16",37104,69932503,-0.934143728250334
"37105","20074.16",37105,69933146,-0.408690241144858
"37106","20074.16",37106,69940905,0.619616883294946
"37107","20074.16",37107,69941199,-0.0690919201556186
"37108","20074.16",37108,69942965,-0.126525651881422
"37109","20074.16",37109,69943003,0.0118673404711158
"37110","20074.16",37110,69945141,-0.712445127257328
"37111","20074.16",37111,69947587,-0.8268178467826
"37112","20074.16",37112,69948497,0.308834586071797
"37113","20074.16",37113,69950999,0.505878335567725
"37114","20074.16",37114,69952657,0.455429109181641
"37115","20074.16",37115,69954044,-0.290163597386209
"37116","20074.16",37116,69959223,-0.275856222463394
"37117","20074.16",37117,69959699,-0.277093401359411
"37118","20074.16",37118,69959988,0.430044789969426
"37119","20074.16",37119,69963863,-0.00583125489188863
"37120","20074.16",37120,69965083,0.144863188999897
"37121","20074.16",37121,69967183,-0.532871000130233
"37122","20074.16",37122,69967897,-0.858413227782349
"37123","20074.16",37123,69968201,0.0120697190252148
"37124","20074.16",37124,69968367,0.314927058383486
"37125","20074.16",37125,69970000,-0.299261320067112
"37126","20074.16",37126,69971687,-0.473995343100264
"37127","20074.16",37127,69971965,1.15310211183738
"37128","20074.16",37128,69973297,-0.36455566124424
"37129","20074.16",37129,69974448,0.74882244852037
"37130","20074.16",37130,69976034,-0.373282323619554
"37131","20074.16",37131,69976479,-0.324188995040823
"37132","20074.16",37132,69977410,0.468356685252075
"37133","20074.16",37133,69977436,-0.0390869009168968
"37134","20074.16",37134,69988387,0.00315294540333255
"37135","20074.16",37135,70024590,-1.42118633847761
"37136","20074.16",37136,70028694,-0.295378373859083
"37137","20074.16",37137,70029903,0.231364986425106
"37138","20074.16",37138,70040385,-0.164364337946569
"37139","20074.16",37139,70049797,-0.712069546904025
"37140","20074.16",37140,70050911,0.583478707016943
"37141","20074.16",37141,70052384,0.455881302950368
"37142","20074.16",37142,70052426,-0.0105620040065819
"37143","20074.16",37143,70059967,0.066597284812981
"37144","20074.16",37144,70062563,-0.131283155633318
"37145","20074.16",37145,70064766,-0.156462613762661
"37146","20074.16",37146,70065013,-0.533539114220298
"37147","20074.16",37147,70065264,0.294987598050533
"37148","20074.16",37148,70075710,-0.442213592493673
"37149","20074.16",37149,70082214,0.728288772069763
"37150","20074.16",37150,70083374,0.785811241921345
"37151","20074.16",37151,70088797,0.0266680470825795
"37152","20074.16",37152,70095730,-0.222877864722904
"37153","20074.16",37153,70104902,-0.285322998765286
"37154","20074.16",37154,70109480,-0.544569160687049
"37155","20074.16",37155,70109790,-0.177831386628346
"37156","20074.16",37156,70109990,0.698058841713082
"37157","20074.16",37157,70110047,1.08054004929623
"37158","20074.16",37158,70119630,-0.74927527025762
"37159","20074.16",37159,70119754,-0.690448476211287
"37160","20074.16",37160,70120131,-0.480377241334858
"37161","20074.16",37161,70121424,-1.18394120805084
"37162","20074.16",37162,70121485,-1.71665501132716
"37163","20074.16",37163,70122850,-0.159499042157542
"37164","20074.16",37164,70124348,0.735330656720369
"37165","20074.16",37165,70124351,-0.87714682042123
"37166","20074.16",37166,70124413,0.569708261697934
"37167","20074.16",37167,70124766,0.230307990225285
"37168","20074.16",37168,70125175,-0.614880253923012
"37169","20074.16",37169,70136868,1.0116382199916
"37170","20074.16",37170,70139542,0.177138565601265
"37171","20074.16",37171,70151528,0.104473580121517
"37172","20074.16",37172,70151561,0.85582728823114
"37173","20074.16",37173,70152323,0.0295503408301734
"37174","20074.16",37174,70177648,0.476905576957903
"37175","20074.16",37175,70179344,-0.0471437584601322
"37176","20074.16",37176,70179397,0.844201727243978
"37177","20074.16",37177,70179570,0.224302176182884
"37178","20074.16",37178,70180127,-0.00457020400711716
"37179","20074.16",37179,70180197,0.0658124837537661
"37180","20074.16",37180,70180226,0.644410416589147
"37181","20074.16",37181,70186139,0.216805067222778
"37182","20074.16",37182,70187093,-0.0569193619084398
"37183","20074.16",37183,70187195,0.272512236619431
"37184","20074.16",37184,70187270,0.422507599903617
"37185","20074.16",37185,70191118,0.318665545604737
"37186","20074.16",37186,70197768,-0.21933051496932
"37187","20074.16",37187,70198331,-0.412832118092068
"37188","20074.16",37188,70198357,-0.804644121141567
"37189","20074.16",37189,70198397,-0.532985874369076
"37190","20074.16",37190,70211445,-1.11596670631574
"37191","20074.16",37191,70213045,-0.781885546911068
"37192","20074.16",37192,70234537,0.405294876764496
"37193","20074.16",37193,70245926,0.0510380603553671
"37194","20074.16",37194,70246334,-0.587405884310976
"37195","20074.16",37195,70246340,-0.589444886594149
"37196","20074.16",37196,70246408,0.572365569784776
"37197","20074.16",37197,70246419,-0.177424337191565
"37198","20074.16",37198,70246421,-0.220031721771504
"37199","20074.16",37199,70253822,0.329094955875433
"37200","20074.16",37200,70253842,-0.997163503952539
"37201","20074.16",37201,70253943,0.649723326784309
"37202","20074.16",37202,70254660,0.0877810415799285
"37203","20074.16",37203,70260740,-0.103386876887746
"37204","20074.16",37204,70266776,-0.753473616874214
"37205","20074.16",37205,70267561,0.0276301642032344
"37206","20074.16",37206,70272375,-0.151510413150649
"37207","20074.16",37207,70272709,0.0974238527546634
"37208","20074.16",37208,70277633,-0.0905404024380259
"37209","20074.16",37209,70281779,-1.26111501370615
"37210","20074.16",37210,70286550,-0.508760704036605
"37211","20074.16",37211,70287177,-0.441649259405011
"37212","20074.16",37212,70287681,-0.276618378285674
"37213","20074.16",37213,70288732,-0.48641859527272
"37214","20074.16",37214,70291542,0.568443655526434
"37215","20074.16",37215,70294054,0.532175310498041
"37216","20074.16",37216,70294328,-0.0564304467616257
"37217","20074.16",37217,70297131,0.0905072824033226
"37218","20074.16",37218,70301211,0.962195069603156
"37219","20074.16",37219,70305121,-0.168450175807775
"37220","20074.16",37220,70305504,-0.0554829394241381
"37221","20074.16",37221,70305718,-0.202289230749872
"37222","20074.16",37222,70311139,0.561747194944343
"37223","20074.16",37223,70314715,0.188193034764002
"37224","20074.16",37224,70323833,-2.0768758706782
"37225","20074.16",37225,70326609,-0.293195647230527
"37226","20074.16",37226,70329025,0.0139158548517466
"37227","20074.16",37227,70331420,-1.27434314820025
"37228","20074.16",37228,70332415,0.995134911677428
"37229","20074.16",37229,70336324,-0.695882043484864
"37230","20074.16",37230,70336774,0.0806143493970035
"37231","20074.16",37231,70336848,0.534003941832425
"37232","20074.16",37232,70350689,-0.465137154398326
"37233","20074.16",37233,70351429,-0.311455491145416
"37234","20074.16",37234,70351483,0.0403073586171381
"37235","20074.16",37235,70353892,-0.435687988704476
"37236","20074.16",37236,70357635,-0.270889727245828
"37237","20074.16",37237,70358984,0.604807641923279
"37238","20074.16",37238,70359516,-0.121485495958705
"37239","20074.16",37239,70365069,-0.72724709351088
"37240","20074.16",37240,70368909,0.705024183143814
"37241","20074.16",37241,70370551,0.85894344086341
"37242","20074.16",37242,70371553,-0.158851820584274
"37243","20074.16",37243,70373379,-0.499107980616609
"37244","20074.16",37244,70373559,-0.370370490363033
"37245","20074.16",37245,70376344,-0.697821746526
"37246","20074.16",37246,70381463,0.222790713218685
"37247","20074.16",37247,70383112,-0.745418514973652
"37248","20074.16",37248,70383238,-0.286458000649756
"37249","20074.16",37249,70386526,-0.232683996715898
"37250","20074.16",37250,70386958,-0.525182675115332
"37251","20074.16",37251,70388579,-0.0106796806706431
"37252","20074.16",37252,70393164,-0.178919483729792
"37253","20074.16",37253,70393756,1.09591124780822
"37254","20074.16",37254,70396144,-0.00738286012100886
"37255","20074.16",37255,70396431,-0.506291045100594
"37256","20074.16",37256,70398734,-0.489456288173672
"37257","20074.16",37257,70404503,-1.6258817680361
"37258","20074.16",37258,70407565,-0.0448773862167249
"37259","20074.16",37259,70407926,0.125320158438009
"37260","20074.16",37260,70417979,0.00444319225916701
"37261","20074.16",37261,70418745,0.156411599560558
"37262","20074.16",37262,70420849,-0.516398390035926
"37263","20074.16",37263,70422890,-0.479586782659332
"37264","20074.16",37264,70425046,-1.571430194406
"37265","20074.16",37265,70426593,-0.332406001660629
"37266","20074.16",37266,70430603,0.508029766919367
"37267","20074.16",37267,70431277,-0.682613178348444
"37268","20074.16",37268,70435577,0.209360836842672
"37269","20074.16",37269,70436857,-0.707070161499906
"37270","20074.16",37270,70437199,-0.672931239111833
"37271","20074.16",37271,70446428,-1.58017832584706
"37272","20074.16",37272,70447741,-0.935792107908504
"37273","20074.16",37273,70454131,0.416398341234514
"37274","20074.16",37274,70454243,0.790810258912633
"37275","20074.16",37275,70458201,-1.8232869633543
"37276","20074.16",37276,70458578,-0.0484973387005665
"37277","20074.16",37277,70458667,0.508120883941031
"37278","20074.16",37278,70466594,0.00631952855438112
"37279","20074.16",37279,70467307,0.348940090126056
"37280","20074.16",37280,70473934,0.35617820864167
"37281","20074.16",37281,70475516,-0.0412974551803416
"37282","20074.16",37282,70478424,0.774268563005934
"37283","20074.16",37283,70478833,-0.12282528226565
"37284","20074.16",37284,70479347,-0.882891428236332
"37285","20074.16",37285,70486600,-0.727943751683547
"37286","20074.16",37286,70486825,0.46031758330786
"37287","20074.16",37287,70490521,-0.645853783429606
"37288","20074.16",37288,70493184,-0.215134786131674
"37289","20074.16",37289,70496524,-0.301309593171342
"37290","20074.16",37290,70497774,-0.831309091450215
"37291","20074.16",37291,70500121,-0.967993493453735
"37292","20074.16",37292,70500760,-1.08843738403786
"37293","20074.16",37293,70502847,-1.18838869306945
"37294","20074.16",37294,70509867,0.244563868493073
"37295","20074.16",37295,70510961,0.620578130392624
"37296","20074.16",37296,70512143,-0.0846353838265559
"37297","20074.16",37297,70516765,-1.82366642719893
"37298","20074.16",37298,70522757,-0.630421205265861
"37299","20074.16",37299,70528952,0.17150618051615
"37300","20074.16",37300,70529667,0.61960957652976
"37301","20074.16",37301,70531366,-0.0942386910115767
"37302","20074.16",37302,70531754,0.31781985156744
"37303","20074.16",37303,70531900,-0.992590391873757
"37304","20074.16",37304,70536306,-0.366242554079025
"37305","20074.16",37305,70537329,-0.0252231093628881
"37306","20074.16",37306,70537882,0.713983509908732
"37307","20074.16",37307,70539408,-0.0692400722829598
"37308","20074.16",37308,70544631,0.21170556625175
"37309","20074.16",37309,70545065,0.162052249957733
"37310","20074.16",37310,70545274,-0.200285253246776
"37311","20074.16",37311,70546256,-0.471781863448294
"37312","20074.16",37312,70546993,-0.246089924131079
"37313","20074.16",37313,70548297,0.243872093854242
"37314","20074.16",37314,70548587,0.187106661400455
"37315","20074.16",37315,70548901,-0.175529471388487
"37316","20074.16",37316,70549258,-0.297542360365421
"37317","20074.16",37317,70562483,0.657922912435756
"37318","20074.16",37318,70565909,-0.724812957376687
"37319","20074.16",37319,70570041,-1.19368511671379
"37320","20074.16",37320,70573980,-1.60791582978687
"37321","20074.16",37321,70577697,-0.00714567197311933
"37322","20074.16",37322,70582107,0.111876540898137
"37323","20074.16",37323,70582898,0.399451816179533
"37324","20074.16",37324,70584258,0.0926409827937222
"37325","20074.16",37325,70584418,-0.74216024121497
"37326","20074.16",37326,70588037,0.122097791104159
"37327","20074.16",37327,70592806,0.0110120635842046
"37328","20074.16",37328,70600577,-0.758827432369259
"37329","20074.16",37329,70601119,-0.509552469574717
"37330","20074.16",37330,70602491,0.507987737775953
"37331","20074.16",37331,70603220,0.272193992220235
"37332","20074.16",37332,70604925,0.291446012673357
"37333","20074.16",37333,70605280,0.523652154804545
"37334","20074.16",37334,70605367,-0.359707930870886
"37335","20074.16",37335,70608950,-0.408776085086921
"37336","20074.16",37336,70608987,0.127534174332339
"37337","20074.16",37337,70609628,-0.852739826159338
"37338","20074.16",37338,70611562,-0.0429610572715138
"37339","20074.16",37339,70616477,-0.0992168742533606
"37340","20074.16",37340,70617306,-0.0274519062469327
"37341","20074.16",37341,70618062,0.155387760088049
"37342","20074.16",37342,70618290,-0.309541757309136
"37343","20074.16",37343,70622616,0.570668125050019
"37344","20074.16",37344,70623914,0.162939647364034
"37345","20074.16",37345,70624483,-0.204963707094531
"37346","20074.16",37346,70627228,0.273885050835697
"37347","20074.16",37347,70627370,0.0110974468514584
"37348","20074.16",37348,70630309,-0.253334989656413
"37349","20074.16",37349,70631444,0.234334480682078
"37350","20074.16",37350,70635896,0.300343715060735
"37351","20074.16",37351,70637616,0.171198000740114
"37352","20074.16",37352,70637784,0.478528791939421
"37353","20074.16",37353,70637804,0.34028697432634
"37354","20074.16",37354,70638550,-0.841246241216273
"37355","20074.16",37355,70639114,0.192310812320546
"37356","20074.16",37356,70639943,0.0305667978202253
"37357","20074.16",37357,70646992,0.735971931108758
"37358","20074.16",37358,70650397,0.16182380397244
"37359","20074.16",37359,70650507,-0.79948011279725
"37360","20074.16",37360,70657064,-0.34162471615408
"37361","20074.16",37361,70657186,-0.663008003218073
"37362","20074.16",37362,70663127,-0.187947867476297
"37363","20074.16",37363,70672952,0.778647775916146
"37364","20074.16",37364,70673517,-0.144184188113683
"37365","20074.16",37365,70673900,-0.767236208768708
"37366","20074.16",37366,70675817,-0.409988710919248
"37367","20074.16",37367,70676534,-0.57112633096871
"37368","20074.16",37368,70676679,0.301721186461495
"37369","20074.16",37369,70677268,-0.796254512153627
"37370","20074.16",37370,70677785,0.686614754366249
"37371","20074.16",37371,70682694,0.0835177964899865
"37372","20074.16",37372,70683178,-0.461923134708767
"37373","20074.16",37373,70683677,-0.368440900826077
"37374","20074.16",37374,70684676,-0.941732538285224
"37375","20074.16",37375,70686768,-0.397336450994249
"37376","20074.16",37376,70687426,-1.15746683594991
"37377","20074.16",37377,70689700,0.194341581481521
"37378","20074.16",37378,70690461,0.497637308170552
"37379","20074.16",37379,70693009,-0.86933430344979
"37380","20074.16",37380,70700003,-0.494171980435276
"37381","20074.16",37381,70700214,0.248327157644359
"37382","20074.16",37382,70700363,0.149627049443957
"37383","20074.16",37383,70700712,-0.0482051216798727
"37384","20074.16",37384,70701150,0.00258262053601488
"37385","20074.16",37385,70704103,-1.93814153920382
"37386","20074.16",37386,70704455,-0.16292952338848
"37387","20074.16",37387,70707245,-0.0755040522355417
"37388","20074.16",37388,70708711,-0.177795376828372
"37389","20074.16",37389,70710972,-0.834682622230072
"37390","20074.16",37390,70722773,-0.332217658304182
"37391","20074.16",37391,70722940,0.253203198585125
"37392","20074.16",37392,70723314,0.361569975409179
"37393","20074.16",37393,70723332,-0.0998361458635513
"37394","20074.16",37394,70724001,-0.36963361308515
"37395","20074.16",37395,70724753,-0.282867322533026
"37396","20074.16",37396,70729257,0.860395323495015
"37397","20074.16",37397,70729790,-0.41815949975921
"37398","20074.16",37398,70733292,0.130522496686165
"37399","20074.16",37399,70737106,-0.755674680283997
"37400","20074.16",37400,70737198,-0.307498984402926
"37401","20074.16",37401,70740240,-0.316028123027996
"37402","20074.16",37402,70741432,-0.0373443598933196
"37403","20074.16",37403,70742481,0.444793973400869
"37404","20074.16",37404,70742536,0.388937304804229
"37405","20074.16",37405,70743025,-0.209775578294018
"37406","20074.16",37406,70746549,0.0878481884123019
"37407","20074.16",37407,70749255,-0.14107701460784
"37408","20074.16",37408,70749970,-0.0811349868049014
"37409","20074.16",37409,70749997,-0.600581586276392
"37410","20074.16",37410,70750241,-0.440589803443319
"37411","20074.16",37411,70753197,-0.693952505228442
"37412","20074.16",37412,70754439,-1.30701017897624
"37413","20074.16",37413,70755144,0.280934214791432
"37414","20074.16",37414,70756066,0.487048170820484
"37415","20074.16",37415,70757555,0.40096671721867
"37416","20074.16",37416,70758299,0.547211115844385
"37417","20074.16",37417,70758855,-0.326247190876512
"37418","20074.16",37418,70760494,-0.432790524208023
"37419","20074.16",37419,70760988,-0.226515113963643
"37420","20074.16",37420,70764402,-1.84479939887453
"37421","20074.16",37421,70765147,-0.243416815838821
"37422","20074.16",37422,70766524,-0.70853972589031
"37423","20074.16",37423,70772187,-0.526757655054668
"37424","20074.16",37424,70772956,0.167544488470967
"37425","20074.16",37425,70774683,0.215396270918415
"37426","20074.16",37426,70775572,-0.370023340599728
"37427","20074.16",37427,70778742,-0.60993346166005
"37428","20074.16",37428,70779027,0.16565573521203
"37429","20074.16",37429,70779144,0.643876944080843
"37430","20074.16",37430,70785197,0.282981789649008
"37431","20074.16",37431,70786780,-0.0551234792206481
"37432","20074.16",37432,70789466,0.352818415863847
"37433","20074.16",37433,70791917,-0.0457339480075829
"37434","20074.16",37434,70793606,0.622587939278104
"37435","20074.16",37435,70795840,-0.33530849411424
"37436","20074.16",37436,70798308,-0.4228742014943
"37437","20074.16",37437,70799326,0.539361261863514
"37438","20074.16",37438,70799409,0.831438088881028
"37439","20074.16",37439,70802236,0.778879818769766
"37440","20074.16",37440,70803837,0.249786338352826
"37441","20074.16",37441,70804515,-0.336050791085495
"37442","20074.16",37442,70804743,-0.657702219297355
"37443","20074.16",37443,70804766,1.03881303088837
"37444","20074.16",37444,70804910,0.223584662930129
"37445","20074.16",37445,70805349,-0.137030817024172
"37446","20074.16",37446,70806674,0.629590652856757
"37447","20074.16",37447,70807194,-0.0385394402502373
"37448","20074.16",37448,70814358,0.410315946786121
"37449","20074.16",37449,70814787,-0.172322199683097
"37450","20074.16",37450,70818629,0.426838901697859
"37451","20074.16",37451,70818704,-1.59635409105188
"37452","20074.16",37452,70819125,-0.243323360480461
"37453","20074.16",37453,70819542,-0.155523660872849
"37454","20074.16",37454,70823505,0.141793472568577
"37455","20074.16",37455,70823633,0.0622504694033212
"37456","20074.16",37456,70824983,-0.428248746959994
"37457","20074.16",37457,70827549,-0.895132825696984
"37458","20074.16",37458,70827888,0.758585009270857
"37459","20074.16",37459,70833900,-0.0148428631349926
"37460","20074.16",37460,70833949,0.370675610300276
"37461","20074.16",37461,70836370,0.74242542185439
"37462","20074.16",37462,70838204,-0.883107729226971
"37463","20074.16",37463,70839076,0.693442106081116
"37464","20074.16",37464,70839158,0.612880362124623
"37465","20074.16",37465,70839338,-0.164513761068664
"37466","20074.16",37466,70842097,-0.0094178922637509
"37467","20074.16",37467,70846071,0.848074903736388
"37468","20074.16",37468,70850893,1.60718954898731
"37469","20074.16",37469,70854381,-0.0385113961770225
"37470","20074.16",37470,70855203,0.520120020521239
"37471","20074.16",37471,70855479,0.419072709970499
"37472","20074.16",37472,70855633,1.07398545575495
"37473","20074.16",37473,70857655,-0.0763656051878385
"37474","20074.16",37474,70858121,0.642388537553546
"37475","20074.16",37475,70858316,0.599305061315108
"37476","20074.16",37476,70859684,0.637751952137433
"37477","20074.16",37477,70869421,0.501718808717095
"37478","20074.16",37478,70869651,-0.243652943895404
"37479","20074.16",37479,70870257,-0.116667698525982
"37480","20074.16",37480,70873102,-0.572315822682992
"37481","20074.16",37481,70873765,0.789764653585272
"37482","20074.16",37482,70874792,-0.834427171485749
"37483","20074.16",37483,70876790,-0.573291129599239
"37484","20074.16",37484,70881985,0.0120760888339078
"37485","20074.16",37485,70883527,0.0827140153870536
"37486","20074.16",37486,70883694,-0.187380172459092
"37487","20074.16",37487,70883845,1.99031556014763
"37488","20074.16",37488,70884562,0.244731422406912
"37489","20074.16",37489,70885962,0.27163604786776
"37490","20074.16",37490,70886374,0.585882266596934
"37491","20074.16",37491,70886409,0.754866424450666
"37492","20074.16",37492,70886569,-0.0073690100551973
"37493","20074.16",37493,70888765,0.265577587337261
"37494","20074.16",37494,70891236,-0.0190941670588067
"37495","20074.16",37495,70892009,-0.400387186576555
"37496","20074.16",37496,70893761,-0.301896674354571
"37497","20074.16",37497,70894437,1.58865247511755
"37498","20074.16",37498,70894603,-0.591881771476211
"37499","20074.16",37499,70894889,0.687171422612663
"37500","20074.16",37500,70896033,0.653410652471854
"37501","20074.16",37501,70896626,0.106328639132677
"37502","20074.16",37502,70898912,0.594497431053484
"37503","20074.16",37503,70899192,0.0186466380279464
"37504","20074.16",37504,70899939,1.29989131396657
"37505","20074.16",37505,70900111,0.42480231524543
"37506","20074.16",37506,70901158,0.533343982842509
"37507","20074.16",37507,70901176,0.527338381722731
"37508","20074.16",37508,70901999,0.33594569243412
"37509","20074.16",37509,70902206,1.24209260308868
"37510","20074.16",37510,70903594,-1.27323593870423
"37511","20074.16",37511,70904026,0.619141625581537
"37512","20074.16",37512,70905156,0.983890414294852
"37513","20074.16",37513,70905640,1.18899193569141
"37514","20074.16",37514,70906887,0.484140934458996
"37515","20074.16",37515,70907323,-0.0829261907451606
"37516","20074.16",37516,70908317,-0.0833930108354206
"37517","20074.16",37517,70911359,0.803147667043814
"37518","20074.16",37518,70911760,0.753210622513278
"37519","20074.16",37519,70912611,0.538980510752277
"37520","20074.16",37520,70913651,-0.298957627365398
"37521","20074.16",37521,70914611,0.589889197727183
"37522","20074.16",37522,70916556,0.525704545992167
"37523","20074.16",37523,70916717,-0.0730016864818577
"37524","20074.16",37524,70917006,1.41650412045214
"37525","20074.16",37525,70917997,0.752167094848054
"37526","20074.16",37526,70918800,0.582132175414364
"37527","20074.16",37527,70919065,0.235180104494448
"37528","20074.16",37528,70919559,0.177273463357768
"37529","20074.16",37529,70919815,0.275935755249443
"37530","20074.16",37530,70920095,0.278471752425255
"37531","20074.16",37531,70924064,0.74648390522344
"37532","20074.16",37532,70924781,-0.0183067719515693
"37533","20074.16",37533,70924881,0.506620802388411
"37534","20074.16",37534,70926472,1.15450730415478
"37535","20074.16",37535,70927078,0.305737185560843
"37536","20074.16",37536,70927194,0.307846065644152
"37537","20074.16",37537,70928314,0.322965118134534
"37538","20074.16",37538,70928414,0.380651018630908
"37539","20074.16",37539,70930637,0.301361029175868
"37540","20074.16",37540,70940032,0.699541272778775
"37541","20074.16",37541,70940284,0.0626721588133234
"37542","20074.16",37542,70943200,-0.137109461275668
"37543","20074.16",37543,70943414,0.145981541643968
"37544","20074.16",37544,70943429,-0.041204817322618
"37545","20074.16",37545,70944218,0.444732971357308
"37546","20074.16",37546,70944288,0.265422429342878
"37547","20074.16",37547,70950540,-0.369710298171208
"37548","20074.16",37548,70951130,-0.600153383473254
"37549","20074.16",37549,70951569,0.556234612085402
"37550","20074.16",37550,70955495,-0.540990659299462
"37551","20074.16",37551,70955922,0.0503382314526801
"37552","20074.16",37552,70956313,0.506508734232741
"37553","20074.16",37553,70956564,-0.354312519378024
"37554","20074.16",37554,70958508,0.0186902211543432
"37555","20074.16",37555,70960990,0.586803350054237
"37556","20074.16",37556,70961115,0.229575498109502
"37557","20074.16",37557,70963728,-0.138388420563495
"37558","20074.16",37558,70965286,0.259851532643894
"37559","20074.16",37559,70970795,0.769726516151393
"37560","20074.16",37560,70971111,1.08056849614599
"37561","20074.16",37561,70971710,-0.180907201469278
"37562","20074.16",37562,70971743,0.02603835124411
"37563","20074.16",37563,70972133,0.0691808267433158
"37564","20074.16",37564,70974111,-0.42977024679478
"37565","20074.16",37565,70974254,0.101392074194297
"37566","20074.16",37566,70974610,0.433973198425302
"37567","20074.16",37567,70976361,0.07865294890924
"37568","20074.16",37568,70978088,-0.0136300888099159
"37569","20074.16",37569,70978362,0.200211291674764
"37570","20074.16",37570,70979718,-0.393304254060298
"37571","20074.16",37571,70983783,0.570896922240212
"37572","20074.16",37572,70985899,0.594333357831595
"37573","20074.16",37573,70988602,0.0015023013904143
"37574","20074.16",37574,70990192,0.566846118383862
"37575","20074.16",37575,70990794,-0.226392061530621
"37576","20074.16",37576,70990985,0.764007854128139
"37577","20074.16",37577,70993264,1.32976266031871
"37578","20074.16",37578,70993697,-0.790526233350394
"37579","20074.16",37579,70993775,1.39096387885837
"37580","20074.16",37580,70994202,1.04267369389703
"37581","20074.16",37581,70994899,0.219398311253509
"37582","20074.16",37582,70997913,0.652625380346458
"37583","20074.16",37583,70998145,0.702752834329861
"37584","20074.16",37584,70999657,0.904085542657243
"37585","20074.16",37585,71000110,-0.0744952981636695
"37586","20074.16",37586,71000598,0.38380591506733
"37587","20074.16",37587,71001138,1.26007124310908
"37588","20074.16",37588,71002687,0.447942521201464
"37589","20074.16",37589,71002787,0.415633983012712
"37590","20074.16",37590,71004521,0.350123092241414
"37591","20074.16",37591,71005467,0.122535255081233
"37592","20074.16",37592,71007102,0.0434780006701896
"37593","20074.16",37593,71010137,0.0807383797551786
"37594","20074.16",37594,71010356,1.5149509210795
"37595","20074.16",37595,71011049,0.0521680433592024
"37596","20074.16",37596,71011391,1.37564458639247
"37597","20074.16",37597,71017884,-0.374252545782333
"37598","20074.16",37598,71018471,0.580180189040425
"37599","20074.16",37599,71018782,0.572308164227592
"37600","20074.16",37600,71019547,0.877998034735465
"37601","20074.16",37601,71020160,0.467376816316073
"37602","20074.16",37602,71022190,1.11672120330172
"37603","20074.16",37603,71022529,0.669806241866625
"37604","20074.16",37604,71025451,0.3037316589731
"37605","20074.16",37605,71027702,-1.16511335925998
"37606","20074.16",37606,71027716,0.0193942863607521
"37607","20074.16",37607,71028403,0.168407653363885
"37608","20074.16",37608,71028623,0.235338136501912
"37609","20074.16",37609,71029103,0.526239532350687
"37610","20074.16",37610,71029152,-0.100904476846381
"37611","20074.16",37611,71031777,1.24165651130443
"37612","20074.16",37612,71038995,0.254816690984964
"37613","20074.16",37613,71039328,0.939902142101967
"37614","20074.16",37614,71040456,-0.518988225012964
"37615","20074.16",37615,71042145,0.0843155556144701
"37616","20074.16",37616,71045550,-0.75126498852144
"37617","20074.16",37617,71046537,0.656908288200651
"37618","20074.16",37618,71046895,0.624275160413609
"37619","20074.16",37619,71048302,0.686483495947246
"37620","20074.16",37620,71048538,0.40394794614349
"37621","20074.16",37621,71048688,0.41770660090183
"37622","20074.16",37622,71048781,0.376244731642038
"37623","20074.16",37623,71049240,0.434091982089574
"37624","20074.16",37624,71049391,1.49639830578437
"37625","20074.16",37625,71049551,0.161062303674039
"37626","20074.16",37626,71049909,0.777306453782884
"37627","20074.16",37627,71050557,0.332408778690358
"37628","20074.16",37628,71057007,0.598021315386821
"37629","20074.16",37629,71057689,-0.221679928953609
"37630","20074.16",37630,71059444,-0.0455491084030086
"37631","20074.16",37631,71063879,-0.102495350559196
"37632","20074.16",37632,71065311,0.863901072809592
"37633","20074.16",37633,71066078,-0.290623174830228
"37634","20074.16",37634,71066843,0.85101292995821
"37635","20074.16",37635,71067139,1.05595818792152
"37636","20074.16",37636,71067166,0.593999260848842
"37637","20074.16",37637,71067798,-0.409982920770453
"37638","20074.16",37638,71067979,-1.74132895717351
"37639","20074.16",37639,71068143,0.647052102372588
"37640","20074.16",37640,71071628,-0.320320981051343
"37641","20074.16",37641,71072100,0.0285270402174058
"37642","20074.16",37642,71075628,0.579016541194838
"37643","20074.16",37643,71081933,0.75084071868554
"37644","20074.16",37644,71082728,1.45172232175098
"37645","20074.16",37645,71083287,-0.241813600794176
"37646","20074.16",37646,71092689,-0.0749886638818253
"37647","20074.16",37647,71093288,0.476673394341947
"37648","20074.16",37648,71093625,0.824153043513674
"37649","20074.16",37649,71094177,-0.751319744323023
"37650","20074.16",37650,71095320,0.347318459448025
"37651","20074.16",37651,71096910,0.690997000007601
"37652","20074.16",37652,71097724,0.916157936831664
"37653","20074.16",37653,71098705,0.532247428727836
"37654","20074.16",37654,71103114,0.648992674633022
"37655","20074.16",37655,71103393,0.493180575822689
"37656","20074.16",37656,71105337,0.579304272864959
"37657","20074.16",37657,71107315,0.274936891785591
"37658","20074.16",37658,71107356,0.0873642158333388
"37659","20074.16",37659,71107568,0.75716250160336
"37660","20074.16",37660,71110317,-0.079055226025356
"37661","20074.16",37661,71110354,-0.56137030719128
"37662","20074.16",37662,71111647,0.147227927554907
"37663","20074.16",37663,71113361,0.853835497384817
"37664","20074.16",37664,71113486,0.481839308766378
"37665","20074.16",37665,71115640,-0.395853005382478
"37666","20074.16",37666,71116432,0.554272301726082
"37667","20074.16",37667,71118641,-0.351931695533665
"37668","20074.16",37668,71121447,0.894958616090022
"37669","20074.16",37669,71126084,-0.444464991838312
"37670","20074.16",37670,71126872,1.19533420670681
"37671","20074.16",37671,71130240,-0.35418899922385
"37672","20074.16",37672,71135061,0.654314206566554
"37673","20074.16",37673,71135472,0.800793847982876
"37674","20074.16",37674,71136101,-0.383432487805687
"37675","20074.16",37675,71140688,-0.244494198006524
"37676","20074.16",37676,71141547,0.0441122563491181
"37677","20074.16",37677,71142397,0.213631816137685
"37678","20074.16",37678,71143068,-0.169277138528273
"37679","20074.16",37679,71143487,0.760670596370791
"37680","20074.16",37680,71143724,-0.667413880714701
"37681","20074.16",37681,71147141,0.229917537026481
"37682","20074.16",37682,71148971,-0.427948641547435
"37683","20074.16",37683,71149630,-0.599679321145484
"37684","20074.16",37684,71149660,0.734108123863172
"37685","20074.16",37685,71153531,0.669349028498247
"37686","20074.16",37686,71153834,0.609466016130725
"37687","20074.16",37687,71155690,-0.722763679440493
"37688","20074.16",37688,71157423,1.39420695248277
"37689","20074.16",37689,71157517,0.513494001135002
"37690","20074.16",37690,71166556,0.78270380781353
"37691","20074.16",37691,71167744,0.171311578215013
"37692","20074.16",37692,71168025,0.414910236434696
"37693","20074.16",37693,71168746,0.242806505977215
"37694","20074.16",37694,71172216,-0.0711956954309105
"37695","20074.16",37695,71177046,-0.224090111692841
"37696","20074.16",37696,71181149,0.131350623218585
"37697","20074.16",37697,71183308,0.297551042380818
"37698","20074.16",37698,71184898,0.912185516092454
"37699","20074.16",37699,71188799,-0.311785747357617
"37700","20074.16",37700,71191341,-0.510521058833671
"37701","20074.16",37701,71191405,0.201231299066732
"37702","20074.16",37702,71191942,-0.32750575590571
"37703","20074.16",37703,71195356,-0.570783994226173
"37704","20074.16",37704,71196153,-0.061908687584121
"37705","20074.16",37705,71196316,0.384477205968378
"37706","20074.16",37706,71200049,-0.0470838745677318
"37707","20074.16",37707,71201074,-0.0483208600584835
"37708","20074.16",37708,71202489,0.450264864854474
"37709","20074.16",37709,71202798,0.175441312572068
"37710","20074.16",37710,71205195,-0.627186153157258
"37711","20074.16",37711,71205909,0.200085709943794
"37712","20074.16",37712,71207729,0.241061449569091
"37713","20074.16",37713,71207879,0.71290597680883
"37714","20074.16",37714,71208201,0.250180382236722
"37715","20074.16",37715,71209927,0.230883944926442
"37716","20074.16",37716,71212677,-0.43300248379826
"37717","20074.16",37717,71216006,0.111593148785071
"37718","20074.16",37718,71218595,-0.408656445327106
"37719","20074.16",37719,71219473,-1.35995071881332
"37720","20074.16",37720,71225313,0.980284542395052
"37721","20074.16",37721,71225345,0.416554644716059
"37722","20074.16",37722,71225565,0.404479043743739
"37723","20074.16",37723,71226097,0.695953312175752
"37724","20074.16",37724,71230079,0.985241217896639
"37725","20074.16",37725,71230130,0.144478215650112
"37726","20074.16",37726,71234989,-0.0153497510827805
"37727","20074.16",37727,71235130,-0.513496539690664
"37728","20074.16",37728,71235686,0.370015867304283
"37729","20074.16",37729,71236078,0.35738876304871
"37730","20074.16",37730,71236728,-0.00493867225054867
"37731","20074.16",37731,71238260,-0.334859369845277
"37732","20074.16",37732,71238370,0.803359524910447
"37733","20074.16",37733,71240032,-0.354480847755318
"37734","20074.16",37734,71241980,-0.633735795658079
"37735","20074.16",37735,71242062,0.388475567764586
"37736","20074.16",37736,71244065,0.295792338528313
"37737","20074.16",37737,71244275,0.113535990570123
"37738","20074.16",37738,71244285,0.312651534790267
"37739","20074.16",37739,71248175,-0.0247216530607091
"37740","20074.16",37740,71250037,0.428188927371456
"37741","20074.16",37741,71251795,0.583898303550444
"37742","20074.16",37742,71252157,-0.733645527233445
"37743","20074.16",37743,71257344,-0.34494475164391
"37744","20074.16",37744,71260047,-0.548962006049728
"37745","20074.16",37745,71260651,0.481630056525094
"37746","20074.16",37746,71262834,0.101620439821463
"37747","20074.16",37747,71263456,-0.440017369364042
"37748","20074.16",37748,71268150,-0.945201667189778
"37749","20074.16",37749,71268707,-0.201764690259446
"37750","20074.16",37750,71268798,-0.52138613191096
"37751","20074.16",37751,71270764,-0.536072626614378
"37752","20074.16",37752,71275261,-0.33442428656579
"37753","20074.16",37753,71276067,-0.336802668460726
"37754","20074.16",37754,71278689,-0.996314850716292
"37755","20074.16",37755,71279533,-0.399490851030649
"37756","20074.16",37756,71279986,-0.0460742208630247
"37757","20074.16",37757,71281358,0.403615292944639
"37758","20074.16",37758,71281515,0.268487892297181
"37759","20074.16",37759,71283500,-0.0781639296798957
"37760","20074.16",37760,71283565,0.57328459754758
"37761","20074.16",37761,71284193,0.724946671117837
"37762","20074.16",37762,71284962,0.0144229410617935
"37763","20074.16",37763,71285020,0.871024778315179
"37764","20074.16",37764,71286721,0.119768141817874
"37765","20074.16",37765,71288689,-0.0676439490185867
"37766","20074.16",37766,71288776,-0.679697342608765
"37767","20074.16",37767,71290948,0.394070194652429
"37768","20074.16",37768,71298713,-0.106340577633206
"37769","20074.16",37769,71299234,0.106896530214021
"37770","20074.16",37770,71300780,0.0413272025818259
"37771","20074.16",37771,71307171,0.567669916829183
"37772","20074.16",37772,71311056,-0.17852587448883
"37773","20074.16",37773,71311465,-0.655310635028514
"37774","20074.16",37774,71311489,-0.988849911401946
"37775","20074.16",37775,71311961,-0.893311262911822
"37776","20074.16",37776,71315078,0.0900495683126188
"37777","20074.16",37777,71315150,-0.315564216137375
"37778","20074.16",37778,71315596,-0.196352123325267
"37779","20074.16",37779,71315660,-0.0139214656106406
"37780","20074.16",37780,71316812,0.0831434705467942
"37781","20074.16",37781,71316900,1.04464095447535
"37782","20074.16",37782,71324572,-1.55613148669255
"37783","20074.16",37783,71326202,-0.765913778778947
"37784","20074.16",37784,71326485,-0.253607914528922
"37785","20074.16",37785,71330119,0.197113530509872
"37786","20074.16",37786,71330182,-0.10926935614995
"37787","20074.16",37787,71330299,1.14791904776276
"37788","20074.16",37788,71330606,-0.358505298435391
"37789","20074.16",37789,71330854,0.376833861413755
"37790","20074.16",37790,71331260,0.362106935348485
"37791","20074.16",37791,71338160,-0.46785580824871
"37792","20074.16",37792,71338775,-0.95891560357948
"37793","20074.16",37793,71339345,0.521135300182991
"37794","20074.16",37794,71342872,0.40191925774151
"37795","20074.16",37795,71345938,0.407678691911893
"37796","20074.16",37796,71346670,-0.417495976907182
"37797","20074.16",37797,71348299,0.267843246804559
"37798","20074.16",37798,71348415,0.51731960773236
"37799","20074.16",37799,71348889,-0.435537629300335
"37800","20074.16",37800,71349262,-0.0303295804012649
"37801","20074.16",37801,71349297,0.406252008679147
"37802","20074.16",37802,71349498,0.293157944351557
"37803","20074.16",37803,71353719,0.0637697708090386
"37804","20074.16",37804,71353860,-0.20841887372185
"37805","20074.16",37805,71354004,0.774776027723072
"37806","20074.16",37806,71354243,0.388626888862178
"37807","20074.16",37807,71355235,-0.502399651231396
"37808","20074.16",37808,71355314,-1.09575251160806
"37809","20074.16",37809,71356135,0.575716740107166
"37810","20074.16",37810,71356397,0.236207186694857
"37811","20074.16",37811,71359299,0.170368461734187
"37812","20074.16",37812,71359600,-0.641226337308177
"37813","20074.16",37813,71361461,-0.0255642696193723
"37814","20074.16",37814,71361872,-0.0491095190642046
"37815","20074.16",37815,71361886,0.485424626332871
"37816","20074.16",37816,71365557,-0.272703579447031
"37817","20074.16",37817,71366185,0.779599238434876
"37818","20074.16",37818,71366922,-0.171274342459606
"37819","20074.16",37819,71372483,0.098760567024546
"37820","20074.16",37820,71373048,0.498087863775821
"37821","20074.16",37821,71373230,0.0113856354404165
"37822","20074.16",37822,71373498,-0.259068558853641
"37823","20074.16",37823,71373527,-0.334536022612077
"37824","20074.16",37824,71374298,0.720964495587824
"37825","20074.16",37825,71376501,-0.546875004845798
"37826","20074.16",37826,71378301,0.176180382464608
"37827","20074.16",37827,71378681,-0.0358955762069879
"37828","20074.16",37828,71379383,-0.0151104492291863
"37829","20074.16",37829,71381879,0.599786627414285
"37830","20074.16",37830,71386890,0.049893760586702
"37831","20074.16",37831,71391170,-0.929830386037113
"37832","20074.16",37832,71391248,-0.357420996453993
"37833","20074.16",37833,71394595,-0.186348268131574
"37834","20074.16",37834,71395895,0.473067626486885
"37835","20074.16",37835,71396013,-1.65683807536725
"37836","20074.16",37836,71396135,0.253422301151374
"37837","20074.16",37837,71396172,1.37383980406325
"37838","20074.16",37838,71396290,-0.192369191124855
"37839","20074.16",37839,71402607,0.284320523773444
"37840","20074.16",37840,71403083,-0.21430109205862
"37841","20074.16",37841,71403235,0.076948693854356
"37842","20074.16",37842,71407382,0.332969396760658
"37843","20074.16",37843,71408475,0.442586638291577
"37844","20074.16",37844,71408527,0.526223992966687
"37845","20074.16",37845,71408549,-0.318441237122864
"37846","20074.16",37846,71408940,0.772504032119772
"37847","20074.16",37847,71410809,-0.31096322471898
"37848","20074.16",37848,71412843,-0.3549927620089
"37849","20074.16",37849,71415112,-0.209049475565042
"37850","20074.16",37850,71419230,-0.167948538377954
"37851","20074.16",37851,71420049,0.00915315041367837
"37852","20074.16",37852,71420577,0.232425435196968
"37853","20074.16",37853,71421670,0.181162856089615
"37854","20074.16",37854,71422352,0.170082911199625
"37855","20074.16",37855,71426026,-0.602446584398062
"37856","20074.16",37856,71426551,-0.335757342326878
"37857","20074.16",37857,71426563,0.092920069304764
"37858","20074.16",37858,71434796,-0.559288423142114
"37859","20074.16",37859,71434918,-0.316300021072474
"37860","20074.16",37860,71435250,0.81649189465625
"37861","20074.16",37861,71436032,-0.164086638347067
"37862","20074.16",37862,71436154,-0.338330338876589
"37863","20074.16",37863,71436256,-0.0622234755735578
"37864","20074.16",37864,71436399,0.75407310410538
"37865","20074.16",37865,71437659,-0.648907140962416
"37866","20074.16",37866,71440719,0.199190557672826
"37867","20074.16",37867,71440756,-0.452890162965145
"37868","20074.16",37868,71442416,-0.191032212359171
"37869","20074.16",37869,71442657,-0.167598046712731
"37870","20074.16",37870,71444499,0.339430581203684
"37871","20074.16",37871,71444541,-0.0368651414263113
"37872","20074.16",37872,71444597,0.0349898205784669
"37873","20074.16",37873,71445370,-0.90100501781493
"37874","20074.16",37874,71446358,-0.744020285509536
"37875","20074.16",37875,71447270,-0.340624758678995
"37876","20074.16",37876,71452606,0.723108922914572
"37877","20074.16",37877,71453252,0.616586225826752
"37878","20074.16",37878,71455260,0.911128982205514
"37879","20074.16",37879,71456142,-0.022328853717517
"37880","20074.16",37880,71463602,-0.232525433719789
"37881","20074.16",37881,71464147,-0.182257958057014
"37882","20074.16",37882,71467885,0.370086791834464
"37883","20074.16",37883,71467951,0.636124085489265
"37884","20074.16",37884,71472704,-0.480440678988177
"37885","20074.16",37885,71478147,0.757106671808285
"37886","20074.16",37886,71478249,1.00063459781312
"37887","20074.16",37887,71478717,0.319366461378222
"37888","20074.16",37888,71478750,-0.274778197589165
"37889","20074.16",37889,71481427,-0.391403954309685
"37890","20074.16",37890,71485628,-0.221230719850571
"37891","20074.16",37891,71485663,-0.350879721122104
"37892","20074.16",37892,71488771,0.500986352133384
"37893","20074.16",37893,71490326,-0.369381477398488
"37894","20074.16",37894,71495524,0.375636896567001
"37895","20074.16",37895,71495669,0.247797657136396
"37896","20074.16",37896,71496641,0.269079599755908
"37897","20074.16",37897,71497918,0.0431668558317204
"37898","20074.16",37898,71498665,-0.681779274806142
"37899","20074.16",37899,71503239,0.464771021356767
"37900","20074.16",37900,71504355,0.377264201607169
"37901","20074.16",37901,71504923,-0.449260968167999
"37902","20074.16",37902,71505303,-0.755461626464833
"37903","20074.16",37903,71506684,0.25812586829105
"37904","20074.16",37904,71506983,0.734939937203483
"37905","20074.16",37905,71507140,-0.888441339143905
"37906","20074.16",37906,71509588,0.0531628728800513
"37907","20074.16",37907,71509685,0.247390437717551
"37908","20074.16",37908,71509779,0.289458580076892
"37909","20074.16",37909,71510635,0.358433774450638
"37910","20074.16",37910,71512094,0.44033357232366
"37911","20074.16",37911,71512580,-0.554230972270355
"37912","20074.16",37912,71513034,0.296663048205631
"37913","20074.16",37913,71513264,-0.413526641335543
"37914","20074.16",37914,71515388,-0.407717365692855
"37915","20074.16",37915,71527486,0.669453962563678
"37916","20074.16",37916,71528199,0.424410922824214
"37917","20074.16",37917,71528785,0.200575924070038
"37918","20074.16",37918,71531928,0.168862325393667
"37919","20074.16",37919,71532418,-0.353425581723441
"37920","20074.16",37920,71534667,-0.600836478114569
"37921","20074.16",37921,71534853,-0.472216389849084
"37922","20074.16",37922,71535755,0.110238844938152
"37923","20074.16",37923,71535821,0.56223589597614
"37924","20074.16",37924,71536171,-0.126407621534501
"37925","20074.16",37925,71536486,0.0868843929887655
"37926","20074.16",37926,71537550,0.453042068891159
"37927","20074.16",37927,71539244,0.237347920329917
"37928","20074.16",37928,71539252,0.667183290131434
"37929","20074.16",37929,71541622,-0.669129759356322
"37930","20074.16",37930,71541641,0.367387200469346
"37931","20074.16",37931,71543554,0.184088776603688
"37932","20074.16",37932,71545631,0.442778746590238
"37933","20074.16",37933,71547645,-0.220600323982318
"37934","20074.16",37934,71548010,-0.906409205684508
"37935","20074.16",37935,71548821,0.700125667807245
"37936","20074.16",37936,71548907,-0.0678019846113731
"37937","20074.16",37937,71550895,-0.48582800032193
"37938","20074.16",37938,71551212,0.294580675632697
"37939","20074.16",37939,71551699,0.542707620319319
"37940","20074.16",37940,71551844,-1.38766893836079
"37941","20074.16",37941,71552430,0.361258204771203
"37942","20074.16",37942,71558183,-0.97270909434321
"37943","20074.16",37943,71561117,-0.939292097961189
"37944","20074.16",37944,71561732,-0.726117139211372
"37945","20074.16",37945,71570413,0.0526273028477267
"37946","20074.16",37946,71573818,0.030099197658175
"37947","20074.16",37947,71577676,-0.274477579026284
"37948","20074.16",37948,71579696,0.539774818903228
"37949","20074.16",37949,71579711,1.42476330564404
"37950","20074.16",37950,71581818,0.0767822800665439
"37951","20074.16",37951,71582583,-0.840684733763922
"37952","20074.16",37952,71583655,-0.720276102419582
"37953","20074.16",37953,71584333,0.257873714542431
"37954","20074.16",37954,71587199,-0.00513246319947047
"37955","20074.16",37955,71589012,-0.430194835884546
"37956","20074.16",37956,71589376,0.458997023256488
"37957","20074.16",37957,71589602,0.0456286698965656
"37958","20074.16",37958,71591881,0.376929257995681
"37959","20074.16",37959,71592510,0.499794064660681
"37960","20074.16",37960,71594144,0.269581878153415
"37961","20074.16",37961,71596005,-0.794492974333033
"37962","20074.16",37962,71597188,-1.2744214852498
"37963","20074.16",37963,71600537,-0.893214670546445
"37964","20074.16",37964,71603912,-0.315277887552651
"37965","20074.16",37965,71604052,0.735369439897476
"37966","20074.16",37966,71604297,0.265877750858256
"37967","20074.16",37967,71610686,-0.508005115456527
"37968","20074.16",37968,71612346,0.121310410385034
"37969","20074.16",37969,71615613,-0.205424175203299
"37970","20074.16",37970,71617716,-0.030840198294996
"37971","20074.16",37971,71618053,-0.0471364182386278
"37972","20074.16",37972,71620675,-0.919205448929746
"37973","20074.16",37973,71621246,0.397733926017179
"37974","20074.16",37974,71621373,0.872354685749568
"37975","20074.16",37975,71621637,0.674993400178148
"37976","20074.16",37976,71621858,0.43224010281651
"37977","20074.16",37977,71624342,0.264101187285545
"37978","20074.16",37978,71624835,0.65084368285194
"37979","20074.16",37979,71625209,0.93524581377205
"37980","20074.16",37980,71625705,-0.396756179441753
"37981","20074.16",37981,71626366,0.0131959958708929
"37982","20074.16",37982,71626572,0.684836100992697
"37983","20074.16",37983,71626637,-0.732833818026438
"37984","20074.16",37984,71628274,0.114279851664711
"37985","20074.16",37985,71628946,-0.0962743308743388
"37986","20074.16",37986,71632408,-0.729795143052042
"37987","20074.16",37987,71633605,-0.212293195407349
"37988","20074.16",37988,71634324,-0.682103445773826
"37989","20074.16",37989,71634604,-0.131654799738116
"37990","20074.16",37990,71640780,0.146609482740829
"37991","20074.16",37991,71641395,0.392656298794766
"37992","20074.16",37992,71642640,-0.578504324157165
"37993","20074.16",37993,71645670,-0.0674181097534241
"37994","20074.16",37994,71646682,0.175929073325817
"37995","20074.16",37995,71647957,0.0379585562083387
"37996","20074.16",37996,71651167,-0.474419579373299
"37997","20074.16",37997,71651886,-0.422842985778025
"37998","20074.16",37998,71653534,-0.613232675809924
"37999","20074.16",37999,71655361,0.80879656850495
"38000","20074.16",38000,71656255,-0.27450982798012
"38001","20074.16",38001,71657409,0.607440891098915
"38002","20074.16",38002,71662727,-0.0883906806419699
"38003","20074.16",38003,71663414,-0.141605881615822
"38004","20074.16",38004,71665772,-0.097890528029616
"38005","20074.16",38005,71665985,-1.39554994989775
"38006","20074.16",38006,71666118,-0.638228234091786
"38007","20074.16",38007,71666359,-0.279222822577185
"38008","20074.16",38008,71668876,-0.864246058008322
"38009","20074.16",38009,71669624,0.431359571451018
"38010","20074.16",38010,71669854,-0.0577001334469234
"38011","20074.16",38011,71670833,-0.569891220673993
"38012","20074.16",38012,71677160,0.277291455894106
"38013","20074.16",38013,71678583,-0.184830783967528
"38014","20074.16",38014,71678663,0.666813603306964
"38015","20074.16",38015,71678679,0.495336418264727
"38016","20074.16",38016,71679702,0.317355408016005
"38017","20074.16",38017,71685307,0.0834619844988502
"38018","20074.16",38018,71685403,-0.536384301331272
"38019","20074.16",38019,71688977,-0.103566290979762
"38020","20074.16",38020,71689201,0.595929989428815
"38021","20074.16",38021,71696649,-0.661746791853416
"38022","20074.16",38022,71698337,-0.345249351520385
"38023","20074.16",38023,71700504,0.0321339763301838
"38024","20074.16",38024,71704316,0.133594303990722
"38025","20074.16",38025,71706441,-0.967572174672537
"38026","20074.16",38026,71706933,-0.435088006094684
"38027","20074.16",38027,71709456,-0.038269504322443
"38028","20074.16",38028,71714644,0.117783339276146
"38029","20074.16",38029,71716793,-0.329429342192086
"38030","20074.16",38030,71717214,0.580708031928027
"38031","20074.16",38031,71717384,0.269357286523529
"38032","20074.16",38032,71717405,0.723148162271046
"38033","20074.16",38033,71717998,0.0642120021194774
"38034","20074.16",38034,71723089,-0.548802853618509
"38035","20074.16",38035,71727290,0.677162633707989
"38036","20074.16",38036,71727558,0.0795869332591685
"38037","20074.16",38037,71727571,0.69214168416361
"38038","20074.16",38038,71727623,-0.233530899833474
"38039","20074.16",38039,71732947,-0.254136371467908
"38040","20074.16",38040,71737530,0.26680673737298
"38041","20074.16",38041,71750485,0.0811327405389735
"38042","20074.16",38042,71752914,1.24815251249286
"38043","20074.16",38043,71752981,-0.600547413599048
"38044","20074.16",38044,71755022,-1.03973921537875
"38045","20074.16",38045,71755852,-0.745021442402569
"38046","20074.16",38046,71760361,-0.408318614181201
"38047","20074.16",38047,71762271,-0.371759614658879
"38048","20074.16",38048,71762285,0.972625089527864
"38049","20074.16",38049,71764095,0.310954502535112
"38050","20074.16",38050,71769723,-0.124443077551058
"38051","20074.16",38051,71770144,0.392767869688268
"38052","20074.16",38052,71778368,-0.00040591294209591
"38053","20074.16",38053,71784273,0.103383502041655
"38054","20074.16",38054,71786524,0.0146276643377634
"38055","20074.16",38055,71786937,0.139010624433104
"38056","20074.16",38056,71788830,0.00996622398381497
"38057","20074.16",38057,71790673,0.780673261671592
"38058","20074.16",38058,71790795,-0.878370569603821
"38059","20074.16",38059,71791337,-1.54980647308899
"38060","20074.16",38060,71799454,-0.524184570190624
"38061","20074.16",38061,71799759,0.359302939263967
"38062","20074.16",38062,71800384,-0.167460781987549
"38063","20074.16",38063,71800942,0.425674801123789
"38064","20074.16",38064,71800962,0.21384528177202
"38065","20074.16",38065,71801092,-0.328566268270702
"38066","20074.16",38066,71801240,-0.935838911653552
"38067","20074.16",38067,71801436,-0.0504755991249386
"38068","20074.16",38068,71801982,-0.00250352572294776
"38069","20074.16",38069,71803914,0.195969213473131
"38070","20074.16",38070,71803974,0.420003706489807
"38071","20074.16",38071,71804074,-1.07846266907025
"38072","20074.16",38072,71815431,-0.437484015584571
"38073","20074.16",38073,71822407,-1.61023490460518
"38074","20074.16",38074,71822953,0.20961028937461
"38075","20074.16",38075,71823117,0.306087407885477
"38076","20074.16",38076,71830242,-0.898892823580713
"38077","20074.16",38077,71830987,0.406393440580257
"38078","20074.16",38078,71833332,0.225077165869266
"38079","20074.16",38079,71833581,-1.21243397745652
"38080","20074.16",38080,71843658,-0.496003500611926
"38081","20074.16",38081,71844521,-0.109783901205419
"38082","20074.16",38082,71845895,-1.08823212737471
"38083","20074.16",38083,71847285,-0.403081407178055
"38084","20074.16",38084,71851806,-0.777703805073782
"38085","20074.16",38085,71856408,0.476624618539041
"38086","20074.16",38086,71859710,-0.0306170597911466
"38087","20074.16",38087,71859830,-0.224258883542525
"38088","20074.16",38088,71862230,-0.361888509853634
"38089","20074.16",38089,71864058,-0.506737571768992
"38090","20074.16",38090,71869532,0.640329186176358
"38091","20074.16",38091,71869717,0.226351127972376
"38092","20074.16",38092,71871350,-0.352217117148587
"38093","20074.16",38093,71875849,-0.760299135884323
"38094","20074.16",38094,71877464,-1.47747857105259
"38095","20074.16",38095,71882645,-0.909604929601596
"38096","20074.16",38096,71883766,-0.00691253838316364
"38097","20074.16",38097,71885868,-1.46009375719162
"38098","20074.16",38098,71886748,0.340753493518956
"38099","20074.16",38099,71889429,0.0225091833022946
"38100","20074.16",38100,71892919,-0.952132205372614
"38101","20074.16",38101,71893023,0.429250548784439
"38102","20074.16",38102,71893178,-0.772929352335418
"38103","20074.16",38103,71895456,-0.668372910534531
"38104","20074.16",38104,71895910,0.807118852679873
"38105","20074.16",38105,71897244,0.480870061012282
"38106","20074.16",38106,71897926,0.794661969186051
"38107","20074.16",38107,71898048,-0.742038638850784
"38108","20074.16",38108,71898479,0.662622676936343
"38109","20074.16",38109,71900624,-0.339937841242463
"38110","20074.16",38110,71900907,0.499394963310885
"38111","20074.16",38111,71901648,1.35112462375916
"38112","20074.16",38112,71904831,-1.29115352235001
"38113","20074.16",38113,71906597,-0.482705324496735
"38114","20074.16",38114,71913078,0.123805041444735
"38115","20074.16",38115,71914201,-0.945627183538631
"38116","20074.16",38116,71914379,-0.604635470379515
"38117","20074.16",38117,71914617,0.306726943531937
"38118","20074.16",38118,71922157,-1.31336028091314
"38119","20074.16",38119,71923181,0.527116510641469
"38120","20074.16",38120,71923721,-1.40309871212566
"38121","20074.16",38121,71928065,-0.704609696537752
"38122","20074.16",38122,71928850,-0.120843135783574
"38123","20074.16",38123,71943303,-0.0886271852119025
"38124","20074.16",38124,71943583,-0.563118462531473
"38125","20074.16",38125,71947116,0.401830472330164
"38126","20074.16",38126,71949329,0.0982426445591074
"38127","20074.16",38127,71951845,0.779171593892152
"38128","20074.16",38128,71957588,0.303969140919468
"38129","20074.16",38129,71958052,-0.377231382037134
"38130","20074.16",38130,71958753,-0.833980756602768
"38131","20074.16",38131,71965196,-0.3620463442435
"38132","20074.16",38132,71966166,0.221283601136352
"38133","20074.16",38133,71968701,0.30927476757486
"38134","20074.16",38134,71970936,0.85914635253812
"38135","20074.16",38135,71972993,0.172806884753631
"38136","20074.16",38136,71974708,-0.0848139279037161
"38137","20074.16",38137,71975789,-0.37831333125332
"38138","20074.16",38138,71979149,-0.565022544964406
"38139","20074.16",38139,71980132,-0.589010806230439
"38140","20074.16",38140,71980194,0.255955939690298
"38141","20074.16",38141,71983664,0.0966735828084841
"38142","20074.16",38142,71983772,0.940808710800268
"38143","20074.16",38143,71984141,-0.408874660498798
"38144","20074.16",38144,71984499,-0.122117414460464
"38145","20074.16",38145,71986946,0.786862483730817
"38146","20074.16",38146,71986995,1.26648781607488
"38147","20074.16",38147,71987331,0.63528634541374
"38148","20074.16",38148,71990637,-0.952989673803723
"38149","20074.16",38149,71991135,0.227507642958884
"38150","20074.16",38150,71991350,0.821942955463311
"38151","20074.16",38151,71993538,0.29552574167337
"38152","20074.16",38152,71999758,-0.828522029063929
"38153","20074.16",38153,72000195,0.108948104674946
"38154","20074.16",38154,72001110,-0.319483770967256
"38155","20074.16",38155,72001940,-0.686186395308825
"38156","20074.16",38156,72004400,-0.435465691839696
"38157","20074.16",38157,72004822,-0.165859574846469
"38158","20074.16",38158,72008252,-0.581982823597288
"38159","20074.16",38159,72009357,0.274066851062293
"38160","20074.16",38160,72009473,0.319904546697965
"38161","20074.16",38161,72015165,-0.326031964273957
"38162","20074.16",38162,72015406,0.566675676102931
"38163","20074.16",38163,72019948,0.175776624401148
"38164","20074.16",38164,72020009,0.0306614593058958
"38165","20074.16",38165,72020134,0.00178150489581874
"38166","20074.16",38166,72021962,0.363194629951745
"38167","20074.16",38167,72022041,0.121621157319476
"38168","20074.16",38168,72022065,0.248392138987227
"38169","20074.16",38169,72022123,0.624289339948661
"38170","20074.16",38170,72025054,0.196490495774804
"38171","20074.16",38171,72025241,0.184946762832083
"38172","20074.16",38172,72025429,0.629479107626113
"38173","20074.16",38173,72025531,0.261709637160769
"38174","20074.16",38174,72027579,1.02219156452886
"38175","20074.16",38175,72027611,0.0672564907524871
"38176","20074.16",38176,72027973,0.131568506274424
"38177","20074.16",38177,72028539,0.358923695180526
"38178","20074.16",38178,72029303,-1.38380126122221
"38179","20074.16",38179,72029704,0.371734274998919
"38180","20074.16",38180,72029804,-0.709491384543229
"38181","20074.16",38181,72030074,-1.23394196745715
"38182","20074.16",38182,72030580,-0.128167601497894
"38183","20074.16",38183,72032061,0.228557647712921
"38184","20074.16",38184,72034890,-0.116367724215599
"38185","20074.16",38185,72034957,0.634648961480564
"38186","20074.16",38186,72035082,1.2061916494786
"38187","20074.16",38187,72035359,-0.0668111454531974
"38188","20074.16",38188,72035446,0.134951687152855
"38189","20074.16",38189,72035496,0.0657078583660304
"38190","20074.16",38190,72037206,0.217204796212468
"38191","20074.16",38191,72039929,0.558319975007577
"38192","20074.16",38192,72040032,-1.35450146753055
"38193","20074.16",38193,72040606,-0.289916514122971
"38194","20074.16",38194,72044190,0.117589193574976
"38195","20074.16",38195,72045110,-0.214423829497258
"38196","20074.16",38196,72045186,0.716840190616302
"38197","20074.16",38197,72046211,-0.487430088289313
"38198","20074.16",38198,72046305,0.843031519219287
"38199","20074.16",38199,72047751,-0.257016196380817
"38200","20074.16",38200,72048080,-0.149418437556921
"38201","20074.16",38201,72048332,0.205172638740059
"38202","20074.16",38202,72048632,-0.333220679630224
"38203","20074.16",38203,72048928,-0.647514023539407
"38204","20074.16",38204,72049512,0.316383026934415
"38205","20074.16",38205,72051769,-0.061957246332982
"38206","20074.16",38206,72053685,-0.587013772098109
"38207","20074.16",38207,72054349,0.28248381649625
"38208","20074.16",38208,72059269,0.98759539103965
"38209","20074.16",38209,72059337,0.318946467458626
"38210","20074.16",38210,72059799,0.129210564440687
"38211","20074.16",38211,72062540,-1.15546837637143
"38212","20074.16",38212,72065159,-1.01196027826386
"38213","20074.16",38213,72066014,-1.01280339240712
"38214","20074.16",38214,72074845,-0.541652773457382
"38215","20074.16",38215,72075269,-0.240542543474659
"38216","20074.16",38216,72078486,0.365938654689308
"38217","20074.16",38217,72081018,0.437052198541411
"38218","20074.16",38218,72082899,-0.0820972998548273
"38219","20074.16",38219,72087011,-0.0523790857599664
"38220","20074.16",38220,72095074,0.200103012009604
"38221","20074.16",38221,72110941,-1.98059792927477
"38222","20074.16",38222,72113416,0.681310407131499
"38223","20074.16",38223,72114002,0.195440460393145
"38224","20074.16",38224,72114432,-1.15211817249455
"38225","20074.16",38225,72114527,0.135207203652871
"38226","20074.16",38226,72116467,0.0532676450203766
"38227","20074.16",38227,72117751,-0.984387929355115
"38228","20074.16",38228,72120320,-0.133874048325688
"38229","20074.16",38229,72120367,0.083641859983084
"38230","20074.16",38230,72122315,-0.116542478413089
"38231","20074.16",38231,72122463,0.679551760413372
"38232","20074.16",38232,72122482,0.583265232805068
"38233","20074.16",38233,72130125,0.365849874021831
"38234","20074.16",38234,72131568,-0.556964467235179
"38235","20074.16",38235,72133579,-0.0419168631803597
"38236","20074.16",38236,72134231,0.0882940119208477
"38237","20074.16",38237,72136741,-0.351863888760119
"38238","20074.16",38238,72137561,-0.205402677779817
"38239","20074.16",38239,72139396,-0.353054787693572
"38240","20074.16",38240,72140768,-0.168231960387163
"38241","20074.16",38241,72141650,-0.201894780742001
"38242","20074.16",38242,72142072,0.289504769250335
"38243","20074.16",38243,72142878,-0.0475439715901551
"38244","20074.16",38244,72144174,0.0115472143827597
"38245","20074.16",38245,72146666,-0.0391646456345853
"38246","20074.16",38246,72147186,0.411683752968396
"38247","20074.16",38247,72147431,0.398970500396589
"38248","20074.16",38248,72147666,-0.233583696678963
"38249","20074.16",38249,72148304,-0.0492806648303583
"38250","20074.16",38250,72148630,-0.191792567581877
"38251","20074.16",38251,72154187,-0.60534361280742
"38252","20074.16",38252,72155859,0.707219259345851
"38253","20074.16",38253,72156842,0.4524735032928
"38254","20074.16",38254,72158077,-0.43695380455147
"38255","20074.16",38255,72160419,0.102578043026992
"38256","20074.16",38256,72160444,-0.0467575301027292
"38257","20074.16",38257,72161021,0.216853052763328
"38258","20074.16",38258,72162102,0.0183147991957968
"38259","20074.16",38259,72171052,0.142775648112674
"38260","20074.16",38260,72172039,0.397717517906385
"38261","20074.16",38261,72174324,-1.07988334717568
"38262","20074.16",38262,72175383,-0.187348297140096
"38263","20074.16",38263,72178070,0.0524477163761858
"38264","20074.16",38264,72185782,-0.093357576605892
"38265","20074.16",38265,72187957,0.825588726850474
"38266","20074.16",38266,72188828,0.392693951759219
"38267","20074.16",38267,72192610,0.263796423194823
"38268","20074.16",38268,72193036,-0.306543465632243
"38269","20074.16",38269,72195545,-0.0121053713282917
"38270","20074.16",38270,72196041,0.304638872017949
"38271","20074.16",38271,72197595,0.773737561059478
"38272","20074.16",38272,72201119,0.484997981165193
"38273","20074.16",38273,72203192,0.0504055447601806
"38274","20074.16",38274,72204909,-1.35381743440105
"38275","20074.16",38275,72204963,0.227892884912424
"38276","20074.16",38276,72206413,-0.367508730531376
"38277","20074.16",38277,72206652,-0.238005211182548
"38278","20074.16",38278,72207843,0.00149155795765754
"38279","20074.16",38279,72208576,-0.436357752058344
"38280","20074.16",38280,72209441,-0.348498032189989
"38281","20074.16",38281,72209519,0.451589116486699
"38282","20074.16",38282,72210852,0.52256874081268
"38283","20074.16",38283,72210865,0.264095187339545
"38284","20074.16",38284,72214276,0.0127883233874533
"38285","20074.16",38285,72214613,0.481022280522558
"38286","20074.16",38286,72216938,0.235248004287071
"38287","20074.16",38287,72217301,-0.678174211683121
"38288","20074.16",38288,72218612,-0.0701126842316251
"38289","20074.16",38289,72221984,-0.121558587680218
"38290","20074.16",38290,72224335,-0.0362195456001801
"38291","20074.16",38291,72229094,-0.745474301277572
"38292","20074.16",38292,72229532,-0.604009529538419
"38293","20074.16",38293,72230365,0.820039756037038
"38294","20074.16",38294,72230694,0.00829825799263784
"38295","20074.16",38295,72230808,0.368125800813952
"38296","20074.16",38296,72236679,0.165971558879138
"38297","20074.16",38297,72237079,0.276395707914401
"38298","20074.16",38298,72237535,0.835931046124155
"38299","20074.16",38299,72242589,0.0958460562674208
"38300","20074.16",38300,72242628,-0.321398038037214
"38301","20074.16",38301,72243083,-0.579429669461259
"38302","20074.16",38302,72243583,0.298164561083767
"38303","20074.16",38303,72243624,0.733854550515251
"38304","20074.16",38304,72248669,-0.0904048110458664
"38305","20074.16",38305,72249130,0.211988112100528
"38306","20074.16",38306,72249495,0.206112591260343
"38307","20074.16",38307,72250238,-0.328550552719568
"38308","20074.16",38308,72250551,0.40721984694716
"38309","20074.16",38309,72251288,-0.74348824740349
"38310","20074.16",38310,72251288,1.08558680310396
"38311","20074.16",38311,72251937,0.709975191851943
"38312","20074.16",38312,72257540,-0.486832365268837
"38313","20074.16",38313,72257699,0.54380583297606
"38314","20074.16",38314,72259208,-0.122356386877319
"38315","20074.16",38315,72259703,-0.663771248962469
"38316","20074.16",38316,72259891,0.638505922287517
"38317","20074.16",38317,72260046,0.647001130874831
"38318","20074.16",38318,72260771,0.312460278560327
"38319","20074.16",38319,72261620,0.212955811157378
"38320","20074.16",38320,72261782,-0.252435871419478
"38321","20074.16",38321,72263599,0.196243889006708
"38322","20074.16",38322,72266452,-0.49264368318189
"38323","20074.16",38323,72267632,-0.343969534874646
"38324","20074.16",38324,72268538,-0.511337572393373
"38325","20074.16",38325,72271186,0.17976929089469
"38326","20074.16",38326,72273077,0.741526511544133
"38327","20074.16",38327,72274278,-0.02434569297316
"38328","20074.16",38328,72274294,-0.386948769811905
"38329","20074.16",38329,72277649,0.493973301099133
"38330","20074.16",38330,72279355,-0.394562930257688
"38331","20074.16",38331,72279852,0.409153568662455
"38332","20074.16",38332,72284360,0.168566424303264
"38333","20074.16",38333,72286000,-0.167541856263139
"38334","20074.16",38334,72286545,0.310028077390734
"38335","20074.16",38335,72289053,-0.872984666623925
"38336","20074.16",38336,72290415,0.379450203036924
"38337","20074.16",38337,72291149,-0.268880862592876
"38338","20074.16",38338,72291732,-0.0146571032401068
"38339","20074.16",38339,72295114,0.0700433659083481
"38340","20074.16",38340,72296448,-0.21784898260735
"38341","20074.16",38341,72301492,-0.565630558200567
"38342","20074.16",38342,72301684,0.161922654754107
"38343","20074.16",38343,72304393,-0.441104823125575
"38344","20074.16",38344,72304873,-0.0442837231262532
"38345","20074.16",38345,72304915,0.7115703414129
"38346","20074.16",38346,72310473,-0.919467441726388
"38347","20074.16",38347,72311040,0.0205200869027697
"38348","20074.16",38348,72311826,-0.0146707513230746
"38349","20074.16",38349,72312197,-0.41635106920605
"38350","20074.16",38350,72312727,0.266994078826015
"38351","20074.16",38351,72313782,-0.557533746852449
"38352","20074.16",38352,72314620,-0.329247493050522
"38353","20074.16",38353,72315131,0.324250612233063
"38354","20074.16",38354,72315442,-0.0297749712651525
"38355","20074.16",38355,72316884,0.498270664861276
"38356","20074.16",38356,72318400,0.182155958802339
"38357","20074.16",38357,72318826,-0.10035553541932
"38358","20074.16",38358,72323718,0.524879603634974
"38359","20074.16",38359,72323815,-0.316043174476571
"38360","20074.16",38360,72327450,0.297787967656828
"38361","20074.16",38361,72327716,0.225928504959974
"38362","20074.16",38362,72329510,-0.0100678441740234
"38363","20074.16",38363,72329582,0.313937901135856
"38364","20074.16",38364,72329956,0.71491381980917
"38365","20074.16",38365,72332095,-0.267370205728798
"38366","20074.16",38366,72332238,0.176650607356229
"38367","20074.16",38367,72332788,-0.86792545595517
"38368","20074.16",38368,72334370,0.424113645953009
"38369","20074.16",38369,72334538,0.53423572677738
"38370","20074.16",38370,72334777,0.107142783461006
"38371","20074.16",38371,72336231,-0.102649528997413
"38372","20074.16",38372,72336481,-0.0250327408613469
"38373","20074.16",38373,72339031,0.12850641809329
"38374","20074.16",38374,72341019,-0.518444624046716
"38375","20074.16",38375,72341618,-0.227974637739618
"38376","20074.16",38376,72341634,-1.10579189036581
"38377","20074.16",38377,72341742,-0.0940721534619469
"38378","20074.16",38378,72344255,0.142178221376734
"38379","20074.16",38379,72344921,0.0397699862214314
"38380","20074.16",38380,72351566,0.932209312112138
"38381","20074.16",38381,72352990,0.212233733262205
"38382","20074.16",38382,72355139,0.711824410788785
"38383","20074.16",38383,72355485,0.146699230173399
"38384","20074.16",38384,72355768,-0.0201609666613276
"38385","20074.16",38385,72356112,0.43639024171068
"38386","20074.16",38386,72364134,0.816580980637631
"38387","20074.16",38387,72364946,0.405306349787483
"38388","20074.16",38388,72367592,-0.0518270446252931
"38389","20074.16",38389,72372042,-0.0372357346380001
"38390","20074.16",38390,72372365,-0.462469467133906
"38391","20074.16",38391,72372534,0.190106463349858
"38392","20074.16",38392,72373598,0.372029434938848
"38393","20074.16",38393,72380983,-0.54702248794444
"38394","20074.16",38394,72381460,-0.122056534593934
"38395","20074.16",38395,72384363,0.348086375968873
"38396","20074.16",38396,72384379,-0.50603584497163
"38397","20074.16",38397,72384830,-0.961885533059348
"38398","20074.16",38398,72388260,-0.0668968277752002
"38399","20074.16",38399,72389230,0.307588596369826
"38400","20074.16",38400,72390081,0.106422075292431
"38401","20074.16",38401,72392061,-0.519090035112678
"38402","20074.16",38402,72392868,-0.383584548877265
"38403","20074.16",38403,72395101,0.66989865146892
"38404","20074.16",38404,72395453,0.26550405481282
"38405","20074.16",38405,72397017,-0.00451354512963675
"38406","20074.16",38406,72397640,0.315597371769333
"38407","20074.16",38407,72398171,-0.0187168360826799
"38408","20074.16",38408,72403288,0.0503362420278535
"38409","20074.16",38409,72405995,-0.176148422537299
"38410","20074.16",38410,72408956,0.169594019602948
"38411","20074.16",38411,72411827,0.0931878366343337
"38412","20074.16",38412,72416233,-0.432669292988348
"38413","20074.16",38413,72418430,0.526242534249314
"38414","20074.16",38414,72421041,-0.0470456098327325
"38415","20074.16",38415,72423318,-1.00508625658018
"38416","20074.16",38416,72423681,-0.167715991294264
"38417","20074.16",38417,72424159,-0.650444891613862
"38418","20074.16",38418,72428053,-0.397383715689767
"38419","20074.16",38419,72434872,-2.09852926785512
"38420","20074.16",38420,72438701,0.0742272866036222
"38421","20074.16",38421,72439095,-0.0466971324823593
"38422","20074.16",38422,72439633,0.16004227120936
"38423","20074.16",38423,72439665,-0.262535893650003
"38424","20074.16",38424,72441230,0.684653712409614
"38425","20074.16",38425,72442085,0.522563727668493
"38426","20074.16",38426,72442723,0.328756235071286
"38427","20074.16",38427,72443234,-0.00596276491750558
"38428","20074.16",38428,72447490,0.0244964975456154
"38429","20074.16",38429,72449168,0.24817995978714
"38430","20074.16",38430,72449403,0.321153039349613
"38431","20074.16",38431,72451350,-0.990961346441023
"38432","20074.16",38432,72453552,0.0776896086911885
"38433","20074.16",38433,72455404,0.40186638166501
"38434","20074.16",38434,72460713,0.859415535782857
"38435","20074.16",38435,72461077,0.285296484987168
"38436","20074.16",38436,72462749,0.65028871999695
"38437","20074.16",38437,72463138,0.537122812940715
"38438","20074.16",38438,72464057,-0.89082963124071
"38439","20074.16",38439,72464599,0.0297868039351252
"38440","20074.16",38440,72467162,0.275277414255929
"38441","20074.16",38441,72467758,0.482823188255611
"38442","20074.16",38442,72468158,0.10241048336353
"38443","20074.16",38443,72470824,0.121551098329437
"38444","20074.16",38444,72470883,0.300851016122546
"38445","20074.16",38445,72470984,0.399311976632799
"38446","20074.16",38446,72471045,0.969416867131684
"38447","20074.16",38447,72471993,0.95323591775997
"38448","20074.16",38448,72473564,0.260296956751474
"38449","20074.16",38449,72474252,0.252662975796899
"38450","20074.16",38450,72479264,-0.621230243583972
"38451","20074.16",38451,72482567,0.096559654366315
"38452","20074.16",38452,72483086,0.0150212548915558
"38453","20074.16",38453,72492228,0.25353847795258
"38454","20074.16",38454,72494294,0.16348321612822
"38455","20074.16",38455,72496681,-0.356145147105391
"38456","20074.16",38456,72499051,0.0784534628043598
"38457","20074.16",38457,72500515,-1.57908196117727
"38458","20074.16",38458,72501229,0.322268669893316
"38459","20074.16",38459,72502195,-0.491365649379397
"38460","20074.16",38460,72504724,-0.00276025163169358
"38461","20074.16",38461,72507717,-0.0778049936057599
"38462","20074.16",38462,72507945,-0.067618731425477
"38463","20074.16",38463,72515362,-0.204393081710896
"38464","20074.16",38464,72515953,-0.619157734913447
"38465","20074.16",38465,72532177,0.0211544783535098
"38466","20074.16",38466,72532362,1.16288915522394
"38467","20074.16",38467,72532574,-0.353768597424621
"38468","20074.16",38468,72533550,-0.220383733784523
"38469","20074.16",38469,72536895,0.106874698638867
"38470","20074.16",38470,72539282,0.367885463837484
"38471","20074.16",38471,72540539,0.142744924610092
"38472","20074.16",38472,72542333,0.380583815960423
"38473","20074.16",38473,72542867,0.235728874181963
"38474","20074.16",38474,72544825,0.332200468171817
"38475","20074.16",38475,72547291,-0.734577689752357
"38476","20074.16",38476,72547381,-0.0532011674670061
"38477","20074.16",38477,72549386,-0.59649181612691
"38478","20074.16",38478,72551707,-0.757790774852235
"38479","20074.16",38479,72553389,0.105121014920769
"38480","20074.16",38480,72554133,-0.725159761750675
"38481","20074.16",38481,72559430,0.113778823521797
"38482","20074.16",38482,72565049,-0.329527165069242
"38483","20074.16",38483,72565070,0.654952490254117
"38484","20074.16",38484,72565478,0.777381948841472
"38485","20074.16",38485,72570757,0.0358443267904995
"38486","20074.16",38486,72571203,-0.936528595614227
"38487","20074.16",38487,72571244,-0.621097859506262
"38488","20074.16",38488,72573689,-1.12165843800368
"38489","20074.16",38489,72574485,-0.316247650642705
"38490","20074.16",38490,72586609,-0.4919514245267
"38491","20074.16",38491,72587093,0.946791948793304
"38492","20074.16",38492,72587187,0.578276662528663
"38493","20074.16",38493,72592309,0.279910644112845
"38494","20074.16",38494,72593233,0.234972934389738
"38495","20074.16",38495,72593262,-0.407428363439508
"38496","20074.16",38496,72603076,-0.399513961084259
"38497","20074.16",38497,72603988,0.414004992372525
"38498","20074.16",38498,72604105,0.17674188509888
"38499","20074.16",38499,72605210,-0.992405851410664
"38500","20074.16",38500,72605586,0.868451860994322
"38501","20074.16",38501,72605638,0.199491665572365
"38502","20074.16",38502,72606966,0.135686615135528
"38503","20074.16",38503,72607424,-0.165648676001617
"38504","20074.16",38504,72610080,0.126100512796875
"38505","20074.16",38505,72612253,0.0923036947270752
"38506","20074.16",38506,72614321,0.123561310746028
"38507","20074.16",38507,72620586,-0.306437656139931
"38508","20074.16",38508,72627795,-0.553771348801317
"38509","20074.16",38509,72629999,-0.0498031186343004
"38510","20074.16",38510,72631617,-0.269029818799021
"38511","20074.16",38511,72633277,-1.08353164685815
"38512","20074.16",38512,72633305,-0.628517357049248
"38513","20074.16",38513,72634597,-1.51175930595342
"38514","20074.16",38514,72642111,-0.334399769541474
"38515","20074.16",38515,72646792,0.0230690101921027
"38516","20074.16",38516,72647582,-0.518734713402367
"38517","20074.16",38517,72647845,1.0784654082718
"38518","20074.16",38518,72648087,0.0623367631397516
"38519","20074.16",38519,72648392,0.38852828812125
"38520","20074.16",38520,72650162,0.0802502832528695
"38521","20074.16",38521,72651872,0.124231653528422
"38522","20074.16",38522,72651914,-0.173811001583958
"38523","20074.16",38523,72653326,-0.263230127882606
"38524","20074.16",38524,72654326,0.405874114193236
"38525","20074.16",38525,72654477,0.792504403227439
"38526","20074.16",38526,72654634,0.239951582197461
"38527","20074.16",38527,72656715,-0.619224272314648
"38528","20074.16",38528,72657531,-0.0177830843354725
"38529","20074.16",38529,72658348,-0.36892994210135
"38530","20074.16",38530,72658743,0.103361016079114
"38531","20074.16",38531,72667311,-0.99507867497895
"38532","20074.16",38532,72671516,0.566338848479707
"38533","20074.16",38533,72676016,-0.68444957424528
"38534","20074.16",38534,72676492,0.220761768630208
"38535","20074.16",38535,72678797,0.130656150551667
"38536","20074.16",38536,72686351,0.312059343280946
"38537","20074.16",38537,72688650,-0.530546161802647
"38538","20074.16",38538,72690392,-0.177632073869094
"38539","20074.16",38539,72693967,-0.766854187836579
"38540","20074.16",38540,72694352,0.350551276904423
"38541","20074.16",38541,72694760,0.312015246836233
"38542","20074.16",38542,72695699,0.00352018912336938
"38543","20074.16",38543,72696147,-0.146633537499185
"38544","20074.16",38544,72703758,0.394400281529992
"38545","20074.16",38545,72704635,0.229047381542919
"38546","20074.16",38546,72704680,0.148397823285883
"38547","20074.16",38547,72705151,0.146886810954794
"38548","20074.16",38548,72705237,0.162989490430935
"38549","20074.16",38549,72707802,0.0703002952144987
"38550","20074.16",38550,72717977,-0.911360737602369
"38551","20074.16",38551,72720542,0.360015243045148
"38552","20074.16",38552,72722635,0.60326481570058
"38553","20074.16",38553,72734032,-0.177088093087005
"38554","20074.16",38554,72736513,-0.393783834256461
"38555","20074.16",38555,72736833,-0.817880427662009
"38556","20074.16",38556,72737477,-0.152807040545524
"38557","20074.16",38557,72738731,0.222248846629902
"38558","20074.16",38558,72739365,0.881198928981966
"38559","20074.16",38559,72741508,-0.00689981262509765
"38560","20074.16",38560,72742774,0.332378064650636
"38561","20074.16",38561,72751920,-0.736681404209667
"38562","20074.16",38562,72752836,-0.51478361590639
"38563","20074.16",38563,72754019,0.446765817717441
"38564","20074.16",38564,72754185,-0.210628644497417
"38565","20074.16",38565,72756967,-0.251268823321335
"38566","20074.16",38566,72757403,0.322018600804356
"38567","20074.16",38567,72757884,0.498983674373808
"38568","20074.16",38568,72760305,0.473203109932686
"38569","20074.16",38569,72760655,0.24480977398076
"38570","20074.16",38570,72761735,-0.0492899495184744
"38571","20074.16",38571,72772045,0.101824111846342
"38572","20074.16",38572,72774339,0.402107886291126
"38573","20074.16",38573,72774551,0.869527358667368
"38574","20074.16",38574,72774808,-0.188518617330498
"38575","20074.16",38575,72777185,0.146631717551307
"38576","20074.16",38576,72781845,-0.976863502760958
"38577","20074.16",38577,72782220,0.385737907374927
"38578","20074.16",38578,72784822,-0.419589973091314
"38579","20074.16",38579,72785303,0.681634693937183
"38580","20074.16",38580,72785317,0.162618364785263
"38581","20074.16",38581,72785798,0.108250498945631
"38582","20074.16",38582,72786391,0.262422848966884
"38583","20074.16",38583,72786592,-0.0615616225148843
"38584","20074.16",38584,72786671,-0.453460339727322
"38585","20074.16",38585,72787961,-0.449136318827741
"38586","20074.16",38586,72788601,0.465117678713692
"38587","20074.16",38587,72790116,0.0545647682918169
"38588","20074.16",38588,72790535,0.0915555719946859
"38589","20074.16",38589,72791642,-0.3646753653631
"38590","20074.16",38590,72794484,0.05341984464732
"38591","20074.16",38591,72794938,0.962162411737894
"38592","20074.16",38592,72799887,0.496286215596945
"38593","20074.16",38593,72800567,1.55612713703465
"38594","20074.16",38594,72800841,-0.210856206086372
"38595","20074.16",38595,72802516,-0.356034688713315
"38596","20074.16",38596,72807413,-1.00478475393421
"38597","20074.16",38597,72807957,0.527034972494735
"38598","20074.16",38598,72816982,-0.682560452823236
"38599","20074.16",38599,72833964,-0.664211158993698
"38600","20074.16",38600,72834135,-1.1147534007589
"38601","20074.16",38601,72836746,0.495677765722681
"38602","20074.16",38602,72837796,-0.366294899663105
"38603","20074.16",38603,72838014,-0.0451757347348458
"38604","20074.16",38604,72838680,-0.837914978374799
"38605","20074.16",38605,72840276,-0.0962826989551884
"38606","20074.16",38606,72844843,-0.282670974626112
"38607","20074.16",38607,72845225,-0.169369689280161
"38608","20074.16",38608,72846209,-0.656047619715483
"38609","20074.16",38609,72849406,-0.069286059726382
"38610","20074.16",38610,72850131,0.182505675768747
"38611","20074.16",38611,72850315,-0.112955184291025
"38612","20074.16",38612,72854307,-0.119153658043035
"38613","20074.16",38613,72854579,-0.485419501897662
"38614","20074.16",38614,72855844,-0.336521791448215
"38615","20074.16",38615,72856622,-0.229413791617984
"38616","20074.16",38616,72858089,0.699577629829451
"38617","20074.16",38617,72860327,-0.342081157792931
"38618","20074.16",38618,72860611,-0.0124857059292012
"38619","20074.16",38619,72861074,0.369400367372159
"38620","20074.16",38620,72864075,0.124337420340453
"38621","20074.16",38621,72864509,0.267640774637665
"38622","20074.16",38622,72866528,0.186528487117567
"38623","20074.16",38623,72866755,0.458618790636167
"38624","20074.16",38624,72867102,0.70327088067367
"38625","20074.16",38625,72867734,0.175168316312829
"38626","20074.16",38626,72868230,0.236502308449048
"38627","20074.16",38627,72868465,-0.212332105864914
"38628","20074.16",38628,72869948,0.111678992008057
"38629","20074.16",38629,72870346,-0.324646997048032
"38630","20074.16",38630,72870909,-0.485714669866962
"38631","20074.16",38631,72871205,0.968265227483418
"38632","20074.16",38632,72873336,-0.03604004146184
"38633","20074.16",38633,72879279,-0.0966485653678122
"38634","20074.16",38634,72880822,-0.10215103043078
"38635","20074.16",38635,72886443,-0.0048231278939479
"38636","20074.16",38636,72887172,0.209650104605631
"38637","20074.16",38637,72887183,0.537182823159937
"38638","20074.16",38638,72887772,0.269743238615805
"38639","20074.16",38639,72887826,0.490597197118878
"38640","20074.16",38640,72893697,0.684399901839416
"38641","20074.16",38641,72894749,-0.280261518539365
"38642","20074.16",38642,72894840,-0.150024507273488
"38643","20074.16",38643,72895439,-0.552817780337369
"38644","20074.16",38644,72896452,1.02483270404699
"38645","20074.16",38645,72896721,0.752983745883289
"38646","20074.16",38646,72898772,0.0512219971708712
"38647","20074.16",38647,72898864,-0.332430053113594
"38648","20074.16",38648,72901328,0.282406172900788
"38649","20074.16",38649,72901874,0.735213233783436
"38650","20074.16",38650,72906787,0.415986745330943
"38651","20074.16",38651,72906976,-0.680234847808825
"38652","20074.16",38652,72907004,0.139214326343574
"38653","20074.16",38653,72907058,1.07824038186975
"38654","20074.16",38654,72907929,0.112761328363225
"38655","20074.16",38655,72910316,-0.186077665384039
"38656","20074.16",38656,72912148,0.315160432503823
"38657","20074.16",38657,72919582,-0.382593529035947
"38658","20074.16",38658,72923661,0.0022825116708276
"38659","20074.16",38659,72923905,0.0453816430550784
"38660","20074.16",38660,72924001,0.298427414168562
"38661","20074.16",38661,72926172,0.560666132060319
"38662","20074.16",38662,72927533,0.873689866553353
"38663","20074.16",38663,72928096,0.061847907625098
"38664","20074.16",38664,72928701,-0.30516574428102
"38665","20074.16",38665,72930589,0.461944683922849
"38666","20074.16",38666,72931085,0.265111418799267
"38667","20074.16",38667,72931972,0.869569915011582
"38668","20074.16",38668,72932461,0.117933430009217
"38669","20074.16",38669,72933804,-0.168036470919558
"38670","20074.16",38670,72939889,-1.58693862303183
"38671","20074.16",38671,72940047,-0.617553929685215
"38672","20074.16",38672,72945120,-0.0719793012726626
"38673","20074.16",38673,72945704,-0.177692863110314
"38674","20074.16",38674,72945871,-0.194280763200178
"38675","20074.16",38675,72954001,0.378525748205104
"38676","20074.16",38676,72955309,0.152121134003702
"38677","20074.16",38677,72956544,0.118737805588465
"38678","20074.16",38678,72956566,-0.0403338094358858
"38679","20074.16",38679,72957473,0.200943915961672
"38680","20074.16",38680,72958967,0.0890453589466098
"38681","20074.16",38681,72959416,-0.528653446608231
"38682","20074.16",38682,72960283,-0.359015120154613
"38683","20074.16",38683,72960628,-0.277381284468464
"38684","20074.16",38684,72960842,0.632292780954454
"38685","20074.16",38685,72962304,-1.72147175027105
"38686","20074.16",38686,72965194,0.946587044957396
"38687","20074.16",38687,72966434,0.256751413590075
"38688","20074.16",38688,72966492,0.375716601967906
"38689","20074.16",38689,72967080,-0.779288082457495
"38690","20074.16",38690,72970057,0.0582102897017789
"38691","20074.16",38691,72970449,-0.2801684544657
"38692","20074.16",38692,72977998,-0.891207016363893
"38693","20074.16",38693,72979043,0.658657103366127
"38694","20074.16",38694,72979063,0.0714330615725336
"38695","20074.16",38695,72979242,-0.675231932810181
"38696","20074.16",38696,72979374,0.346798701639112
"38697","20074.16",38697,72980519,-0.653125741947324
"38698","20074.16",38698,72980940,0.885721894805184
"38699","20074.16",38699,72981033,0.213437895642859
"38700","20074.16",38700,72981230,1.13697042701924
"38701","20074.16",38701,72981949,0.432775666556124
"38702","20074.16",38702,72982590,-1.31561358950472
"38703","20074.16",38703,72986807,-0.12361230428677
"38704","20074.16",38704,72995553,0.469185565336399
"38705","20074.16",38705,72995996,0.732439196027731
"38706","20074.16",38706,72996162,-0.211272983096354
"38707","20074.16",38707,72996494,-0.468991106937975
"38708","20074.16",38708,72996813,-0.226963703483882
"38709","20074.16",38709,72996983,0.106379235474687
"38710","20074.16",38710,72999690,0.460036264197767
"38711","20074.16",38711,72999765,0.248692310637446
"38712","20074.16",38712,72999957,0.370373063472111
"38713","20074.16",38713,73000968,0.89229860643836
"38714","20074.16",38714,73005286,0.509692302486475
"38715","20074.16",38715,73007970,0.465890111233011
"38716","20074.16",38716,73008355,-0.89005334856578
"38717","20074.16",38717,73009024,0.39803579294956
"38718","20074.16",38718,73009698,0.934110657422475
"38719","20074.16",38719,73009724,0.305813133030326
"38720","20074.16",38720,73011120,-0.348005273694488
"38721","20074.16",38721,73013036,0.831456884244887
"38722","20074.16",38722,73013553,-0.142580252224104
"38723","20074.16",38723,73013633,0.0482191200098327
"38724","20074.16",38724,73016768,-0.116088602985251
"38725","20074.16",38725,73017061,0.156422918954606
"38726","20074.16",38726,73017684,0.98484059529759
"38727","20074.16",38727,73018595,0.535637079787164
"38728","20074.16",38728,73021094,0.491628231536789
"38729","20074.16",38729,73021812,0.0900304874673692
"38730","20074.16",38730,73022034,-0.123880920227004
"38731","20074.16",38731,73022273,0.08151604482019
"38732","20074.16",38732,73022497,-0.109915092760168
"38733","20074.16",38733,73022575,0.411168356138433
"38734","20074.16",38734,73023587,-0.489570740129524
"38735","20074.16",38735,73025261,-1.60124983880517
"38736","20074.16",38736,73027615,-0.116949669100986
"38737","20074.16",38737,73028249,0.111900783193273
"38738","20074.16",38738,73028921,-0.00908529756223064
"38739","20074.16",38739,73029160,-0.102195908299498
"38740","20074.16",38740,73032465,0.601450677187841
"38741","20074.16",38741,73032667,0.663504403302611
"38742","20074.16",38742,73032979,1.33052015109037
"38743","20074.16",38743,73033473,0.662596880929798
"38744","20074.16",38744,73033513,-0.159716662368462
"38745","20074.16",38745,73033869,0.488548541475896
"38746","20074.16",38746,73034689,0.393576977103533
"38747","20074.16",38747,73035045,1.09371542216169
"38748","20074.16",38748,73046161,0.13833175199979
"38749","20074.16",38749,73049830,0.142796598779149
"38750","20074.16",38750,73050024,0.63842621468158
"38751","20074.16",38751,73050346,-0.562622510497319
"38752","20074.16",38752,73050576,0.593250690629985
"38753","20074.16",38753,73051620,0.00850601691919195
"38754","20074.16",38754,73053579,-0.293928460251903
"38755","20074.16",38755,73058694,-0.452092608898417
"38756","20074.16",38756,73059729,0.444334327594865
"38757","20074.16",38757,73059763,0.29818661602294
"38758","20074.16",38758,73059861,-6.89145829637638e-05
"38759","20074.16",38759,73061256,0.0711351481471194
"38760","20074.16",38760,73062235,0.199504396297078
"38761","20074.16",38761,73066400,0.254714893841697
"38762","20074.16",38762,73068678,-0.0525117775861847
"38763","20074.16",38763,73068893,0.44117841817499
"38764","20074.16",38764,73073808,-0.535645271955427
"38765","20074.16",38765,73073901,-0.668585773658057
"38766","20074.16",38766,73073953,-0.197670900321276
"38767","20074.16",38767,73074012,-0.0925836020167639
"38768","20074.16",38768,73077574,-0.032575005470215
"38769","20074.16",38769,73077616,-0.206243781360383
"38770","20074.16",38770,73079212,-0.317312175895299
"38771","20074.16",38771,73079299,-0.0972128384754374
"38772","20074.16",38772,73090039,0.524107372802669
"38773","20074.16",38773,73090103,0.304299448577624
"38774","20074.16",38774,73090754,-0.267780693224025
"38775","20074.16",38775,73093053,0.162934604877549
"38776","20074.16",38776,73097663,0.542849248906378
"38777","20074.16",38777,73098690,1.39688220839891
"38778","20074.16",38778,73105139,-3.36025215545497
"38779","20074.16",38779,73105342,-2.13713588537159
"38780","20074.16",38780,73108635,0.174811183897353
"38781","20074.16",38781,73109374,-0.759844535536069
"38782","20074.16",38782,73113452,0.023278103219738
"38783","20074.16",38783,73115581,0.530085938405464
"38784","20074.16",38784,73117271,0.456152104408104
"38785","20074.16",38785,73117297,0.59251548868296
"38786","20074.16",38786,73120942,1.30805309745231
"38787","20074.16",38787,73123416,-0.0184120990638865
"38788","20074.16",38788,73123966,-0.283214849717436
"38789","20074.16",38789,73124356,-0.077617083610587
"38790","20074.16",38790,73126460,0.452290609604527
"38791","20074.16",38791,73126992,0.302493646911624
"38792","20074.16",38792,73127120,0.43996825988832
"38793","20074.16",38793,73128911,-0.325128494403589
"38794","20074.16",38794,73132839,0.244883941593481
"38795","20074.16",38795,73132895,0.523635437029161
"38796","20074.16",38796,73133283,0.300023231682791
"38797","20074.16",38797,73134231,0.722404175559102
"38798","20074.16",38798,73136181,0.491755531473067
"38799","20074.16",38799,73136458,1.01604061060866
"38800","20074.16",38800,73137604,0.325445684007627
"38801","20074.16",38801,73137924,0.173599517743148
"38802","20074.16",38802,73137990,0.718079444037612
"38803","20074.16",38803,73138539,0.911652644503362
"38804","20074.16",38804,73143137,-0.289048440715377
"38805","20074.16",38805,73143479,-0.230429787568319
"38806","20074.16",38806,73144331,0.152456180951174
"38807","20074.16",38807,73146074,-1.08635102909127
"38808","20074.16",38808,73148655,0.196319887844096
"38809","20074.16",38809,73148675,0.105946358238882
"38810","20074.16",38810,73150597,0.0346806420519616
"38811","20074.16",38811,73151015,-0.222078637165622
"38812","20074.16",38812,73151404,0.64566562410884
"38813","20074.16",38813,73152825,-0.329695825157853
"38814","20074.16",38814,73152874,0.635170796128663
"38815","20074.16",38815,73153861,-0.0812280181397877
"38816","20074.16",38816,73153999,0.667542590282927
"38817","20074.16",38817,73154049,0.868813079597838
"38818","20074.16",38818,73160916,0.522515823023238
"38819","20074.16",38819,73161335,-0.645486355069727
"38820","20074.16",38820,73163868,0.271183894723223
"38821","20074.16",38821,73170831,0.629760028572306
"38822","20074.16",38822,73171346,0.0786423322303698
"38823","20074.16",38823,73173205,-0.842460618577072
"38824","20074.16",38824,73173811,-0.511953690279893
"38825","20074.16",38825,73174323,-0.231713993466906
"38826","20074.16",38826,73179755,0.139260128481948
"38827","20074.16",38827,73181874,-0.945308798492148
"38828","20074.16",38828,73183440,-0.194298704243525
"38829","20074.16",38829,73185225,0.220127124536345
"38830","20074.16",38830,73189344,-1.79826843060421
"38831","20074.16",38831,73194320,-0.362852276542372
"38832","20074.16",38832,73195244,0.153307336113633
"38833","20074.16",38833,73196659,0.68116967878017
"38834","20074.16",38834,73196866,0.535100097796453
"38835","20074.16",38835,73197651,0.00362646463272931
"38836","20074.16",38836,73202875,-0.0246150029071366
"38837","20074.16",38837,73208300,-1.39194933724576
"38838","20074.16",38838,73209384,0.246709357143026
"38839","20074.16",38839,73214198,0.137474409871005
"38840","20074.16",38840,73214409,0.67257835227309
"38841","20074.16",38841,73214949,-0.312869992143469
"38842","20074.16",38842,73216613,-0.133594390297314
"38843","20074.16",38843,73217182,-0.441583122563479
"38844","20074.16",38844,73219460,0.121434221599939
"38845","20074.16",38845,73219777,-0.32776307516013
"38846","20074.16",38846,73220120,0.358778011716438
"38847","20074.16",38847,73222547,-0.387766852355053
"38848","20074.16",38848,73222701,0.130597775198429
"38849","20074.16",38849,73223968,-0.710677344533042
"38850","20074.16",38850,73226376,0.308496960364985
"38851","20074.16",38851,73227570,-0.602540955217738
"38852","20074.16",38852,73227728,-0.648226259720483
"38853","20074.16",38853,73228679,-0.697455734012899
"38854","20074.16",38854,73229870,0.672395850051186
"38855","20074.16",38855,73233832,0.235849586717955
"38856","20074.16",38856,73235274,-0.856472063122503
"38857","20074.16",38857,73242528,-0.626704857040408
"38858","20074.16",38858,73243475,-0.312319670646174
"38859","20074.16",38859,73246401,0.258236816907773
"38860","20074.16",38860,73246976,0.0918028661063612
"38861","20074.16",38861,73247488,-0.110786120645958
"38862","20074.16",38862,73253181,-0.427229043799663
"38863","20074.16",38863,73256650,0.362094658573072
"38864","20074.16",38864,73256815,0.431556344323854
"38865","20074.16",38865,73258139,0.558751578306201
"38866","20074.16",38866,73258503,-0.979173884453088
"38867","20074.16",38867,73258621,0.776963818669789
"38868","20074.16",38868,73262119,-0.126371527186196
"38869","20074.16",38869,73262979,0.411875809342029
"38870","20074.16",38870,73265054,0.268597599342107
"38871","20074.16",38871,73269459,-0.511585013735461
"38872","20074.16",38872,73269872,-0.159808783324293
"38873","20074.16",38873,73270168,0.561752064147206
"38874","20074.16",38874,73274095,0.00219036537456496
"38875","20074.16",38875,73275052,0.119536192756227
"38876","20074.16",38876,73275381,-0.0614710838670787
"38877","20074.16",38877,73277589,0.126346297127387
"38878","20074.16",38878,73279107,-1.49158075833881
"38879","20074.16",38879,73279339,1.05253940909723
"38880","20074.16",38880,73279837,-0.366816226439516
"38881","20074.16",38881,73280035,-0.240530487306601
"38882","20074.16",38882,73282535,0.109821828592416
"38883","20074.16",38883,73283163,-0.445585361822147
"38884","20074.16",38884,73290734,0.331242974229091
"38885","20074.16",38885,73293094,-1.78809931191595
"38886","20074.16",38886,73294385,0.313336733250805
"38887","20074.16",38887,73297415,0.525322244786218
"38888","20074.16",38888,73297605,-0.338550026032902
"38889","20074.16",38889,73300077,-0.297708470930064
"38890","20074.16",38890,73300409,0.415760120680182
"38891","20074.16",38891,73300592,0.308073912872145
"38892","20074.16",38892,73301111,0.169383834444619
"38893","20074.16",38893,73301302,0.280435059425517
"38894","20074.16",38894,73301352,0.495204603344029
"38895","20074.16",38895,73303187,-0.36062648580817
"38896","20074.16",38896,73303213,0.591395895158155
"38897","20074.16",38897,73303329,0.467706898246882
"38898","20074.16",38898,73304335,0.345653913978183
"38899","20074.16",38899,73305708,0.400398876774866
"38900","20074.16",38900,73306024,-0.227907067316733
"38901","20074.16",38901,73306349,0.528436679388814
"38902","20074.16",38902,73306506,0.0395319323169172
"38903","20074.16",38903,73309204,0.0869735578181139
"38904","20074.16",38904,73309568,0.061058525392915
"38905","20074.16",38905,73314466,-0.957593726910148
"38906","20074.16",38906,73320309,0.57401184825224
"38907","20074.16",38907,73324649,0.163965246531641
"38908","20074.16",38908,73325340,-0.0709744614615628
"38909","20074.16",38909,73325849,-0.0211241098924742
"38910","20074.16",38910,73326135,0.0966628068733177
"38911","20074.16",38911,73328796,0.41302598938248
"38912","20074.16",38912,73330579,1.11623210645713
"38913","20074.16",38913,73330763,-0.110428587500646
"38914","20074.16",38914,73331408,0.547224998583752
"38915","20074.16",38915,73331474,0.814877613299474
"38916","20074.16",38916,73331697,0.119942626905987
"38917","20074.16",38917,73333941,-0.102166966808975
"38918","20074.16",38918,73334335,0.00265705880815492
"38919","20074.16",38919,73334849,0.372414657289457
"38920","20074.16",38920,73338337,0.264369148164859
"38921","20074.16",38921,73338406,0.398515323022726
"38922","20074.16",38922,73338697,0.0133090425513078
"38923","20074.16",38923,73339317,-0.32754384896255
"38924","20074.16",38924,73339896,-0.134504126686892
"38925","20074.16",38925,73340689,-0.258036766625422
"38926","20074.16",38926,73341109,0.464436641313042
"38927","20074.16",38927,73342873,-1.52569740959134
"38928","20074.16",38928,73343396,-0.95861589925543
"38929","20074.16",38929,73345927,0.471633590659878
"38930","20074.16",38930,73346034,0.208354950795237
"38931","20074.16",38931,73346384,0.628781776042124
"38932","20074.16",38932,73346569,0.573685806830546
"38933","20074.16",38933,73347071,0.752534827262763
"38934","20074.16",38934,73347147,0.566320042298968
"38935","20074.16",38935,73347600,0.944179147973956
"38936","20074.16",38936,73351932,0.601496490180943
"38937","20074.16",38937,73355463,-0.227263661000187
"38938","20074.16",38938,73356948,-0.28534781830184
"38939","20074.16",38939,73357886,-0.412890702482868
"38940","20074.16",38940,73358697,0.285297287458975
"38941","20074.16",38941,73359690,0.624146391884058
"38942","20074.16",38942,73359902,0.386697836037682
"38943","20074.16",38943,73360810,0.521977370920687
"38944","20074.16",38944,73363865,-0.435598615200796
"38945","20074.16",38945,73364809,0.00753328068935755
"38946","20074.16",38946,73366822,-0.457742875783652
"38947","20074.16",38947,73369060,0.515103763765695
"38948","20074.16",38948,73369165,-0.213164476382746
"38949","20074.16",38949,73369186,0.0108531856992622
"38950","20074.16",38950,73370365,0.141995163714689
"38951","20074.16",38951,73370581,-0.182810090316706
"38952","20074.16",38952,73372498,-0.0636498262586676
"38953","20074.16",38953,73372707,-0.13718096141723
"38954","20074.16",38954,73372778,0.182349351852324
"38955","20074.16",38955,73373328,0.173252093289933
"38956","20074.16",38956,73373691,0.157203246535035
"38957","20074.16",38957,73373799,-0.173670798865838
"38958","20074.16",38958,73377337,-0.367148704156788
"38959","20074.16",38959,73377503,0.583100688377875
"38960","20074.16",38960,73378074,0.492048794963773
"38961","20074.16",38961,73378836,0.939979751537252
"38962","20074.16",38962,73378934,0.179497901937228
"38963","20074.16",38963,73379810,-0.70799606727822
"38964","20074.16",38964,73379822,0.384455550016198
"38965","20074.16",38965,73381105,0.149279983673055
"38966","20074.16",38966,73381706,0.354211087769605
"38967","20074.16",38967,73390284,-0.284867439686122
"38968","20074.16",38968,73390302,0.676265408544789
"38969","20074.16",38969,73390340,0.476648025919622
"38970","20074.16",38970,73391013,-0.119250775616151
"38971","20074.16",38971,73391142,-0.290116629747902
"38972","20074.16",38972,73393321,1.39026921576825
"38973","20074.16",38973,73393354,0.54952580623812
"38974","20074.16",38974,73393448,0.407643331520698
"38975","20074.16",38975,73393546,-0.669284416326013
"38976","20074.16",38976,73393572,0.503584119931733
"38977","20074.16",38977,73393614,0.276935369875328
"38978","20074.16",38978,73393833,0.0840021027619482
"38979","20074.16",38979,73394615,-0.7325229795556
"38980","20074.16",38980,73398649,-0.181879933045697
"38981","20074.16",38981,73400580,-0.533759782334495
"38982","20074.16",38982,73401138,0.0908696224548429
"38983","20074.16",38983,73401204,0.396376392367132
"38984","20074.16",38984,73401611,-0.787279612721062
"38985","20074.16",38985,73402124,0.347243336987066
"38986","20074.16",38986,73402288,-0.427666895653646
"38987","20074.16",38987,73402330,0.992118964986688
"38988","20074.16",38988,73403279,-0.165193316455051
"38989","20074.16",38989,73403667,-0.148634132381282
"38990","20074.16",38990,73403952,0.753887427956049
"38991","20074.16",38991,73406302,0.663731254202264
"38992","20074.16",38992,73406596,0.119025738107412
"38993","20074.16",38993,73407536,0.197602400182709
"38994","20074.16",38994,73407623,0.000812526455118423
"38995","20074.16",38995,73408212,0.191922255764137
"38996","20074.16",38996,73408313,-0.22531757600879
"38997","20074.16",38997,73408699,0.514802691950574
"38998","20074.16",38998,73411370,0.566364536763341
"38999","20074.16",38999,73412212,0.205387778505496
"39000","20074.16",39000,73412414,0.29139171382871
"39001","20074.16",39001,73412775,0.610439894713006
"39002","20074.16",39002,73413362,-0.284259007521966
"39003","20074.16",39003,73413471,0.123780067439202
"39004","20074.16",39004,73413933,-0.459880423649823
"39005","20074.16",39005,73417725,0.538348527470053
"39006","20074.16",39006,73418430,0.383468587490126
"39007","20074.16",39007,73418503,-0.0769660400590073
"39008","20074.16",39008,73418706,0.487822204247043
"39009","20074.16",39009,73418869,-0.0667087197486014
"39010","20074.16",39010,73421001,-0.0334946864145991
"39011","20074.16",39011,73421051,0.713065601690906
"39012","20074.16",39012,73421543,0.0391941851154325
"39013","20074.16",39013,73422400,0.229995327762825
"39014","20074.16",39014,73424119,-0.941563606596013
"39015","20074.16",39015,73424859,0.722775637078914
"39016","20074.16",39016,73425063,-0.407094090159972
"39017","20074.16",39017,73425075,-0.456976776420465
"39018","20074.16",39018,73425760,-0.763757441486113
"39019","20074.16",39019,73425772,-0.552488923641945
"39020","20074.16",39020,73430457,-0.299052514230156
"39021","20074.16",39021,73430460,-0.198594673923004
"39022","20074.16",39022,73432261,0.15185600144403
"39023","20074.16",39023,73433092,0.545623260186169
"39024","20074.16",39024,73433449,0.81130450938377
"39025","20074.16",39025,73434160,0.127555822594164
"39026","20074.16",39026,73435734,0.10363716565646
"39027","20074.16",39027,73436213,0.173781689639632
"39028","20074.16",39028,73437297,-0.467716891744054
"39029","20074.16",39029,73438386,0.329012060851793
"39030","20074.16",39030,73439233,0.81809215683821
"39031","20074.16",39031,73439355,-0.622045037759178
"39032","20074.16",39032,73439941,0.335649300548412
"39033","20074.16",39033,73439953,0.31779496281372
"39034","20074.16",39034,73440152,0.447891095977282
"39035","20074.16",39035,73440630,-0.442561211699376
"39036","20074.16",39036,73443701,1.04659337836877
"39037","20074.16",39037,73444788,0.935834866053143
"39038","20074.16",39038,73445035,0.719053196192013
"39039","20074.16",39039,73445052,0.229063374768311
"39040","20074.16",39040,73445106,1.2844179686853
"39041","20074.16",39041,73445248,-0.400980918449203
"39042","20074.16",39042,73446621,-0.515195999083585
"39043","20074.16",39043,73452854,0.427168487687106
"39044","20074.16",39044,73454112,-0.42522978915136
"39045","20074.16",39045,73454617,-0.75963752758606
"39046","20074.16",39046,73454641,0.725104385680923
"39047","20074.16",39047,73454872,0.266247937545962
"39048","20074.16",39048,73454971,-0.126788459953977
"39049","20074.16",39049,73455018,0.851820969150698
"39050","20074.16",39050,73455612,-0.465797145353784
"39051","20074.16",39051,73457223,-0.373371631334119
"39052","20074.16",39052,73462101,-0.257324754338654
"39053","20074.16",39053,73462159,-0.228785731799045
"39054","20074.16",39054,73462178,0.69547554920883
"39055","20074.16",39055,73462329,-0.411900004207899
"39056","20074.16",39056,73465255,-0.621522329268172
"39057","20074.16",39057,73466538,-0.335672167506105
"39058","20074.16",39058,73466745,-0.333738931172247
"39059","20074.16",39059,73466879,-0.691444271026938
"39060","20074.16",39060,73469043,0.132993720069992
"39061","20074.16",39061,73469058,0.983354896632796
"39062","20074.16",39062,73469455,0.453208922879949
"39063","20074.16",39063,73469476,-0.234046529911638
"39064","20074.16",39064,73469595,-0.282480441850245
"39065","20074.16",39065,73471750,0.467185415735121
"39066","20074.16",39066,73474543,0.501968355532688
"39067","20074.16",39067,73475286,0.846661424629402
"39068","20074.16",39068,73475492,-0.197704199017031
"39069","20074.16",39069,73475667,0.428251419991169
"39070","20074.16",39070,73476967,0.817156291336453
"39071","20074.16",39071,73478481,0.353276577625757
"39072","20074.16",39072,73480665,0.799380493528974
"39073","20074.16",39073,73481674,-0.962859319047588
"39074","20074.16",39074,73481732,-0.340144622870733
"39075","20074.16",39075,73481916,-0.376117701761051
"39076","20074.16",39076,73484534,-0.091872802362544
"39077","20074.16",39077,73484809,-0.185245176409466
"39078","20074.16",39078,73487532,-0.963838867597143
"39079","20074.16",39079,73489010,-1.31436582195746
"39080","20074.16",39080,73489033,0.372885809228463
"39081","20074.16",39081,73489591,-0.780954768916767
"39082","20074.16",39082,73498771,-0.392671937023042
"39083","20074.16",39083,73498929,0.0542397857769341
"39084","20074.16",39084,73498994,-0.508589787698458
"39085","20074.16",39085,73500604,-0.321188679670386
"39086","20074.16",39086,73500800,0.149010602032124
"39087","20074.16",39087,73501536,-0.14148920585566
"39088","20074.16",39088,73502246,-0.899074737288234
"39089","20074.16",39089,73503894,0.40398092886367
"39090","20074.16",39090,73506263,-0.51557430348803
"39091","20074.16",39091,73511618,-0.320234405496768
"39092","20074.16",39092,73513113,0.320254213598004
"39093","20074.16",39093,73513535,0.55067276324021
"39094","20074.16",39094,73513562,0.444340953338348
"39095","20074.16",39095,73516300,0.645329234758104
"39096","20074.16",39096,73519051,0.763613320323764
"39097","20074.16",39097,73519153,-0.886529229513964
"39098","20074.16",39098,73519267,0.254423808032981
"39099","20074.16",39099,73520460,-0.484019092915824
"39100","20074.16",39100,73524296,-0.3258289080854
"39101","20074.16",39101,73525237,-0.252595314800281
"39102","20074.16",39102,73525427,0.852689419220654
"39103","20074.16",39103,73526933,-0.345758732571912
"39104","20074.16",39104,73527930,-1.3662082221383
"39105","20074.16",39105,73528424,0.691450689870957
"39106","20074.16",39106,73528980,0.340803750032921
"39107","20074.16",39107,73532728,-0.94587332277344
"39108","20074.16",39108,73534883,-0.347398353871243
"39109","20074.16",39109,73535755,0.249914045528958
"39110","20074.16",39110,73536083,0.158295791135198
"39111","20074.16",39111,73536500,-0.140971805694798
"39112","20074.16",39112,73539381,-0.317198947005087
"39113","20074.16",39113,73539548,-0.00276774420628456
"39114","20074.16",39114,73541289,0.193797193688153
"39115","20074.16",39115,73542088,-0.906620294418508
"39116","20074.16",39116,73542120,0.473966932387571
"39117","20074.16",39117,73542760,0.999722472120815
"39118","20074.16",39118,73542956,-0.274729024819843
"39119","20074.16",39119,73544003,-0.235398063218186
"39120","20074.16",39120,73544257,-0.343480326544543
"39121","20074.16",39121,73545109,-0.16970835643467
"39122","20074.16",39122,73545424,-0.649113775601857
"39123","20074.16",39123,73545611,0.20810896442393
"39124","20074.16",39124,73545855,0.604421108660664
"39125","20074.16",39125,73545938,0.167105256793904
"39126","20074.16",39126,73550343,-0.282273524958747
"39127","20074.16",39127,73552807,0.83855094777565
"39128","20074.16",39128,73552951,0.11206359219983
"39129","20074.16",39129,73553380,0.766625387936982
"39130","20074.16",39130,73555110,-0.316207700995657
"39131","20074.16",39131,73556003,-0.426703652085619
"39132","20074.16",39132,73556224,0.503682815770166
"39133","20074.16",39133,73556890,0.568549235487949
"39134","20074.16",39134,73557062,0.794633809079099
"39135","20074.16",39135,73559357,0.367467477408566
"39136","20074.16",39136,73559454,0.888491609676005
"39137","20074.16",39137,73559951,-0.243817476675799
"39138","20074.16",39138,73560998,-0.0983141230207432
"39139","20074.16",39139,73562591,0.277644601111082
"39140","20074.16",39140,73562963,0.56964137974252
"39141","20074.16",39141,73563486,0.0159298001153703
"39142","20074.16",39142,73563588,1.0595547051016
"39143","20074.16",39143,73563642,0.68307196137346
"39144","20074.16",39144,73565121,-0.531689558239815
"39145","20074.16",39145,73565156,0.232471188063611
"39146","20074.16",39146,73565299,-0.0569074750916361
"39147","20074.16",39147,73566525,-0.435135439919806
"39148","20074.16",39148,73567476,0.175863433967016
"39149","20074.16",39149,73567549,-0.46456048652689
"39150","20074.16",39150,73567964,0.523880611490605
"39151","20074.16",39151,73571673,0.234286549816819
"39152","20074.16",39152,73571789,-0.849417740051982
"39153","20074.16",39153,73573220,-0.531036837896113
"39154","20074.16",39154,73574454,-0.0915463905860223
"39155","20074.16",39155,73575120,0.533109736288487
"39156","20074.16",39156,73576077,-0.44975530257447
"39157","20074.16",39157,73576313,-0.553240288383146
"39158","20074.16",39158,73580541,0.156142963694491
"39159","20074.16",39159,73581058,0.426857597207918
"39160","20074.16",39160,73581550,-0.184490346211825
"39161","20074.16",39161,73586148,0.61877508231811
"39162","20074.16",39162,73587316,-0.351106974738875
"39163","20074.16",39163,73587336,0.269584682376483
"39164","20074.16",39164,73587808,0.324431539831539
"39165","20074.16",39165,73588857,0.215488038110552
"39166","20074.16",39166,73589362,-0.508250313923558
"39167","20074.16",39167,73593938,0.783967014385444
"39168","20074.16",39168,73594219,0.0641866157562454
"39169","20074.16",39169,73594403,-0.539422336842688
"39170","20074.16",39170,73594403,0.0548860886045457
"39171","20074.16",39171,73594600,-0.93095387924231
"39172","20074.16",39172,73598082,-0.378287028647953
"39173","20074.16",39173,73600421,-0.103482948680769
"39174","20074.16",39174,73600572,-0.0698214542628453
"39175","20074.16",39175,73601128,0.330146677228595
"39176","20074.16",39176,73602590,0.807079040101487
"39177","20074.16",39177,73602679,0.743481534660579
"39178","20074.16",39178,73602892,0.63705449688399
"39179","20074.16",39179,73602926,1.2552628219625
"39180","20074.16",39180,73603204,1.66108317652792
"39181","20074.16",39181,73603491,0.382061552995158
"39182","20074.16",39182,73609856,1.26768450022737
"39183","20074.16",39183,73610440,0.819124834998239
"39184","20074.16",39184,73610926,0.128610382191115
"39185","20074.16",39185,73610987,0.468834437896517
"39186","20074.16",39186,73611835,0.64377160152079
"39187","20074.16",39187,73612269,0.973374332892505
"39188","20074.16",39188,73612898,-0.629787495493822
"39189","20074.16",39189,73615876,-0.318384058136772
"39190","20074.16",39190,73617014,-0.0423806020124609
"39191","20074.16",39191,73617451,0.0350847239109191
"39192","20074.16",39192,73617569,0.602205808941348
"39193","20074.16",39193,73619711,-0.58299973311049
"39194","20074.16",39194,73621523,-0.600248005024083
"39195","20074.16",39195,73622644,0.123818131799703
"39196","20074.16",39196,73626192,0.257306103020571
"39197","20074.16",39197,73626325,-0.731738894931961
"39198","20074.16",39198,73627171,-0.141910965500882
"39199","20074.16",39199,73630375,-0.37732552641271
"39200","20074.16",39200,73635404,0.192953037082084
"39201","20074.16",39201,73637410,-0.679989234955481
"39202","20074.16",39202,73637587,0.0029372172723825
"39203","20074.16",39203,73637631,0.375031156699181
"39204","20074.16",39204,73638761,-0.444653131620265
"39205","20074.16",39205,73639443,0.438185754641679
"39206","20074.16",39206,73641621,0.373079553033159
"39207","20074.16",39207,73641655,0.529921604846472
"39208","20074.16",39208,73642528,-0.407947959924682
"39209","20074.16",39209,73642599,0.465253599967524
"39210","20074.16",39210,73642890,-0.433866387482575
"39211","20074.16",39211,73644464,1.52177233167783
"39212","20074.16",39212,73644744,0.0290152014058318
"39213","20074.16",39213,73644930,0.367891818011301
"39214","20074.16",39214,73645556,-0.0535886317438354
"39215","20074.16",39215,73647501,0.152068325820357
"39216","20074.16",39216,73648218,-0.70510770055765
"39217","20074.16",39217,73649506,0.350467134264496
"39218","20074.16",39218,73649695,0.621668912022655
"39219","20074.16",39219,73650364,0.1242253938941
"39220","20074.16",39220,73650853,0.510885661831987
"39221","20074.16",39221,73653046,-0.331527567599308
"39222","20074.16",39222,73654996,0.16377120086963
"39223","20074.16",39223,73655299,-0.672524533406913
"39224","20074.16",39224,73657591,0.458510119453034
"39225","20074.16",39225,73657933,0.301502467330502
"39226","20074.16",39226,73659567,-0.974427432511057
"39227","20074.16",39227,73667495,0.258445092657705
"39228","20074.16",39228,73669059,-0.966299295151244
"39229","20074.16",39229,73670069,0.0617996230354763
"39230","20074.16",39230,73670334,-0.00426803183032121
"39231","20074.16",39231,73672574,-0.402720289095578
"39232","20074.16",39232,73673334,0.342999753770431
"39233","20074.16",39233,73675784,0.612351737932058
"39234","20074.16",39234,73676052,-0.271497694797509
"39235","20074.16",39235,73676288,1.06748281972896
"39236","20074.16",39236,73676592,-0.0641443333374765
"39237","20074.16",39237,73676742,0.785789291997527
"39238","20074.16",39238,73683221,0.566462025065639
"39239","20074.16",39239,73686355,-0.343787431098597
"39240","20074.16",39240,73689799,0.539504410685232
"39241","20074.16",39241,73689811,0.731532266601174
"39242","20074.16",39242,73691615,0.050076689650294
"39243","20074.16",39243,73692268,-0.0597909326375152
"39244","20074.16",39244,73692992,-0.5247183129871
"39245","20074.16",39245,73693436,0.0742725964435538
"39246","20074.16",39246,73695971,-0.0994692530617085
"39247","20074.16",39247,73696079,-0.131278968606626
"39248","20074.16",39248,73696273,-0.370901927819812
"39249","20074.16",39249,73701644,-0.272252890995703
"39250","20074.16",39250,73701783,-0.0908399745542345
"39251","20074.16",39251,73702009,0.308109210270378
"39252","20074.16",39252,73702024,0.310484698967914
"39253","20074.16",39253,73702167,0.585059189651074
"39254","20074.16",39254,73702688,-0.94703381829407
"39255","20074.16",39255,73704271,0.431177934723862
"39256","20074.16",39256,73704462,1.16247154679977
"39257","20074.16",39257,73704654,-0.050971540120238
"39258","20074.16",39258,73705580,0.153611045225265
"39259","20074.16",39259,73705671,-0.129063473597956
"39260","20074.16",39260,73705780,-0.0795355907623625
"39261","20074.16",39261,73706848,-0.450847371798977
"39262","20074.16",39262,73708392,0.451481472806747
"39263","20074.16",39263,73708508,-0.713145920317755
"39264","20074.16",39264,73708524,0.488929370708447
"39265","20074.16",39265,73711687,0.0484996960863855
"39266","20074.16",39266,73712092,1.09135552015453
"39267","20074.16",39267,73713683,-0.577791720969102
"39268","20074.16",39268,73713944,0.510065934693677
"39269","20074.16",39269,73717000,1.4428651549443
"39270","20074.16",39270,73717110,-0.116268919820642
"39271","20074.16",39271,73718134,-0.202714217254229
"39272","20074.16",39272,73718368,0.482593930444556
"39273","20074.16",39273,73719764,-0.0434600180774209
"39274","20074.16",39274,73720865,-0.248370448274628
"39275","20074.16",39275,73722435,-0.89707016409535
"39276","20074.16",39276,73723653,0.929411241008418
"39277","20074.16",39277,73724195,-0.598276576677075
"39278","20074.16",39278,73724234,1.0684920043033
"39279","20074.16",39279,73725652,0.105133314392772
"39280","20074.16",39280,73725792,-0.56689104626157
"39281","20074.16",39281,73725848,0.245940641805391
"39282","20074.16",39282,73726871,-0.471775293609643
"39283","20074.16",39283,73728620,0.0429582814442586
"39284","20074.16",39284,73729909,0.0783100403095336
"39285","20074.16",39285,73730384,0.868669313530753
"39286","20074.16",39286,73730612,0.471955133021779
"39287","20074.16",39287,73732309,-0.427357079920163
"39288","20074.16",39288,73732603,-0.111468778740771
"39289","20074.16",39289,73735142,-0.143566120767267
"39290","20074.16",39290,73736175,-1.08168152669409
"39291","20074.16",39291,73738444,0.998622672692954
"39292","20074.16",39292,73739117,0.62697552191826
"39293","20074.16",39293,73739488,0.628884588984742
"39294","20074.16",39294,73739505,0.640695384199609
"39295","20074.16",39295,73741216,0.245316170158795
"39296","20074.16",39296,73744199,0.445707218046508
"39297","20074.16",39297,73744419,-1.10371166399604
"39298","20074.16",39298,73745983,-0.205361309648136
"39299","20074.16",39299,73746804,0.0190642036266082
"39300","20074.16",39300,73747883,0.911235514918238
"39301","20074.16",39301,73748013,-1.21889273450731
"39302","20074.16",39302,73748770,-0.287967041265567
"39303","20074.16",39303,73748894,0.723167594919745
"39304","20074.16",39304,73749154,0.172326798497034
"39305","20074.16",39305,73749995,0.60486048358263
"39306","20074.16",39306,73750316,0.215664320393389
"39307","20074.16",39307,73750428,-0.443741799129465
"39308","20074.16",39308,73751420,1.17782407880319
"39309","20074.16",39309,73751546,-0.61570569427877
"39310","20074.16",39310,73751723,0.299979138997174
"39311","20074.16",39311,73751730,0.724000585518815
"39312","20074.16",39312,73751886,0.428659251184587
"39313","20074.16",39313,73752982,-0.155006228848062
"39314","20074.16",39314,73753033,0.813429430158215
"39315","20074.16",39315,73753179,0.867448520127344
"39316","20074.16",39316,73753290,0.233078737887454
"39317","20074.16",39317,73753497,-0.509353918725221
"39318","20074.16",39318,73754334,0.653417827456251
"39319","20074.16",39319,73754653,-0.124513532650166
"39320","20074.16",39320,73755387,-0.230143175201947
"39321","20074.16",39321,73758522,0.491210208205868
"39322","20074.16",39322,73759521,0.277205188760917
"39323","20074.16",39323,73759730,0.19330192001963
"39324","20074.16",39324,73760142,0.247468581238235
"39325","20074.16",39325,73760499,-0.018780787839237
"39326","20074.16",39326,73761421,1.11534516657633
"39327","20074.16",39327,73762338,1.24333210904029
"39328","20074.16",39328,73762371,0.669340392808746
"39329","20074.16",39329,73762454,0.299272220317472
"39330","20074.16",39330,73762557,0.408319534944904
"39331","20074.16",39331,73765256,-1.59960955061586
"39332","20074.16",39332,73765435,0.285231771540919
"39333","20074.16",39333,73768384,-0.0102073748280667
"39334","20074.16",39334,73768974,0.251603200181054
"39335","20074.16",39335,73769505,0.133228772503296
"39336","20074.16",39336,73769663,0.327907162078639
"39337","20074.16",39337,73769676,-0.239427799842231
"39338","20074.16",39338,73770635,0.18612399501719
"39339","20074.16",39339,73772121,0.075687663655116
"39340","20074.16",39340,73772290,0.163132875153229
"39341","20074.16",39341,73773098,-0.131666050553891
"39342","20074.16",39342,73774002,-0.567412388931355
"39343","20074.16",39343,73774041,0.0577905425801584
"39344","20074.16",39344,73774087,0.698417455517833
"39345","20074.16",39345,73774125,-0.219479767427205
"39346","20074.16",39346,73774137,0.422328910161831
"39347","20074.16",39347,73774183,0.444946038113359
"39348","20074.16",39348,73774509,-0.00578440164464578
"39349","20074.16",39349,73774855,0.0659929238337789
"39350","20074.16",39350,73775788,-0.155703198936711
"39351","20074.16",39351,73776297,-0.1748549613575
"39352","20074.16",39352,73778164,-0.78440866215562
"39353","20074.16",39353,73778424,0.285047270290661
"39354","20074.16",39354,73781884,-0.200610291176816
"39355","20074.16",39355,73782031,-0.952741776926225
"39356","20074.16",39356,73782194,0.718705133590455
"39357","20074.16",39357,73782596,0.559842615001201
"39358","20074.16",39358,73783032,0.251331397637785
"39359","20074.16",39359,73784130,-0.690040884336655
"39360","20074.16",39360,73784416,0.268977547700396
"39361","20074.16",39361,73784722,-0.494240078760185
"39362","20074.16",39362,73784884,-0.919644997727407
"39363","20074.16",39363,73785611,0.614798701316322
"39364","20074.16",39364,73785861,0.201409588718555
"39365","20074.16",39365,73786023,-0.14530469385643
"39366","20074.16",39366,73786038,0.233358115981869
"39367","20074.16",39367,73786775,0.213395713041962
"39368","20074.16",39368,73786790,0.191812722342219
"39369","20074.16",39369,73787126,0.0602673939634455
"39370","20074.16",39370,73788366,0.739193026100295
"39371","20074.16",39371,73788946,-0.95692049215755
"39372","20074.16",39372,73789154,-0.470623159981626
"39373","20074.16",39373,73796437,-0.620324327309298
"39374","20074.16",39374,73797008,0.0724781775448458
"39375","20074.16",39375,73798539,0.508208807720444
"39376","20074.16",39376,73803955,-0.287159660266142
"39377","20074.16",39377,73804322,0.546691115404212
"39378","20074.16",39378,73805390,-0.10950737357312
"39379","20074.16",39379,73805749,-0.485728618605211
"39380","20074.16",39380,73806439,0.309633057566953
"39381","20074.16",39381,73806552,-0.578509197364681
"39382","20074.16",39382,73806727,0.540087499237861
"39383","20074.16",39383,73807067,-0.278005785500897
"39384","20074.16",39384,73807291,-0.264412451139072
"39385","20074.16",39385,73808553,0.487004410967624
"39386","20074.16",39386,73808582,0.444750815319035
"39387","20074.16",39387,73809209,0.0498827529082773
"39388","20074.16",39388,73809928,0.370017754758179
"39389","20074.16",39389,73810454,-0.268575476770543
"39390","20074.16",39390,73812919,-0.0934745355031295
"39391","20074.16",39391,73813066,0.612239155747987
"39392","20074.16",39392,73813611,0.0224023908023998
"39393","20074.16",39393,73814751,-0.0208693840775789
"39394","20074.16",39394,73814971,0.333969511936021
"39395","20074.16",39395,73815324,-0.26606838432761
"39396","20074.16",39396,73815361,0.837931004025282
"39397","20074.16",39397,73816014,0.0931271546953534
"39398","20074.16",39398,73816034,0.256323770136311
"39399","20074.16",39399,73816121,0.147027473453276
"39400","20074.16",39400,73816170,0.67224150136381
"39401","20074.16",39401,73816322,0.306496432245196
"39402","20074.16",39402,73817811,-0.59144370110205
"39403","20074.16",39403,73817834,-0.299993463812921
"39404","20074.16",39404,73817966,0.297122925433436
"39405","20074.16",39405,73820205,0.178895317164831
"39406","20074.16",39406,73820253,-0.0875869366316477
"39407","20074.16",39407,73820809,0.299228157814171
"39408","20074.16",39408,73820925,0.304132796391452
"39409","20074.16",39409,73821805,1.05625648302696
"39410","20074.16",39410,73822554,0.546639162276798
"39411","20074.16",39411,73822930,0.235604267641962
"39412","20074.16",39412,73826449,0.860765710100918
"39413","20074.16",39413,73827057,-0.494359279488298
"39414","20074.16",39414,73827244,-0.476566156535365
"39415","20074.16",39415,73827318,1.00489754216824
"39416","20074.16",39416,73827463,0.369323196653123
"39417","20074.16",39417,73828760,0.281681659497946
"39418","20074.16",39418,73828963,0.10537293173329
"39419","20074.16",39419,73829111,-0.0600131515765785
"39420","20074.16",39420,73830364,-0.23248971606606
"39421","20074.16",39421,73830437,-0.551080264027422
"39422","20074.16",39422,73831242,0.463945963003188
"39423","20074.16",39423,73831313,0.422297002917197
"39424","20074.16",39424,73831516,0.432326838668513
"39425","20074.16",39425,73831617,0.664621976692161
"39426","20074.16",39426,73832148,0.318984145338024
"39427","20074.16",39427,73832216,0.298245807047063
"39428","20074.16",39428,73835171,0.0288477093627648
"39429","20074.16",39429,73835699,0.273621674068353
"39430","20074.16",39430,73838167,0.186038674273795
"39431","20074.16",39431,73839796,0.429768324691634
"39432","20074.16",39432,73840546,-0.622608364384376
"39433","20074.16",39433,73843476,0.168128038341681
"39434","20074.16",39434,73843806,0.13885095524562
"39435","20074.16",39435,73843931,0.687969740132336
"39436","20074.16",39436,73845785,-0.777679551242662
"39437","20074.16",39437,73849226,-0.385056858164585
"39438","20074.16",39438,73849422,0.557955369218821
"39439","20074.16",39439,73851342,-0.946815675697066
"39440","20074.16",39440,73851445,-0.736907800905636
"39441","20074.16",39441,73851691,-0.192130637160229
"39442","20074.16",39442,73852151,0.418369713555335
"39443","20074.16",39443,73853094,-0.145874927761614
"39444","20074.16",39444,73855723,0.875077229560762
"39445","20074.16",39445,73855907,0.643532930529457
"39446","20074.16",39446,73856031,0.753815422215006
"39447","20074.16",39447,73856502,-0.136599509918558
"39448","20074.16",39448,73856545,0.162237880623566
"39449","20074.16",39449,73857594,0.142338693375853
"39450","20074.16",39450,73857768,-1.46399971926721
"39451","20074.16",39451,73857956,0.698331084762446
"39452","20074.16",39452,73866099,-0.99829461824723
"39453","20074.16",39453,73866926,-0.713032150661115
"39454","20074.16",39454,73867002,-0.466929154459815
"39455","20074.16",39455,73867281,-0.527407659701071
"39456","20074.16",39456,73867847,0.277118752372796
"39457","20074.16",39457,73870080,-0.103427880279575
"39458","20074.16",39458,73871628,-0.140580712422424
"39459","20074.16",39459,73872521,-0.117152510581546
"39460","20074.16",39460,73874182,-0.54652980680159
"39461","20074.16",39461,73874629,0.595716074231526
"39462","20074.16",39462,73875758,0.522755500503108
"39463","20074.16",39463,73875786,0.92758612838093
"39464","20074.16",39464,73878946,-0.938316321228103
"39465","20074.16",39465,73879176,0.249069412163982
"39466","20074.16",39466,73882647,0.2823348977264
"39467","20074.16",39467,73883003,0.560874007088452
"39468","20074.16",39468,73885149,0.235971768446718
"39469","20074.16",39469,73885920,-0.0609666421891735
"39470","20074.16",39470,73886338,0.354844658492751
"39471","20074.16",39471,73886915,0.0204480960397637
"39472","20074.16",39472,73888597,-0.246900985465025
"39473","20074.16",39473,73889280,-0.378903638964295
"39474","20074.16",39474,73889299,-0.387772200679299
"39475","20074.16",39475,73889464,0.924989624922355
"39476","20074.16",39476,73889953,-1.79807480241485
"39477","20074.16",39477,73890910,0.219133352905403
"39478","20074.16",39478,73894476,0.610497865524533
"39479","20074.16",39479,73894616,-0.449774047381991
"39480","20074.16",39480,73895479,-0.507542276506
"39481","20074.16",39481,73896069,0.20719740334961
"39482","20074.16",39482,73897942,0.395414127062362
"39483","20074.16",39483,73899352,0.49072669327107
"39484","20074.16",39484,73899435,0.47463269373625
"39485","20074.16",39485,73900552,-0.362593438714178
"39486","20074.16",39486,73902037,0.0888927829907535
"39487","20074.16",39487,73902137,0.432230098612943
"39488","20074.16",39488,73908059,0.163295169251562
"39489","20074.16",39489,73908338,0.0253498565577406
"39490","20074.16",39490,73908795,-0.120361780766436
"39491","20074.16",39491,73909507,-0.146684955984409
"39492","20074.16",39492,73909650,0.908649519963162
"39493","20074.16",39493,73910824,-0.72258619203719
"39494","20074.16",39494,73911214,-0.245566902001271
"39495","20074.16",39495,73914812,0.478735678391138
"39496","20074.16",39496,73915110,-0.489722968292035
"39497","20074.16",39497,73918076,0.679828028003658
"39498","20074.16",39498,73920899,-0.963667503231367
"39499","20074.16",39499,73922157,0.274149689061013
"39500","20074.16",39500,73926498,-0.238226519177624
"39501","20074.16",39501,73932916,0.660484943212867
"39502","20074.16",39502,73937406,-0.61910737879856
"39503","20074.16",39503,73945076,0.438624581544594
"39504","20074.16",39504,73950557,-0.147774363590414
"39505","20074.16",39505,73950998,-0.886334044754497
"39506","20074.16",39506,73951585,-0.250527218911469
"39507","20074.16",39507,73952216,-0.532232775455236
"39508","20074.16",39508,73952469,0.216461435849253
"39509","20074.16",39509,73952495,0.500246187053322
"39510","20074.16",39510,73955911,0.769031182377373
"39511","20074.16",39511,73956334,-0.442120976450488
"39512","20074.16",39512,73956774,0.109613350847445
"39513","20074.16",39513,73961661,-0.194884505737478
"39514","20074.16",39514,73963311,-0.615856020028313
"39515","20074.16",39515,73964365,-0.204803138303351
"39516","20074.16",39516,73964908,-1.10156740830946
"39517","20074.16",39517,73964938,0.152047018395678
"39518","20074.16",39518,73966771,-4.15832237889257
"39519","20074.16",39519,73969476,0.577531898418184
"39520","20074.16",39520,73970673,0.264708536504865
"39521","20074.16",39521,73971220,-0.548124983923968
"39522","20074.16",39522,73972211,-0.898212461775658
"39523","20074.16",39523,73975812,-0.465785104523942
"39524","20074.16",39524,73976023,0.330697859335452
"39525","20074.16",39525,73976130,0.331450718002341
"39526","20074.16",39526,73977279,1.37800208471621
"39527","20074.16",39527,73978798,-0.363753945482957
"39528","20074.16",39528,73984148,0.776474531831467
"39529","20074.16",39529,73985374,-0.0656325605778392
"39530","20074.16",39530,73986843,0.49278657278986
"39531","20074.16",39531,73990822,-0.0629537890573966
"39532","20074.16",39532,73991006,-0.175109725049534
"39533","20074.16",39533,73991630,-0.55785128877934
"39534","20074.16",39534,73993052,-0.564160192668759
"39535","20074.16",39535,73994360,-0.308797300876391
"39536","20074.16",39536,73994997,-0.101827108842502
"39537","20074.16",39537,73995739,-0.813464849911342
"39538","20074.16",39538,73996607,0.0634912032773576
"39539","20074.16",39539,73999064,0.189373201901821
"39540","20074.16",39540,73999358,-0.297302816460008
"39541","20074.16",39541,74000261,0.32628261459915
"39542","20074.16",39542,74003183,-0.146069788584716
"39543","20074.16",39543,74003603,-0.511474850272924
"39544","20074.16",39544,74005024,-0.245754841827346
"39545","20074.16",39545,74007156,0.349038546406059
"39546","20074.16",39546,74007220,-1.13765266108607
"39547","20074.16",39547,74007705,-0.402373922259242
"39548","20074.16",39548,74008486,-0.145324789246334
"39549","20074.16",39549,74011562,-0.0562205848121655
"39550","20074.16",39550,74013713,-0.360012532934329
"39551","20074.16",39551,74014772,0.20963227450252
"39552","20074.16",39552,74016354,0.114639429931224
"39553","20074.16",39553,74017426,0.0744241296633401
"39554","20074.16",39554,74017669,-0.325133990803079
"39555","20074.16",39555,74018254,-0.230654318546311
"39556","20074.16",39556,74019672,-0.00443952027517902
"39557","20074.16",39557,74019955,-0.188441495011626
"39558","20074.16",39558,74022542,-0.619916555605313
"39559","20074.16",39559,74024778,-0.230553929332351
"39560","20074.16",39560,74027248,0.00787134243449739
"39561","20074.16",39561,74028095,-0.201408778144983
"39562","20074.16",39562,74028268,-0.108812723287924
"39563","20074.16",39563,74028678,-0.0222197081148607
"39564","20074.16",39564,74029791,-0.698042516748984
"39565","20074.16",39565,74032227,0.37366208730644
"39566","20074.16",39566,74032686,0.346408343568936
"39567","20074.16",39567,74032786,-0.280491362316404
"39568","20074.16",39568,74033341,0.171997445771003
"39569","20074.16",39569,74037837,-0.225745883238836
"39570","20074.16",39570,74038044,0.360905802707722
"39571","20074.16",39571,74038934,-0.477466204095765
"39572","20074.16",39572,74040019,0.390719729528667
"39573","20074.16",39573,74044536,-0.280484240717879
"39574","20074.16",39574,74044681,-0.944746789164435
"39575","20074.16",39575,74045679,-0.222886295084093
"39576","20074.16",39576,74048103,0.330968460648458
"39577","20074.16",39577,74049725,-0.0139624669020133
"39578","20074.16",39578,74051882,-0.394827833229258
"39579","20074.16",39579,74053970,-0.381232790946117
"39580","20074.16",39580,74054669,-0.0401405427694677
"39581","20074.16",39581,74054910,-0.515744344032169
"39582","20074.16",39582,74055551,-0.258672138446688
"39583","20074.16",39583,74055564,-0.380095540987038
"39584","20074.16",39584,74059759,-1.00129336932353
"39585","20074.16",39585,74059771,0.149565396064641
"39586","20074.16",39586,74061144,0.665323829595654
"39587","20074.16",39587,74062096,0.863675992377936
"39588","20074.16",39588,74062203,0.00852959717955137
"39589","20074.16",39589,74062244,0.561742666564402
"39590","20074.16",39590,74062336,1.01831268326917
"39591","20074.16",39591,74063332,0.122583413917015
"39592","20074.16",39592,74063693,-0.439195963298055
"39593","20074.16",39593,74065126,-0.431401655467324
"39594","20074.16",39594,74070632,0.687201617724631
"39595","20074.16",39595,74073184,-0.095118281560242
"39596","20074.16",39596,74077319,0.473978733741128
"39597","20074.16",39597,74077735,0.535123125797866
"39598","20074.16",39598,74077935,-0.589280545001428
"39599","20074.16",39599,74078068,-0.677101028913315
"39600","20074.16",39600,74078834,-0.376892983786854
"39601","20074.16",39601,74079119,0.0112665872281985
"39602","20074.16",39602,74079369,0.206622606463307
"39603","20074.16",39603,74079569,-0.106928450902269
"39604","20074.16",39604,74080004,-0.355670299122025
"39605","20074.16",39605,74088091,-0.4029251387702
"39606","20074.16",39606,74088473,-0.0547361414833976
"39607","20074.16",39607,74089082,0.00659034945005477
"39608","20074.16",39608,74089485,0.81988585096348
"39609","20074.16",39609,74091061,0.654600684794048
"39610","20074.16",39610,74091120,-0.285849793575954
"39611","20074.16",39611,74096086,-0.703270446480643
"39612","20074.16",39612,74098974,0.177881779199687
"39613","20074.16",39613,74103414,-0.193902520644522
"39614","20074.16",39614,74106986,-1.03721621206124
"39615","20074.16",39615,74107201,0.283483566754584
"39616","20074.16",39616,74107517,-0.721580966114267
"39617","20074.16",39617,74107777,-0.0485543491224636
"39618","20074.16",39618,74107877,0.414539690387756
"39619","20074.16",39619,74109824,0.488840128096139
"39620","20074.16",39620,74110173,0.453489727282618
"39621","20074.16",39621,74112838,0.140602243168724
"39622","20074.16",39622,74113584,-0.697089598224738
"39623","20074.16",39623,74116727,0.698736157874953
"39624","20074.16",39624,74122735,-1.29180298574227
"39625","20074.16",39625,74122977,-0.50014253548582
"39626","20074.16",39626,74123377,-1.02535495836519
"39627","20074.16",39627,74127283,0.443638380109083
"39628","20074.16",39628,74129156,0.884557472507656
"39629","20074.16",39629,74129806,-0.102504007386865
"39630","20074.16",39630,74130605,-0.449960175607468
"39631","20074.16",39631,74131402,0.370374714404654
"39632","20074.16",39632,74133697,-0.814595216671372
"39633","20074.16",39633,74134311,1.21481946037274
"39634","20074.16",39634,74136110,-0.955524091821243
"39635","20074.16",39635,74136624,0.554445361538032
"39636","20074.16",39636,74141643,0.047350368770064
"39637","20074.16",39637,74141811,-1.14129214375969
"39638","20074.16",39638,74150229,-0.119053616121539
"39639","20074.16",39639,74150910,1.06923504151625
"39640","20074.16",39640,74151846,-0.690545651837144
"39641","20074.16",39641,74152789,-1.45207264698175
"39642","20074.16",39642,74155849,-0.265076933138676
"39643","20074.16",39643,74159493,-0.115834488182007
"39644","20074.16",39644,74168900,-0.0371105488061172
"39645","20074.16",39645,74169321,0.339540285217015
"39646","20074.16",39646,74169656,0.307759256031983
"39647","20074.16",39647,74170271,1.0239367667012
"39648","20074.16",39648,74170409,-0.1938880076072
"39649","20074.16",39649,74171973,0.390971391897417
"39650","20074.16",39650,74173031,0.064408784635896
"39651","20074.16",39651,74173179,0.520747519167663
"39652","20074.16",39652,74175779,0.151637578290307
"39653","20074.16",39653,74175786,-0.725406229926906
"39654","20074.16",39654,74176201,0.222510314947415
"39655","20074.16",39655,74176436,-0.939504235390771
"39656","20074.16",39656,74178295,0.190204181517748
"39657","20074.16",39657,74179928,1.32356758227286
"39658","20074.16",39658,74180094,0.200232995129282
"39659","20074.16",39659,74180161,-0.101307190846541
"39660","20074.16",39660,74182075,0.217976514196308
"39661","20074.16",39661,74183197,0.832488655600117
"39662","20074.16",39662,74188320,0.364785046961376
"39663","20074.16",39663,74188334,-0.539091267133823
"39664","20074.16",39664,74188790,-1.02333674188827
"39665","20074.16",39665,74189714,0.453668658593329
"39666","20074.16",39666,74191054,-0.448001406777611
"39667","20074.16",39667,74192154,0.192719394870056
"39668","20074.16",39668,74196413,-0.649946711515137
"39669","20074.16",39669,74199587,-0.402597029034128
"39670","20074.16",39670,74200316,-0.50472877986183
"39671","20074.16",39671,74200399,0.636137871997946
"39672","20074.16",39672,74200974,0.0543648662043585
"39673","20074.16",39673,74201255,-0.673801765204645
"39674","20074.16",39674,74205686,-0.828821745626226
"39675","20074.16",39675,74206062,-0.133651584495397
"39676","20074.16",39676,74212290,-0.285459655845911
"39677","20074.16",39677,74213234,-0.405351776576757
"39678","20074.16",39678,74214158,-0.87588007497222
"39679","20074.16",39679,74217494,0.144266010552314
"39680","20074.16",39680,74218281,-0.414276888708215
"39681","20074.16",39681,74219964,-0.017981510803371
"39682","20074.16",39682,74219989,0.611352104678924
"39683","20074.16",39683,74224879,-0.0334360557876199
"39684","20074.16",39684,74225214,-0.641346656172772
"39685","20074.16",39685,74228803,0.211475435700022
"39686","20074.16",39686,74229153,-0.14592235489169
"39687","20074.16",39687,74231234,-0.0858364533094944
"39688","20074.16",39688,74231832,0.183557504964096
"39689","20074.16",39689,74234557,0.830858680052049
"39690","20074.16",39690,74234969,-0.656296063169973
"39691","20074.16",39691,74240905,0.257671028411044
"39692","20074.16",39692,74241103,0.11467030582337
"39693","20074.16",39693,74241174,-0.228240083539534
"39694","20074.16",39694,74241237,0.407421143087576
"39695","20074.16",39695,74241277,-0.680389545751706
"39696","20074.16",39696,74244915,-0.413847442711489
"39697","20074.16",39697,74245502,-1.16468496242931
"39698","20074.16",39698,74247910,0.706329081567413
"39699","20074.16",39699,74248789,-0.388860896841156
"39700","20074.16",39700,74250253,1.47205484242168
"39701","20074.16",39701,74250703,-0.186639372562636
"39702","20074.16",39702,74253368,-0.111529972090342
"39703","20074.16",39703,74253383,0.00795436806824323
"39704","20074.16",39704,74253560,-0.910176807217981
"39705","20074.16",39705,74254366,-0.7228083640874
"39706","20074.16",39706,74254861,-1.09591422304164
"39707","20074.16",39707,74257651,0.1654293413852
"39708","20074.16",39708,74257766,-0.198665292056155
"39709","20074.16",39709,74258167,-0.142885535054961
"39710","20074.16",39710,74260823,-1.35537836235308
"39711","20074.16",39711,74261678,-0.586602469162251
"39712","20074.16",39712,74262348,0.204817610827925
"39713","20074.16",39713,74262619,-1.50473293937356
"39714","20074.16",39714,74263019,-0.00774819260257864
"39715","20074.16",39715,74267338,-1.64704637265091
"39716","20074.16",39716,74271656,0.418610131181322
"39717","20074.16",39717,74272424,-0.0122929919021271
"39718","20074.16",39718,74274292,0.803484258923548
"39719","20074.16",39719,74275972,-0.22967097077444
"39720","20074.16",39720,74280573,0.479039369424428
"39721","20074.16",39721,74282422,-0.126971298412976
"39722","20074.16",39722,74282536,-0.0717336732686604
"39723","20074.16",39723,74286017,0.0117294025774228
"39724","20074.16",39724,74286323,-0.899264869330893
"39725","20074.16",39725,74286577,-0.285601330905481
"39726","20074.16",39726,74286646,0.598506926183965
"39727","20074.16",39727,74290641,-0.137343912689944
"39728","20074.16",39728,74291752,-0.846842875767955
"39729","20074.16",39729,74292053,-0.567151118990812
"39730","20074.16",39730,74294538,0.484505981824046
"39731","20074.16",39731,74296356,-0.544232556832752
"39732","20074.16",39732,74297585,-0.852787407511563
"39733","20074.16",39733,74299047,-1.19592865489896
"39734","20074.16",39734,74299250,-0.00181501069799683
"39735","20074.16",39735,74301477,-0.212709040192505
"39736","20074.16",39736,74302032,-0.330849246323258
"39737","20074.16",39737,74302606,-0.562396580059178
"39738","20074.16",39738,74302727,0.0884581694017088
"39739","20074.16",39739,74303891,0.139362943484753
"39740","20074.16",39740,74304865,-0.144922415249163
"39741","20074.16",39741,74305033,-0.0928963903029407
"39742","20074.16",39742,74307492,-0.071664455055326
"39743","20074.16",39743,74310701,-0.313289721704355
"39744","20074.16",39744,74312044,0.245529659224489
"39745","20074.16",39745,74312160,-0.975694168823265
"39746","20074.16",39746,74312958,0.467513072917778
"39747","20074.16",39747,74313259,-0.0877449861839841
"39748","20074.16",39748,74314480,0.170448648991459
"39749","20074.16",39749,74315528,-0.241025887428915
"39750","20074.16",39750,74316132,-0.474976765732571
"39751","20074.16",39751,74321308,0.00909734524975736
"39752","20074.16",39752,74321842,-0.682396717231687
"39753","20074.16",39753,74323442,-0.674390079763287
"39754","20074.16",39754,74323940,-0.253207327538758
"39755","20074.16",39755,74325352,-0.630358249273483
"39756","20074.16",39756,74325744,-0.313340360425389
"39757","20074.16",39757,74332371,-0.116707186893963
"39758","20074.16",39758,74334247,0.64882781991377
"39759","20074.16",39759,74334893,0.339107358737382
"39760","20074.16",39760,74334908,-0.200028949524733
"39761","20074.16",39761,74334986,0.241914580616451
"39762","20074.16",39762,74335204,0.42465977745121
"39763","20074.16",39763,74337036,0.779826264591923
"39764","20074.16",39764,74337104,0.0829934494323572
"39765","20074.16",39765,74338536,-0.185831455310684
"39766","20074.16",39766,74339394,-0.923012744764478
"39767","20074.16",39767,74340431,0.720670059341551
"39768","20074.16",39768,74341361,-0.305070623165758
"39769","20074.16",39769,74341902,-0.241808815676935
"39770","20074.16",39770,74348448,0.382385228016379
"39771","20074.16",39771,74349043,-0.160194942109696
"39772","20074.16",39772,74349345,0.191076690613512
"39773","20074.16",39773,74350770,-0.0230901044058074
"39774","20074.16",39774,74355113,-0.110131336672896
"39775","20074.16",39775,74355681,-0.957999176360974
"39776","20074.16",39776,74356247,-0.118309916255839
"39777","20074.16",39777,74359506,-0.455316537781916
"39778","20074.16",39778,74359879,0.356813672438167
"39779","20074.16",39779,74364024,-0.91705022866606
"39780","20074.16",39780,74364850,-0.1103888694852
"39781","20074.16",39781,74368692,-0.426982443728163
"39782","20074.16",39782,74369532,-0.315749741359429
"39783","20074.16",39783,74379973,-0.237630859814217
"39784","20074.16",39784,74384259,-0.014526351047861
"39785","20074.16",39785,74396292,0.207768193275577
"39786","20074.16",39786,74397059,0.411060008376317
"39787","20074.16",39787,74397988,-0.0319538169791578
"39788","20074.16",39788,74398030,-0.283322707998108
"39789","20074.16",39789,74405192,-0.426029076807834
"39790","20074.16",39790,74407013,-0.219699140378293
"39791","20074.16",39791,74407124,0.744658726492857
"39792","20074.16",39792,74407380,0.249593050458121
"39793","20074.16",39793,74452037,-0.056255634024243
"39794","20074.16",39794,74456602,0.472323936334846
"39795","20074.16",39795,74465396,0.0154564388456402
"39796","20074.16",39796,74465514,-1.03766864904452
"39797","20074.16",39797,74466566,-0.296929157471608
"39798","20074.16",39798,74466811,-0.79079650824024
"39799","20074.16",39799,74466836,-0.199290657174568
"39800","20074.16",39800,74466906,0.0951669265487363
"39801","20074.16",39801,74466960,0.498805955795336
"39802","20074.16",39802,74467112,-0.90447659798461
"39803","20074.16",39803,74467693,-0.740585577026833
"39804","20074.16",39804,74471420,-0.0315157731456894
"39805","20074.16",39805,74472461,0.329995297508979
"39806","20074.16",39806,74472584,0.643160207224512
"39807","20074.16",39807,74472696,0.987871798726416
"39808","20074.16",39808,74472859,-0.00290668811930406
"39809","20074.16",39809,74473217,-0.159938588589775
"39810","20074.16",39810,74473842,-0.261272393059792
"39811","20074.16",39811,74473988,-1.52208746858429
"39812","20074.16",39812,74475491,-0.030768601866332
"39813","20074.16",39813,74480660,0.928590084286136
"39814","20074.16",39814,74480694,0.545778057709179
"39815","20074.16",39815,74481251,-0.316245190354394
"39816","20074.16",39816,74481578,-0.0635178776694687
"39817","20074.16",39817,74482053,0.300484222253993
"39818","20074.16",39818,74482388,0.55711063567582
"39819","20074.16",39819,74483071,0.130413334650455
"39820","20074.16",39820,74483649,0.890973852265387
"39821","20074.16",39821,74485529,-0.479373198344422
"39822","20074.16",39822,74489270,0.919358311030527
"39823","20074.16",39823,74489732,0.890649639158636
"39824","20074.16",39824,74490850,-0.773147918419762
"39825","20074.16",39825,74496459,0.192279777033933
"39826","20074.16",39826,74498398,0.162478825972606
"39827","20074.16",39827,74499046,0.462916154390268
"39828","20074.16",39828,74500745,0.0181707878748751
"39829","20074.16",39829,74500888,-0.259730826860959
"39830","20074.16",39830,74501856,0.12042392216591
"39831","20074.16",39831,74502970,-0.607769653846714
"39832","20074.16",39832,74506052,0.318795369246238
"39833","20074.16",39833,74506378,-0.478568718553043
"39834","20074.16",39834,74506447,-0.184257206287051
"39835","20074.16",39835,74506524,0.365939661496241
"39836","20074.16",39836,74506615,-0.879631626447585
"39837","20074.16",39837,74506765,-0.0567973366689491
"39838","20074.16",39838,74506841,-0.643785095188044
"39839","20074.16",39839,74507057,0.240232069087194
"39840","20074.16",39840,74511292,0.0460003394780655
"39841","20074.16",39841,74512011,-0.0369303530382359
"39842","20074.16",39842,74512245,0.390164392559096
"39843","20074.16",39843,74513784,0.406363438098295
"39844","20074.16",39844,74515433,-0.00767276623867108
"39845","20074.16",39845,74517368,-0.462637493859094
"39846","20074.16",39846,74521170,0.0592289081608577
"39847","20074.16",39847,74522879,-0.37606925492524
"39848","20074.16",39848,74523739,0.353192274103336
"39849","20074.16",39849,74524112,-0.4783067182325
"39850","20074.16",39850,74524915,-0.301192679907579
"39851","20074.16",39851,74530506,-0.472029358808164
"39852","20074.16",39852,74534954,0.123256148612596
"39853","20074.16",39853,74538728,-0.387343355894815
"39854","20074.16",39854,74539016,0.487137757111967
"39855","20074.16",39855,74541157,-0.256388882671886
"39856","20074.16",39856,74541967,0.0555066490532745
"39857","20074.16",39857,74544425,0.653529310769616
"39858","20074.16",39858,74544561,-0.184495224196609
"39859","20074.16",39859,74544910,-0.877565386722281
"39860","20074.16",39860,74545249,0.0486498169083056
"39861","20074.16",39861,74546991,0.120006209626436
"39862","20074.16",39862,74548361,-1.19454067479634
"39863","20074.16",39863,74548643,-1.57844057240994
"39864","20074.16",39864,74553501,0.677056704830899
"39865","20074.16",39865,74553549,0.475169369580624
"39866","20074.16",39866,74554197,-0.31503903096886
"39867","20074.16",39867,74574805,-0.153278144159713
"39868","20074.16",39868,74575617,0.483019995549859
"39869","20074.16",39869,74577146,0.186001629972973
"39870","20074.16",39870,74577161,0.370483345671873
"39871","20074.16",39871,74578110,0.761330767637344
"39872","20074.16",39872,74578540,0.661576745051222
"39873","20074.16",39873,74580055,1.02298653176865
"39874","20074.16",39874,74580073,0.253698869888393
"39875","20074.16",39875,74594060,-0.385204145626519
"39876","20074.16",39876,74594595,-0.0346986543568866
"39877","20074.16",39877,74594918,-0.084349974700535
"39878","20074.16",39878,74595649,-0.0100485658895932
"39879","20074.16",39879,74598125,0.309268249174026
"39880","20074.16",39880,74598139,0.01705316739175
"39881","20074.16",39881,74605658,0.011094955553741
"39882","20074.16",39882,74607933,0.430491866964288
"39883","20074.16",39883,74609177,-0.676523883453618
"39884","20074.16",39884,74610882,0.0415817042008904
"39885","20074.16",39885,74612836,0.791929834383562
"39886","20074.16",39886,74612940,-0.433033228252172
"39887","20074.16",39887,74615909,0.895623556157902
"39888","20074.16",39888,74616094,-0.737965711518568
"39889","20074.16",39889,74620007,0.369976996758472
"39890","20074.16",39890,74626340,0.164895048510323
"39891","20074.16",39891,74627642,-0.156357421164877
"39892","20074.16",39892,74627711,-0.0735472545565905
"39893","20074.16",39893,74630689,-0.339336455951441
"39894","20074.16",39894,74630898,-1.10531852636805
"39895","20074.16",39895,74637636,0.352767139320179
"39896","20074.16",39896,74638159,0.475228994253151
"39897","20074.16",39897,74638333,-1.67280029511604
"39898","20074.16",39898,74641927,-0.00880092590245418
"39899","20074.16",39899,74642394,0.162110669425759
"39900","20074.16",39900,74645643,0.0245521165399367
"39901","20074.16",39901,74647795,0.309993442661084
"39902","20074.16",39902,74655385,-1.48217058390013
"39903","20074.16",39903,74658596,0.119916268619155
"39904","20074.16",39904,74661134,0.117311402892549
"39905","20074.16",39905,74662597,1.1036992018176
"39906","20074.16",39906,74664092,-0.868435212680214
"39907","20074.16",39907,74664725,-0.630783459676215
"39908","20074.16",39908,74664743,0.818773246463247
"39909","20074.16",39909,74665491,0.0620459182887831
"39910","20074.16",39910,74669642,0.266109113146286
"39911","20074.16",39911,74670285,-1.39370655648576
"39912","20074.16",39912,74670458,0.8151167073242
"39913","20074.16",39913,74672201,1.5346933714687
"39914","20074.16",39914,74672224,-0.177915040460472
"39915","20074.16",39915,74674007,-0.446760783421718
"39916","20074.16",39916,74677892,0.299316090967307
"39917","20074.16",39917,74678277,-0.013571962132306
"39918","20074.16",39918,74679244,-0.666357830964255
"39919","20074.16",39919,74679991,-0.162710198129071
"39920","20074.16",39920,74686690,-0.0782471274437064
"39921","20074.16",39921,74691264,0.111639851772771
"39922","20074.16",39922,74692453,-0.212371598623726
"39923","20074.16",39923,74695079,0.324357024222322
"39924","20074.16",39924,74695297,0.228046430295847
"39925","20074.16",39925,74701360,0.617978188585442
"39926","20074.16",39926,74705846,0.414257211566958
"39927","20074.16",39927,74706736,0.936836869742437
"39928","20074.16",39928,74707037,1.13755022757555
"39929","20074.16",39929,74713054,0.624255606047549
"39930","20074.16",39930,74713331,0.278232727069637
"39931","20074.16",39931,74713347,-0.24128737511929
"39932","20074.16",39932,74713903,-1.00425812969815
"39933","20074.16",39933,74714012,-0.10989660195315
"39934","20074.16",39934,74717582,0.532487317317185
"39935","20074.16",39935,74718256,-0.274108868750863
"39936","20074.16",39936,74719464,0.485932904088757
"39937","20074.16",39937,74722238,-0.794647495458433
"39938","20074.16",39938,74722876,-0.363771268432432
"39939","20074.16",39939,74722907,-0.415503194012492
"39940","20074.16",39940,74723707,0.0367326344578061
"39941","20074.16",39941,74724933,-0.115366654337834
"39942","20074.16",39942,74725539,-0.325421618759898
"39943","20074.16",39943,74727182,0.00685520276580753
"39944","20074.16",39944,74729615,-0.507479649369968
"39945","20074.16",39945,74730005,-0.196101760501784
"39946","20074.16",39946,74735695,0.506622680374931
"39947","20074.16",39947,74737643,0.267062729209841
"39948","20074.16",39948,74738266,-1.30769054983063
"39949","20074.16",39949,74741616,0.0192148296926584
"39950","20074.16",39950,74743736,0.372290022862283
"39951","20074.16",39951,74743912,0.3138520243071
"39952","20074.16",39952,74746715,0.162789232482067
"39953","20074.16",39953,74746957,0.479772851628364
"39954","20074.16",39954,74748721,-0.25563641579521
"39955","20074.16",39955,74750082,0.0378336266300829
"39956","20074.16",39956,74750142,0.260393678845065
"39957","20074.16",39957,74753299,-1.43744945412487
"39958","20074.16",39958,74753835,-0.18219187020718
"39959","20074.16",39959,74756983,-0.779154621781011
"39960","20074.16",39960,74757188,0.115940644406476
"39961","20074.16",39961,74759884,0.00918775735874622
"39962","20074.16",39962,74760867,-0.197926236009868
"39963","20074.16",39963,74762468,-0.109406434311532
"39964","20074.16",39964,74762558,-0.413558536059712
"39965","20074.16",39965,74763664,-0.259847863731139
"39966","20074.16",39966,74766144,-0.249863451575788
"39967","20074.16",39967,74766177,0.733554351985094
"39968","20074.16",39968,74767408,-0.00292591485304516
"39969","20074.16",39969,74767776,-0.453506973178526
"39970","20074.16",39970,74770705,-0.750920412549164
"39971","20074.16",39971,74771583,-0.556121616335208
"39972","20074.16",39972,74773464,-1.06827563927849
"39973","20074.16",39973,74778006,-0.9167629175818
"39974","20074.16",39974,74784319,0.123226102882313
"39975","20074.16",39975,74784554,-0.276464966167645
"39976","20074.16",39976,74784846,-1.76519768825387
"39977","20074.16",39977,74786101,0.0426116245626575
"39978","20074.16",39978,74786162,0.147718150263471
"39979","20074.16",39979,74786461,-0.381921905084056
"39980","20074.16",39980,74789017,0.102036957039053
"39981","20074.16",39981,74789687,-0.100864568573062
"39982","20074.16",39982,74791424,-0.52281029859887
"39983","20074.16",39983,74792770,0.271932316662832
"39984","20074.16",39984,74792859,0.504120701370414
"39985","20074.16",39985,74793644,-0.319826389718731
"39986","20074.16",39986,74793716,0.256382088413331
"39987","20074.16",39987,74793792,-0.207491291018956
"39988","20074.16",39988,74796297,1.12157391240423
"39989","20074.16",39989,74796334,0.752135256977597
"39990","20074.16",39990,74798451,-0.64607298550804
"39991","20074.16",39991,74803644,1.05328691441732
"39992","20074.16",39992,74804035,-0.359287037616162
"39993","20074.16",39993,74806368,0.585316748921927
"39994","20074.16",39994,74807433,-0.296907898392903
"39995","20074.16",39995,74807492,0.447776395923934
"39996","20074.16",39996,74811401,-0.60697901705139
"39997","20074.16",39997,74813733,-0.191469710500268
"39998","20074.16",39998,74816906,0.195343919874613
"39999","20074.16",39999,74819121,-0.525119005630679
"40000","20074.16",40000,74820071,0.132636905887434
"40001","20074.16",40001,74821475,0.0235165961159449
"40002","20074.16",40002,74822642,-0.744196945586804
"40003","20074.16",40003,74822934,-0.86809643099491
"40004","20074.16",40004,74823574,0.277599672279847
"40005","20074.16",40005,74827045,-0.200709180013398
"40006","20074.16",40006,74827544,0.210857069022145
"40007","20074.16",40007,74828989,-0.169101568509315
"40008","20074.16",40008,74829373,0.246835322974362
"40009","20074.16",40009,74829976,0.206109116860227
"40010","20074.16",40010,74830344,-0.486520268053962
"40011","20074.16",40011,74831292,0.586712455294278
"40012","20074.16",40012,74831992,-0.304686986470559
"40013","20074.16",40013,74839301,-0.290989172586644
"40014","20074.16",40014,74839520,0.177609948935907
"40015","20074.16",40015,74840166,-0.881853834246721
"40016","20074.16",40016,74841144,0.441714982199811
"40017","20074.16",40017,74843903,0.29452276205472
"40018","20074.16",40018,74846932,-0.711067355341727
"40019","20074.16",40019,74848056,-0.418580873679908
"40020","20074.16",40020,74849271,-0.172053438356979
"40021","20074.16",40021,74850912,-0.271791759579092
"40022","20074.16",40022,74857288,-0.127605141877098
"40023","20074.16",40023,74857552,-0.34694642583466
"40024","20074.16",40024,74859854,0.94451816117513
"40025","20074.16",40025,74860556,1.0857566706492
"40026","20074.16",40026,74860889,0.0699330511367204
"40027","20074.16",40027,74860912,0.473019579057518
"40028","20074.16",40028,74860935,0.222060180537929
"40029","20074.16",40029,74860979,0.685039870983597
"40030","20074.16",40030,74861095,0.231960241189429
"40031","20074.16",40031,74862004,-1.0452404896456
"40032","20074.16",40032,74866492,-0.211969193977388
"40033","20074.16",40033,74868327,0.460345956059807
"40034","20074.16",40034,74868518,0.129074803373052
"40035","20074.16",40035,74868808,0.29946601530517
"40036","20074.16",40036,74869353,0.241855010172968
"40037","20074.16",40037,74869638,-0.540447502877226
"40038","20074.16",40038,74869794,-0.152379567293581
"40039","20074.16",40039,74875899,-0.353253054217551
"40040","20074.16",40040,74876349,0.97309404959594
"40041","20074.16",40041,74881266,0.0324504737874518
"40042","20074.16",40042,74881820,0.705818161418088
"40043","20074.16",40043,74882639,-0.982659020883319
"40044","20074.16",40044,74883074,0.714092330390053
"40045","20074.16",40045,74883921,0.191101979094862
"40046","20074.16",40046,74883948,0.510198676290563
"40047","20074.16",40047,74884070,-0.132702447583567
"40048","20074.16",40048,74884173,0.743257800197289
"40049","20074.16",40049,74884658,0.118973275738346
"40050","20074.16",40050,74884703,-0.141386707694044
"40051","20074.16",40051,74885431,0.584428257841108
"40052","20074.16",40052,74885566,0.667983510516158
"40053","20074.16",40053,74885720,0.788252399872076
"40054","20074.16",40054,74887072,-0.597448786063226
"40055","20074.16",40055,74887773,-0.643603206564335
"40056","20074.16",40056,74894315,-0.224843260377984
"40057","20074.16",40057,74895060,-1.01436505944196
"40058","20074.16",40058,74895876,0.0298979906558072
"40059","20074.16",40059,74897248,0.328756388740048
"40060","20074.16",40060,74899929,-1.23374386076116
"40061","20074.16",40061,74900705,-1.60998987476298
"40062","20074.16",40062,74903503,-0.277882883537327
"40063","20074.16",40063,74906529,0.624430026634385
"40064","20074.16",40064,74906618,0.233170891915554
"40065","20074.16",40065,74907324,-0.69543003547012
"40066","20074.16",40066,74907342,-0.171658922702466
"40067","20074.16",40067,74907391,-0.70294529191724
"40068","20074.16",40068,74907463,-0.202938154118567
"40069","20074.16",40069,74907650,-0.270696892227623
"40070","20074.16",40070,74911788,-0.256724457042903
"40071","20074.16",40071,74911896,-0.0446241724579304
"40072","20074.16",40072,74915140,0.704093174788215
"40073","20074.16",40073,74920191,0.0991020649064014
"40074","20074.16",40074,74920374,0.102768729376864
"40075","20074.16",40075,74920997,0.728060189631441
"40076","20074.16",40076,74921446,-0.229944390154646
"40077","20074.16",40077,74921661,0.0918200824804263
"40078","20074.16",40078,74921692,-0.249809568947323
"40079","20074.16",40079,74922448,0.251917079036153
"40080","20074.16",40080,74922483,0.305912563606404
"40081","20074.16",40081,74922526,0.880128232684867
"40082","20074.16",40082,74922857,-0.692653645024397
"40083","20074.16",40083,74923137,0.754186967618941
"40084","20074.16",40084,74923410,0.130757194055403
"40085","20074.16",40085,74923681,-0.285364630054119
"40086","20074.16",40086,74926520,1.07124928922216
"40087","20074.16",40087,74926722,0.175437371694122
"40088","20074.16",40088,74927202,-0.165010102692778
"40089","20074.16",40089,74927274,0.224304257358952
"40090","20074.16",40090,74928308,0.0664263026916618
"40091","20074.16",40091,74929473,-0.227591584597679
"40092","20074.16",40092,74933760,-0.88387222986821
"40093","20074.16",40093,74934182,-0.595691993237168
"40094","20074.16",40094,74934279,0.197929313192969
"40095","20074.16",40095,74935232,0.309536158036981
"40096","20074.16",40096,74935600,-0.192648801196407
"40097","20074.16",40097,74936031,0.349994023394738
"40098","20074.16",40098,74936308,-0.0448767610288616
"40099","20074.16",40099,74936451,-0.176810761502247
"40100","20074.16",40100,74937723,0.174807957511424
"40101","20074.16",40101,74937828,0.122714885172899
"40102","20074.16",40102,74938083,-0.195487574702002
"40103","20074.16",40103,74938743,-0.437087520799512
"40104","20074.16",40104,74938990,-0.389625133575212
"40105","20074.16",40105,74941054,-0.488238531160841
"40106","20074.16",40106,74941322,0.391835163573162
"40107","20074.16",40107,74941866,0.203374811513338
"40108","20074.16",40108,74944240,-0.536852433845636
"40109","20074.16",40109,74945173,1.13403164466423
"40110","20074.16",40110,74950196,0.778702513957639
"40111","20074.16",40111,74950469,0.254838035300595
"40112","20074.16",40112,74953140,0.60156139222789
"40113","20074.16",40113,74953152,0.03178321519934
"40114","20074.16",40114,74954266,-1.15694067398094
"40115","20074.16",40115,74954885,-0.287973362173807
"40116","20074.16",40116,74954897,0.94717972305253
"40117","20074.16",40117,74955879,-0.443079841444839
"40118","20074.16",40118,74956422,0.659937359085071
"40119","20074.16",40119,74963658,-1.2397339958321
"40120","20074.16",40120,74966688,0.26353198296768
"40121","20074.16",40121,74966742,0.353728804218261
"40122","20074.16",40122,74967310,-0.240545204540343
"40123","20074.16",40123,74967819,0.517512337896718
"40124","20074.16",40124,74968119,-0.015996108889146
"40125","20074.16",40125,74968366,-0.585150480615567
"40126","20074.16",40126,74971423,-0.360939759837586
"40127","20074.16",40127,74972173,-0.13292231078897
"40128","20074.16",40128,74974489,-0.291553250699423
"40129","20074.16",40129,74975623,0.516142621195091
"40130","20074.16",40130,74976486,-0.215319104465048
"40131","20074.16",40131,74977870,-0.0510608185513046
"40132","20074.16",40132,74980796,0.260450970508235
"40133","20074.16",40133,74980973,0.293802553493042
"40134","20074.16",40134,74985516,-0.484995567228301
"40135","20074.16",40135,74989083,-0.617092757362135
"40136","20074.16",40136,74989340,-0.29798095430368
"40137","20074.16",40137,74989467,0.438187572811827
"40138","20074.16",40138,74989488,0.81028699957118
"40139","20074.16",40139,74992664,0.305305071506209
"40140","20074.16",40140,74993203,0.860891951835812
"40141","20074.16",40141,74993403,0.359349678893151
"40142","20074.16",40142,74997192,1.34151976839912
"40143","20074.16",40143,74997298,0.237189565703527
"40144","20074.16",40144,74999855,0.264938105612981
"40145","20074.16",40145,75001356,-1.36963352329353
"40146","20074.16",40146,75001394,1.21401477042794
"40147","20074.16",40147,75002132,-0.906228911785943
"40148","20074.16",40148,75002203,0.0350289868158562
"40149","20074.16",40149,75003722,-0.199090147656703
"40150","20074.16",40150,75005917,0.330391653877483
"40151","20074.16",40151,75006813,0.0673559249218503
"40152","20074.16",40152,75008348,-0.393245603859537
"40153","20074.16",40153,75008444,-1.45813033382772
"40154","20074.16",40154,75012457,-0.357499741893894
"40155","20074.16",40155,75014160,-0.578119720245725
"40156","20074.16",40156,75018428,-0.273871447259442
"40157","20074.16",40157,75021493,-0.436904962590069
"40158","20074.16",40158,75025477,-0.817890488383298
"40159","20074.16",40159,75025548,-0.650872837474971
"40160","20074.16",40160,75027389,0.887423370992424
"40161","20074.16",40161,75028019,-0.0570208801761423
"40162","20074.16",40162,75036433,0.0485792535743395
"40163","20074.16",40163,75038819,-0.406504604345488
"40164","20074.16",40164,75038955,-1.14621988830867
"40165","20074.16",40165,75040275,-1.11167770060941
"40166","20074.16",40166,75040328,1.1291642059589
"40167","20074.16",40167,75046184,0.593170501460885
"40168","20074.16",40168,75048985,-0.322246458650703
"40169","20074.16",40169,75054801,-0.584899631949841
"40170","20074.16",40170,75058805,-0.140218803583732
"40171","20074.16",40171,75060003,0.720360391409948
"40172","20074.16",40172,75060099,0.224966738228654
"40173","20074.16",40173,75063011,-0.697103057986673
"40174","20074.16",40174,75064606,0.155074206275111
"40175","20074.16",40175,75065498,-0.0814565350185417
"40176","20074.16",40176,75069731,-1.23302596122981
"40177","20074.16",40177,75070904,0.33983716759252
"40178","20074.16",40178,75076873,0.200463770524799
"40179","20074.16",40179,75077083,-0.193616341691792
"40180","20074.16",40180,75078098,-2.04254507608001
"40181","20074.16",40181,75080774,-0.1306211902544
"40182","20074.16",40182,75081551,0.459006574368778
"40183","20074.16",40183,75081822,0.0667314533466357
"40184","20074.16",40184,75083924,-0.398436632963522
"40185","20074.16",40185,75084148,-0.513568464298293
"40186","20074.16",40186,75086875,-0.460164968327336
"40187","20074.16",40187,75087585,0.700016355623943
"40188","20074.16",40188,75088439,-0.389821517247754
"40189","20074.16",40189,75090967,-0.179391917243564
"40190","20074.16",40190,75095695,0.834594582466305
"40191","20074.16",40191,75095711,-0.434527085394459
"40192","20074.16",40192,75096412,0.428191515077473
"40193","20074.16",40193,75099566,-0.249126558234873
"40194","20074.16",40194,75105881,-0.34337198045887
"40195","20074.16",40195,75107691,-0.0102596121772525
"40196","20074.16",40196,75107716,0.644872160416075
"40197","20074.16",40197,75110818,0.00147795797049888
"40198","20074.16",40198,75110901,-0.290483755156115
"40199","20074.16",40199,75111692,-0.659621545749026
"40200","20074.16",40200,75114159,0.248790494562852
"40201","20074.16",40201,75116266,-0.0621800835504995
"40202","20074.16",40202,75117245,-0.192904618166844
"40203","20074.16",40203,75118255,0.591848636186682
"40204","20074.16",40204,75118848,0.803425067652943
"40205","20074.16",40205,75119026,0.105589056904147
"40206","20074.16",40206,75122852,0.373863877344591
"40207","20074.16",40207,75122936,-0.857216965189656
"40208","20074.16",40208,75123270,0.0539626767091219
"40209","20074.16",40209,75123494,-0.0538239399135856
"40210","20074.16",40210,75126457,0.142810627336962
"40211","20074.16",40211,75127883,0.173706865364944
"40212","20074.16",40212,75129876,0.0791828502723941
"40213","20074.16",40213,75130170,0.0956558688290192
"40214","20074.16",40214,75134038,-0.147412415253325
"40215","20074.16",40215,75134673,0.0825354275353218
"40216","20074.16",40216,75135510,0.00688242630451885
"40217","20074.16",40217,75138432,-0.216491573205308
"40218","20074.16",40218,75143117,0.224339909620579
"40219","20074.16",40219,75144297,-0.180308103729457
"40220","20074.16",40220,75144408,0.434080585666174
"40221","20074.16",40221,75145285,-0.50851793628998
"40222","20074.16",40222,75152826,0.0442811735053779
"40223","20074.16",40223,75152934,0.446018782098508
"40224","20074.16",40224,75160602,-0.179083099219866
"40225","20074.16",40225,75160753,-0.899240838506375
"40226","20074.16",40226,75161305,0.670617271290282
"40227","20074.16",40227,75164218,-0.0747828313567576
"40228","20074.16",40228,75167579,0.835303234555524
"40229","20074.16",40229,75170348,0.854946324787382
"40230","20074.16",40230,75171028,0.566667754045414
"40231","20074.16",40231,75171190,-0.151816198493412
"40232","20074.16",40232,75172340,0.31328148767735
"40233","20074.16",40233,75172358,-0.012158226546215
"40234","20074.16",40234,75172457,0.565439585133704
"40235","20074.16",40235,75173598,-0.675506667247522
"40236","20074.16",40236,75182089,-0.662777519404854
"40237","20074.16",40237,75182242,0.840154676425715
"40238","20074.16",40238,75184084,-0.953444329544406
"40239","20074.16",40239,75185764,-0.212737720054498
"40240","20074.16",40240,75186061,0.189088080033437
"40241","20074.16",40241,75186214,0.862726785582256
"40242","20074.16",40242,75187610,-0.444541841830429
"40243","20074.16",40243,75187915,-0.0771091373500763
"40244","20074.16",40244,75188189,0.67826559685192
"40245","20074.16",40245,75188419,-0.180006261322847
"40246","20074.16",40246,75189805,0.2217924378878
"40247","20074.16",40247,75190709,0.671855274596935
"40248","20074.16",40248,75194105,-1.48608597077427
"40249","20074.16",40249,75196489,0.984692563330644
"40250","20074.16",40250,75196517,-0.481018913335995
"40251","20074.16",40251,75199046,0.769483854072452
"40252","20074.16",40252,75199996,0.106812616089315
"40253","20074.16",40253,75200087,0.577420024496813
"40254","20074.16",40254,75201060,0.132725485746881
"40255","20074.16",40255,75201262,0.502469561549948
"40256","20074.16",40256,75201590,0.00403776097098429
"40257","20074.16",40257,75202166,-0.607985682897228
"40258","20074.16",40258,75202239,0.653237748658296
"40259","20074.16",40259,75202280,0.587353884574767
"40260","20074.16",40260,75204443,-0.510149781022779
"40261","20074.16",40261,75204594,0.0831604437553706
"40262","20074.16",40262,75206392,-0.135792227147278
"40263","20074.16",40263,75207572,-0.247361002994257
"40264","20074.16",40264,75212284,-0.0492733089067743
"40265","20074.16",40265,75212521,-0.19754765276519
"40266","20074.16",40266,75217616,-0.374135972579972
"40267","20074.16",40267,75219856,-0.493966873624888
"40268","20074.16",40268,75220009,0.0682192412742859
"40269","20074.16",40269,75220263,-1.22995732670526
"40270","20074.16",40270,75220493,-0.251467061744944
"40271","20074.16",40271,75224733,0.990682511539078
"40272","20074.16",40272,75225022,0.133726875615781
"40273","20074.16",40273,75227969,-0.122135408981689
"40274","20074.16",40274,75227983,-0.439816842950047
"40275","20074.16",40275,75229630,0.296110592336741
"40276","20074.16",40276,75233324,0.0460548160251308
"40277","20074.16",40277,75233714,-1.09877557355038
"40278","20074.16",40278,75236154,0.579892589783563
"40279","20074.16",40279,75236729,-0.0716583086728981
"40280","20074.16",40280,75237414,-0.430855739327589
"40281","20074.16",40281,75238103,-0.160849552991281
"40282","20074.16",40282,75242729,0.41549280941807
"40283","20074.16",40283,75246042,0.158569351176455
"40284","20074.16",40284,75248247,-0.539008919402144
"40285","20074.16",40285,75248768,-0.203806344176943
"40286","20074.16",40286,75252306,-0.803886509887187
"40287","20074.16",40287,75254435,0.331308916171051
"40288","20074.16",40288,75254494,0.140806511282479
"40289","20074.16",40289,75254966,-0.413935280679429
"40290","20074.16",40290,75255129,-0.268149756896051
"40291","20074.16",40291,75255217,0.280327966057482
"40292","20074.16",40292,75256281,-0.265383701884013
"40293","20074.16",40293,75256296,0.68542884938871
"40294","20074.16",40294,75256360,-0.289462565046344
"40295","20074.16",40295,75256403,0.179524127168903
"40296","20074.16",40296,75256455,-0.842074327073254
"40297","20074.16",40297,75263661,-0.302164987632433
"40298","20074.16",40298,75265719,-0.326729577915142
"40299","20074.16",40299,75266607,0.111162599553909
"40300","20074.16",40300,75267374,-0.336909587465914
"40301","20074.16",40301,75274282,-0.136278867252386
"40302","20074.16",40302,75274495,-0.0213771994630436
"40303","20074.16",40303,75277480,-0.196559204477681
"40304","20074.16",40304,75278795,0.276592659351613
"40305","20074.16",40305,75278841,-0.659592726556797
"40306","20074.16",40306,75279839,-0.292865635890045
"40307","20074.16",40307,75279918,-0.0105494906177954
"40308","20074.16",40308,75280174,0.292420051525606
"40309","20074.16",40309,75280528,-0.178360819135964
"40310","20074.16",40310,75280958,-0.802467688767112
"40311","20074.16",40311,75281964,0.541064200660329
"40312","20074.16",40312,75290113,-0.277670828602467
"40313","20074.16",40313,75292973,0.13370453877093
"40314","20074.16",40314,75294211,0.500403432877254
"40315","20074.16",40315,75294589,-0.0594721514755889
"40316","20074.16",40316,75298038,0.0616577258986197
"40317","20074.16",40317,75302153,-0.889052445736743
"40318","20074.16",40318,75302762,-0.170956622904097
"40319","20074.16",40319,75308210,-0.423171157947062
"40320","20074.16",40320,75308899,0.0318572483644948
"40321","20074.16",40321,75309088,0.0884925218075674
"40322","20074.16",40322,75310248,-1.28616467751546
"40323","20074.16",40323,75314838,-0.738402430370802
"40324","20074.16",40324,75318587,-1.31667428639375
"40325","20074.16",40325,75318646,0.760671274818477
"40326","20074.16",40326,75319851,0.171766586194135
"40327","20074.16",40327,75322098,-1.0600427109218
"40328","20074.16",40328,75322486,0.484801378752896
"40329","20074.16",40329,75326812,-1.53894023845668
"40330","20074.16",40330,75327098,-1.15213979349969
"40331","20074.16",40331,75327401,-0.562900441225399
"40332","20074.16",40332,75327916,-0.887785995865093
"40333","20074.16",40333,75335313,-0.0579555040400104
"40334","20074.16",40334,75335659,-0.395943907781055
"40335","20074.16",40335,75336549,0.475133131121525
"40336","20074.16",40336,75338855,0.524826959563751
"40337","20074.16",40337,75339295,-0.846167354565135
"40338","20074.16",40338,75339876,0.175497307186999
"40339","20074.16",40339,75340610,-0.17006960976956
"40340","20074.16",40340,75341989,0.55794249001218
"40341","20074.16",40341,75342846,0.55869599885722
"40342","20074.16",40342,75342932,0.0834403029978983
"40343","20074.16",40343,75343197,-0.0138668286988812
"40344","20074.16",40344,75352831,0.451191647126978
"40345","20074.16",40345,75353693,-0.380530408390719
"40346","20074.16",40346,75354079,0.0267628289185602
"40347","20074.16",40347,75360096,0.804344660279381
"40348","20074.16",40348,75360300,0.602927194763502
"40349","20074.16",40349,75360734,-0.131753821003342
"40350","20074.16",40350,75363278,-0.497551762095499
"40351","20074.16",40351,75364042,-0.959874235704347
"40352","20074.16",40352,75368898,-0.279778493225549
"40353","20074.16",40353,75373769,-0.158540374367951
"40354","20074.16",40354,75374029,0.663158255929498
"40355","20074.16",40355,75377700,0.15747240022524
"40356","20074.16",40356,75377750,0.570260392254688
"40357","20074.16",40357,75377971,0.308421843762106
"40358","20074.16",40358,75378414,0.770467882438651
"40359","20074.16",40359,75379811,-0.0288796221794803
"40360","20074.16",40360,75388476,-0.295897866209746
"40361","20074.16",40361,75388731,0.806952238858321
"40362","20074.16",40362,75389021,0.122782181494489
"40363","20074.16",40363,75390532,-0.075181696251569
"40364","20074.16",40364,75392651,-0.434466692240282
"40365","20074.16",40365,75393352,0.33013335722386
"40366","20074.16",40366,75393581,-0.10404583355347
"40367","20074.16",40367,75395969,0.138352647255925
"40368","20074.16",40368,75402804,0.549876474032721
"40369","20074.16",40369,75404913,-0.115700840120393
"40370","20074.16",40370,75407053,0.424771212746724
"40371","20074.16",40371,75410254,0.373608518551099
"40372","20074.16",40372,75410763,0.512166531292237
"40373","20074.16",40373,75411286,-1.43740074304957
"40374","20074.16",40374,75411521,-0.142238735491179
"40375","20074.16",40375,75411634,0.325174694271243
"40376","20074.16",40376,75415341,-0.0347110757723703
"40377","20074.16",40377,75415521,-0.917952430561413
"40378","20074.16",40378,75415775,0.282042758082217
"40379","20074.16",40379,75415867,0.238065724825018
"40380","20074.16",40380,75424154,0.051554003872945
"40381","20074.16",40381,75426298,-0.513230863074472
"40382","20074.16",40382,75426700,-0.26754716839276
"40383","20074.16",40383,75426753,-0.166727979006185
"40384","20074.16",40384,75426814,-0.0710501870995452
"40385","20074.16",40385,75427026,0.172273177791205
"40386","20074.16",40386,75428196,-0.315425372823705
"40387","20074.16",40387,75432021,-0.247048616279053
"40388","20074.16",40388,75432103,-0.478188864586273
"40389","20074.16",40389,75432649,0.0072808144002865
"40390","20074.16",40390,75433049,-0.625505262883504
"40391","20074.16",40391,75434146,-0.0103040441098257
"40392","20074.16",40392,75434558,0.0890691846313398
"40393","20074.16",40393,75435564,0.646607199012435
"40394","20074.16",40394,75436950,0.353670979309821
"40395","20074.16",40395,75436988,0.0676846539171292
"40396","20074.16",40396,75445675,1.27695420582655
"40397","20074.16",40397,75447659,-0.400838110150548
"40398","20074.16",40398,75447954,0.70238253108873
"40399","20074.16",40399,75454404,-0.252574263079969
"40400","20074.16",40400,75454814,0.737649925207383
"40401","20074.16",40401,75454859,0.146066844380924
"40402","20074.16",40402,75454875,0.491575557264359
"40403","20074.16",40403,75454894,0.490329891636535
"40404","20074.16",40404,75461639,0.155872392407709
"40405","20074.16",40405,75470277,0.752834289624666
"40406","20074.16",40406,75470576,0.751372293968973
"40407","20074.16",40407,75471853,-0.0537689260944472
"40408","20074.16",40408,75472209,0.163909508468342
"40409","20074.16",40409,75472392,0.269665805797662
"40410","20074.16",40410,75476822,0.0137073217629338
"40411","20074.16",40411,75476931,0.230087732444103
"40412","20074.16",40412,75487758,-0.240104324556314
"40413","20074.16",40413,75492242,-0.393604328644561
"40414","20074.16",40414,75492706,-1.34251160596681
"40415","20074.16",40415,75494438,-0.293227188875361
"40416","20074.16",40416,75494649,-0.390659181399738
"40417","20074.16",40417,75494754,-1.20036593755668
"40418","20074.16",40418,75494938,-1.07359363600624
"40419","20074.16",40419,75505046,0.248914034798717
"40420","20074.16",40420,75509038,-0.00306415267731008
"40421","20074.16",40421,75513834,0.0652493685514388
"40422","20074.16",40422,75513905,0.637694547093179
"40423","20074.16",40423,75513922,0.0420469555977681
"40424","20074.16",40424,75514259,-0.18720180732542
"40425","20074.16",40425,75516146,0.177649414482329
"40426","20074.16",40426,75521030,-0.668120033052323
"40427","20074.16",40427,75522967,-0.597669970332819
"40428","20074.16",40428,75523399,-0.479015234863217
"40429","20074.16",40429,75523413,0.199889913587111
"40430","20074.16",40430,75524710,0.208357897411069
"40431","20074.16",40431,75533672,-0.788271895274165
"40432","20074.16",40432,75534291,-0.373902308440666
"40433","20074.16",40433,75535373,-0.966806748103618
"40434","20074.16",40434,75535913,0.701187172182517
"40435","20074.16",40435,75536272,0.408197706729008
"40436","20074.16",40436,75539409,0.259376262889892
"40437","20074.16",40437,75539436,0.42725410488143
"40438","20074.16",40438,75539648,-0.00891503534076588
"40439","20074.16",40439,75554035,-1.65298194732885
"40440","20074.16",40440,75558084,0.15766606726268
"40441","20074.16",40441,75558540,-0.0217851648142906
"40442","20074.16",40442,75558849,0.0678856214385695
"40443","20074.16",40443,75559356,0.557999870855302
"40444","20074.16",40444,75559963,0.681633009489915
"40445","20074.16",40445,75561178,-1.35636110659117
"40446","20074.16",40446,75564668,-0.700983499703344
"40447","20074.16",40447,75565845,-0.372656711087395
"40448","20074.16",40448,75565896,0.258970931074194
"40449","20074.16",40449,75570286,-0.0946190635672854
"40450","20074.16",40450,75572495,-0.345946868053908
"40451","20074.16",40451,75572713,0.1136241062667
"40452","20074.16",40452,75574424,0.116325623783548
"40453","20074.16",40453,75574521,0.361183527209392
"40454","20074.16",40454,75574729,0.264388191831579
"40455","20074.16",40455,75574812,0.549610533678398
"40456","20074.16",40456,75575355,-0.206233968341167
"40457","20074.16",40457,75575407,0.123156797981376
"40458","20074.16",40458,75575949,0.308995973972983
"40459","20074.16",40459,75575976,0.164677861798674
"40460","20074.16",40460,75575997,0.148866907051953
"40461","20074.16",40461,75575999,-0.0373603599589156
"40462","20074.16",40462,75580117,0.0887889039605447
"40463","20074.16",40463,75580134,0.3273639184455
"40464","20074.16",40464,75583021,-0.252741479825252
"40465","20074.16",40465,75584019,-0.00666622055402666
"40466","20074.16",40466,75586545,-0.0324923021213239
"40467","20074.16",40467,75587221,0.33549811051729
"40468","20074.16",40468,75588506,0.130115017564769
"40469","20074.16",40469,75589032,-0.432432269840039
"40470","20074.16",40470,75589161,-0.639723409792571
"40471","20074.16",40471,75597330,0.805991467685028
"40472","20074.16",40472,75602797,-0.1955822199978
"40473","20074.16",40473,75603925,-0.837688598016147
"40474","20074.16",40474,75607517,0.55408814752145
"40475","20074.16",40475,75607672,-0.276845302475668
"40476","20074.16",40476,75608084,-0.0701437812475616
"40477","20074.16",40477,75611997,-0.31102254496031
"40478","20074.16",40478,75612660,0.767510449979878
"40479","20074.16",40479,75612917,-0.335061223979433
"40480","20074.16",40480,75617173,0.361801487211568
"40481","20074.16",40481,75617384,-0.727840044202914
"40482","20074.16",40482,75620948,0.159243147713106
"40483","20074.16",40483,75620967,0.706341217067094
"40484","20074.16",40484,75622993,0.13794671036766
"40485","20074.16",40485,75623370,-0.308086980795932
"40486","20074.16",40486,75623586,-0.69223227088794
"40487","20074.16",40487,75623640,-0.143609199547568
"40488","20074.16",40488,75626040,0.316386138568778
"40489","20074.16",40489,75630280,0.622692856993733
"40490","20074.16",40490,75631319,-0.169866980117772
"40491","20074.16",40491,75637485,-0.473786515379117
"40492","20074.16",40492,75637975,0.261132722959759
"40493","20074.16",40493,75642864,0.167139214647082
"40494","20074.16",40494,75643907,-0.78153445631774
"40495","20074.16",40495,75645488,-0.112829615632013
"40496","20074.16",40496,75646685,-0.499451540728551
"40497","20074.16",40497,75649227,-0.0064140763004783
"40498","20074.16",40498,75649275,0.702009107128489
"40499","20074.16",40499,75649733,0.0097488319433463
"40500","20074.16",40500,75650297,0.192846890854554
"40501","20074.16",40501,75654031,-0.178882260347959
"40502","20074.16",40502,75654341,-0.50049926942355
"40503","20074.16",40503,75654685,-0.557362265434501
"40504","20074.16",40504,75654748,0.478227989467773
"40505","20074.16",40505,75654926,-0.126968583705686
"40506","20074.16",40506,75656400,0.365670837662562
"40507","20074.16",40507,75657034,-0.199054145657363
"40508","20074.16",40508,75657063,0.280690585607901
"40509","20074.16",40509,75658732,-0.285962369247481
"40510","20074.16",40510,75659063,-0.0974420256783821
"40511","20074.16",40511,75659849,-0.886425519916904
"40512","20074.16",40512,75660367,0.278475469068924
"40513","20074.16",40513,75662220,0.0746937647481278
"40514","20074.16",40514,75662779,0.317925583025017
"40515","20074.16",40515,75662883,0.712181118008503
"40516","20074.16",40516,75663421,-0.91682603349933
"40517","20074.16",40517,75665338,-0.27162648105555
"40518","20074.16",40518,75667013,-0.0169605452510213
"40519","20074.16",40519,75667791,0.51114517335193
"40520","20074.16",40520,75667954,0.612226401498179
"40521","20074.16",40521,75668352,0.0785308305607
"40522","20074.16",40522,75669337,-0.112514496747294
"40523","20074.16",40523,75671880,0.925174795702635
"40524","20074.16",40524,75672071,0.756899245229055
"40525","20074.16",40525,75678318,-0.978074853657082
"40526","20074.16",40526,75683879,0.0677153382893598
"40527","20074.16",40527,75685128,-0.53566088320212
"40528","20074.16",40528,75686146,1.34334406763761
"40529","20074.16",40529,75686385,0.319840112059953
"40530","20074.16",40530,75688918,0.216890415268154
"40531","20074.16",40531,75689521,0.819947366940018
"40532","20074.16",40532,75689545,0.572263331158674
"40533","20074.16",40533,75692964,0.705472482674037
"40534","20074.16",40534,75693504,-0.568524264538452
"40535","20074.16",40535,75694244,-0.403806080831802
"40536","20074.16",40536,75696379,-0.268880862592876
"40537","20074.16",40537,75697469,0.358651964229893
"40538","20074.16",40538,75699923,-0.023937031737594
"40539","20074.16",40539,75700335,-0.402074843162083
"40540","20074.16",40540,75702626,-1.75154680666219
"40541","20074.16",40541,75703203,-0.341904085387165
"40542","20074.16",40542,75703717,-0.335870720910215
"40543","20074.16",40543,75706733,0.251195601506855
"40544","20074.16",40544,75707037,0.558191613356487
"40545","20074.16",40545,75710301,-0.28620574876596
"40546","20074.16",40546,75710530,0.249496741821702
"40547","20074.16",40547,75714500,0.129090076475163
"40548","20074.16",40548,75718472,-0.889136794273673
"40549","20074.16",40549,75718941,-0.630826464041406
"40550","20074.16",40550,75719144,0.39918134086908
"40551","20074.16",40551,75719692,0.36378686659322
"40552","20074.16",40552,75723145,0.374853698047175
"40553","20074.16",40553,75723338,0.268937905106919
"40554","20074.16",40554,75726136,-0.237383427237249
"40555","20074.16",40555,75728075,0.754401021634409
"40556","20074.16",40556,75728261,0.131374772391283
"40557","20074.16",40557,75728368,0.79894931996603
"40558","20074.16",40558,75728719,0.52539523763718
"40559","20074.16",40559,75731047,0.247095177446314
"40560","20074.16",40560,75740249,-0.0324330686731358
"40561","20074.16",40561,75743137,0.448213544359729
"40562","20074.16",40562,75743736,0.293597311886537
"40563","20074.16",40563,75743911,-1.19621162269646
"40564","20074.16",40564,75746730,-0.217172169700958
"40565","20074.16",40565,75748401,-0.351712630056157
"40566","20074.16",40566,75749495,-0.733250256676897
"40567","20074.16",40567,75751413,0.125320723450333
"40568","20074.16",40568,75762195,-0.246712283694661
"40569","20074.16",40569,75768595,0.76813152212431
"40570","20074.16",40570,75774396,0.647881700541496
"40571","20074.16",40571,75774860,-0.78024386110288
"40572","20074.16",40572,75776206,-0.389039615922231
"40573","20074.16",40573,75780848,0.156275282085456
"40574","20074.16",40574,75781519,-0.761633451806833
"40575","20074.16",40575,75787129,0.745820863574402
"40576","20074.16",40576,75788840,0.867369968407245
"40577","20074.16",40577,75789768,0.131597928079802
"40578","20074.16",40578,75792747,-1.32866522915521
"40579","20074.16",40579,75793197,-1.05067451534635
"40580","20074.16",40580,75795026,-0.165749609612407
"40581","20074.16",40581,75796961,0.296459313447522
"40582","20074.16",40582,75798379,-0.624397663391026
"40583","20074.16",40583,75798492,-0.974000680841981
"40584","20074.16",40584,75798795,0.416168543145658
"40585","20074.16",40585,75799118,0.346460913421745
"40586","20074.16",40586,75800027,0.202483332239953
"40587","20074.16",40587,75800183,0.248446359039121
"40588","20074.16",40588,75803701,-0.190167704593495
"40589","20074.16",40589,75807463,0.36512378594326
"40590","20074.16",40590,75808670,-0.340841288267631
"40591","20074.16",40591,75817646,-1.37501629060966
"40592","20074.16",40592,75819433,0.199644423573249
"40593","20074.16",40593,75822596,0.580748164307553
"40594","20074.16",40594,75823248,-0.244136431374647
"40595","20074.16",40595,75828511,0.417406564581095
"40596","20074.16",40596,75837336,-0.176045161031722
"40597","20074.16",40597,75837352,0.295269815539361
"40598","20074.16",40598,75838283,0.224176137545358
"40599","20074.16",40599,75840629,-0.490955859677134
"40600","20074.16",40600,75841494,-0.989164098044826
"40601","20074.16",40601,75845793,0.300175896285265
"40602","20074.16",40602,75845868,0.40604874172394
"40603","20074.16",40603,75846165,-0.071972143533058
"40604","20074.16",40604,75848200,-0.794730294583078
"40605","20074.16",40605,75848288,0.170490054352797
"40606","20074.16",40606,75849621,0.443720790670656
"40607","20074.16",40607,75853387,0.121843476095385
"40608","20074.16",40608,75853401,0.248204844042458
"40609","20074.16",40609,75855476,-0.554567241945746
"40610","20074.16",40610,75867333,-0.094237189704149
"40611","20074.16",40611,75868554,0.771398136504776
"40612","20074.16",40612,75871898,0.317988991680822
"40613","20074.16",40613,75872355,-0.374339581069362
"40614","20074.16",40614,75872464,0.430462606624858
"40615","20074.16",40615,75874038,-0.441599257955755
"40616","20074.16",40616,75874906,-0.0639795008172541
"40617","20074.16",40617,75875297,-0.754009089837913
"40618","20074.16",40618,75878810,0.305489081746745
"40619","20074.16",40619,75879322,0.416923291277096
"40620","20074.16",40620,75880020,-1.30465274505317
"40621","20074.16",40621,75886129,0.331719491627001
"40622","20074.16",40622,75887621,-0.904994887867549
"40623","20074.16",40623,75888346,0.432440969369735
"40624","20074.16",40624,75892686,-0.56325816210114
"40625","20074.16",40625,75893345,0.769292036189543
"40626","20074.16",40626,75897539,-0.230033325322123
"40627","20074.16",40627,75898207,-1.24455494898752
"40628","20074.16",40628,75898463,0.182218161787995
"40629","20074.16",40629,75898714,-0.58287873839304
"40630","20074.16",40630,75898832,-0.226573379057304
"40631","20074.16",40631,75901019,-0.86704409141985
"40632","20074.16",40632,75903496,-0.283934597392907
"40633","20074.16",40633,75903720,-0.631214710280743
"40634","20074.16",40634,75904514,0.0726183491452925
"40635","20074.16",40635,75904712,0.310170737282781
"40636","20074.16",40636,75904866,-1.01757781860429
"40637","20074.16",40637,75910265,-0.109367614231428
"40638","20074.16",40638,75910556,-0.777764395758632
"40639","20074.16",40639,75911131,-0.373491713166063
"40640","20074.16",40640,75913444,-0.322421970038766
"40641","20074.16",40641,75914496,-0.19146231646857
"40642","20074.16",40642,75914519,-0.556087217186695
"40643","20074.16",40643,75918148,-0.250790928918889
"40644","20074.16",40644,75918613,0.698633954871506
"40645","20074.16",40645,75918694,0.148136671997441
"40646","20074.16",40646,75919579,-0.152579081805616
"40647","20074.16",40647,75920428,0.376557080743795
"40648","20074.16",40648,75922170,0.467605014898733
"40649","20074.16",40649,75922382,0.480753089373812
"40650","20074.16",40650,75924781,-0.359084453001462
"40651","20074.16",40651,75925557,-0.944492253223914
"40652","20074.16",40652,75928345,1.2569527490187
"40653","20074.16",40653,75929361,-0.163794530682063
"40654","20074.16",40654,75929714,0.261598087142253
"40655","20074.16",40655,75933229,0.486491690392799
"40656","20074.16",40656,75933860,1.16425216331675
"40657","20074.16",40657,75936862,-0.884459456532294
"40658","20074.16",40658,75937661,-1.01381889281178
"40659","20074.16",40659,75937986,0.252533264296354
"40660","20074.16",40660,75941753,0.419191704442086
"40661","20074.16",40661,75944527,0.305581939164907
"40662","20074.16",40662,75947361,0.672552593887487
"40663","20074.16",40663,75947589,0.262126212802692
"40664","20074.16",40664,75947726,0.920674582255137
"40665","20074.16",40665,75948976,0.0478362265486068
"40666","20074.16",40666,75950991,-0.476338916521113
"40667","20074.16",40667,75951692,-0.905482507032609
"40668","20074.16",40668,75952350,0.386631270561151
"40669","20074.16",40669,75953382,-0.483217859929891
"40670","20074.16",40670,75955105,0.072673221173968
"40671","20074.16",40671,75955368,0.574822486077882
"40672","20074.16",40672,75955437,-0.113633250205307
"40673","20074.16",40673,75955974,0.970452080642674
"40674","20074.16",40674,75957806,-0.463976681545317
"40675","20074.16",40675,75958515,-0.0237643096226474
"40676","20074.16",40676,75959744,-1.02781881846607
"40677","20074.16",40677,75960047,-0.95018259001095
"40678","20074.16",40678,75961238,0.43677730543244
"40679","20074.16",40679,75961877,0.307399665982106
"40680","20074.16",40680,75961922,0.773296348020053
"40681","20074.16",40681,75962375,0.266296977901621
"40682","20074.16",40682,75964535,-1.27545540665464
"40683","20074.16",40683,75966770,0.116028548479161
"40684","20074.16",40684,75966857,-0.536251736465176
"40685","20074.16",40685,75967796,-0.772763170488724
"40686","20074.16",40686,75968597,-0.0551163057714508
"40687","20074.16",40687,75972045,0.31627728784406
"40688","20074.16",40688,75973186,0.250719854108817
"40689","20074.16",40689,75976449,0.0165570725122484
"40690","20074.16",40690,75983457,-0.556724910608268
"40691","20074.16",40691,75983706,0.109207825346519
"40692","20074.16",40692,75985061,0.0349970767550607
"40693","20074.16",40693,75985572,-0.3186970562535
"40694","20074.16",40694,75986352,0.582283355731481
"40695","20074.16",40695,75986606,0.09551694939229
"40696","20074.16",40696,75989303,-0.735470811227441
"40697","20074.16",40697,75989836,-0.592630437915373
"40698","20074.16",40698,75992170,0.365556290890349
"40699","20074.16",40699,75993787,0.0151945690204407
"40700","20074.16",40700,75995809,-0.487897758004542
"40701","20074.16",40701,75995956,0.69156051471242
"40702","20074.16",40702,75996887,0.69951972095086
"40703","20074.16",40703,75997549,-0.545902485821563
"40704","20074.16",40704,75997836,0.941147802161146
"40705","20074.16",40705,75997905,-0.24166451164865
"40706","20074.16",40706,75998454,-0.301261464338411
"40707","20074.16",40707,75998656,-0.034853955246704
"40708","20074.16",40708,75999942,0.176332555088868
"40709","20074.16",40709,76000422,-0.292896938221846
"40710","20074.16",40710,76007693,-0.871457069747185
"40711","20074.16",40711,76009328,0.300618261120912
"40712","20074.16",40712,76009341,-0.136958544199516
"40713","20074.16",40713,76009432,-0.354310511292926
"40714","20074.16",40714,76009781,0.863333315677443
"40715","20074.16",40715,76009798,-0.0458107362049445
"40716","20074.16",40716,76009816,-0.134907411329702
"40717","20074.16",40717,76011177,-0.0118980831002702
"40718","20074.16",40718,76011642,-0.83061252807078
"40719","20074.16",40719,76012189,-0.119059964638375
"40720","20074.16",40720,76012204,-0.568809119242614
"40721","20074.16",40721,76012217,-0.358512875706754
"40722","20074.16",40722,76012275,-0.56371286446795
"40723","20074.16",40723,76012405,-0.719172486072422
"40724","20074.16",40724,76012418,-0.482973808813052
"40725","20074.16",40725,76012428,-0.58022589097763
"40726","20074.16",40726,76012616,-0.115129537877926
"40727","20074.16",40727,76012631,0.844370654766599
"40728","20074.16",40728,76012715,0.253650433638788
"40729","20074.16",40729,76012723,0.748842862604623
"40730","20074.16",40730,76014388,0.809496729985487
"40731","20074.16",40731,76014470,0.440506490375022
"40732","20074.16",40732,76014731,-0.110945113013442
"40733","20074.16",40733,76016443,-0.0627071400892518
"40734","20074.16",40734,76016541,-0.205731061982003
"40735","20074.16",40735,76016581,-0.529026369511884
"40736","20074.16",40736,76016598,0.329907565358309
"40737","20074.16",40737,76017651,0.472105306974442
"40738","20074.16",40738,76018855,0.580104920657154
"40739","20074.16",40739,76019227,-0.518152755027229
"40740","20074.16",40740,76019269,-0.867990750527282
"40741","20074.16",40741,76019517,-0.0303066947655388
"40742","20074.16",40742,76019642,-0.29577567257734
"40743","20074.16",40743,76019664,-0.130457968598129
"40744","20074.16",40744,76019692,-0.382290231805968
"40745","20074.16",40745,76019706,0.289614783588427
"40746","20074.16",40746,76019786,0.3705297425135
"40747","20074.16",40747,76019930,-1.67454178162428
"40748","20074.16",40748,76019946,-1.39768743198142
"40749","20074.16",40749,76019956,-0.71683423402231
"40750","20074.16",40750,76020019,-0.48951159685639
"40751","20074.16",40751,76020701,-0.159264295823462
"40752","20074.16",40752,76020714,0.204231975924456
"40753","20074.16",40753,76020785,-0.744114901700108
"40754","20074.16",40754,76020949,-0.108097290919324
"40755","20074.16",40755,76020966,-1.09337660783812
"40756","20074.16",40756,76020982,-0.864801490261389
"40757","20074.16",40757,76021069,-1.10092064919723
"40758","20074.16",40758,76021085,-0.249615878572346
"40759","20074.16",40759,76021100,-0.014425157641357
"40760","20074.16",40760,76021117,-1.18284618095892
"40761","20074.16",40761,76021172,0.247971434041909
"40762","20074.16",40762,76021291,-0.701398332329839
"40763","20074.16",40763,76021363,0.540854105257302
"40764","20074.16",40764,76021441,-0.497417575797741
"40765","20074.16",40765,76021461,-1.10467642517335
"40766","20074.16",40766,76021509,0.238209506545972
"40767","20074.16",40767,76021533,0.0768883626661614
"40768","20074.16",40768,76021569,0.270776710370655
"40769","20074.16",40769,76021698,1.33035304211504
"40770","20074.16",40770,76021962,0.495761016848502
"40771","20074.16",40771,76022393,0.00430788253647219
"40772","20074.16",40772,76022436,-0.251871675711513
"40773","20074.16",40773,76022941,0.139987443761427
"40774","20074.16",40774,76023446,-0.197694937705966
"40775","20074.16",40775,76023464,0.680221136322909
"40776","20074.16",40776,76023497,-0.250628316899889
"40777","20074.16",40777,76023846,-0.0432682863856266
"40778","20074.16",40778,76028137,0.745192320534964
"40779","20074.16",40779,76028187,-0.182735047205326
"40780","20074.16",40780,76028660,-0.469779104833364
"40781","20074.16",40781,76028673,-0.221375887534283
"40782","20074.16",40782,76028759,0.635825527053208
"40783","20074.16",40783,76028864,0.205398974103582
"40784","20074.16",40784,76029172,0.422799395827888
"40785","20074.16",40785,76029462,0.121715292540291
"40786","20074.16",40786,76035263,-0.234136586117509
"40787","20074.16",40787,76036190,-0.530807840276644
"40788","20074.16",40788,76036263,0.692300897452433
"40789","20074.16",40789,76036425,-0.278681621502815
"40790","20074.16",40790,76039354,-0.785542791285576
"40791","20074.16",40791,76039772,0.146492179478888
"40792","20074.16",40792,76042930,1.04068812324868
"40793","20074.16",40793,76043040,0.809878303658407
"40794","20074.16",40794,76043201,-0.146622561972632
"40795","20074.16",40795,76043514,-0.314978418922911
"40796","20074.16",40796,76043824,0.439061454432037
"40797","20074.16",40797,76045135,-0.243841832006674
"40798","20074.16",40798,76045309,0.411854059890534
"40799","20074.16",40799,76045420,0.393063919071271
"40800","20074.16",40800,76047138,0.438141428834649
"40801","20074.16",40801,76048455,-0.209678895610564
"40802","20074.16",40802,76049128,-0.226687616340798
"40803","20074.16",40803,76053889,-0.0672993636102506
"40804","20074.16",40804,76054016,0.490468520828327
"40805","20074.16",40805,76054131,0.0413741098091096
"40806","20074.16",40806,76055079,-0.823707214303845
"40807","20074.16",40807,76055486,-0.391342384407888
"40808","20074.16",40808,76055594,0.110303200584531
"40809","20074.16",40809,76056374,0.0577037750181706
"40810","20074.16",40810,76056534,-0.312563831503173
"40811","20074.16",40811,76057555,-0.453667451873106
"40812","20074.16",40812,76059226,-0.194381828364349
"40813","20074.16",40813,76059716,-0.934525103306018
"40814","20074.16",40814,76062978,-0.461153691957929
"40815","20074.16",40815,76063418,-0.741248673316575
"40816","20074.16",40816,76070638,-0.140180684510452
"40817","20074.16",40817,76070912,-0.555068139571288
"40818","20074.16",40818,76072900,-0.193158377036172
"40819","20074.16",40819,76074308,-1.06060510499463
"40820","20074.16",40820,76076114,0.0500589424480617
"40821","20074.16",40821,76076295,-1.69016637652775
"40822","20074.16",40822,76079566,-1.30904193170319
"40823","20074.16",40823,76079617,-0.233941159878611
"40824","20074.16",40824,76079721,-0.504221644709841
"40825","20074.16",40825,76080079,0.935087472252323
"40826","20074.16",40826,76081022,-0.148033013711977
"40827","20074.16",40827,76081390,0.545729372178905
"40828","20074.16",40828,76081520,-0.551774152137408
"40829","20074.16",40829,76082607,0.501205043573052
"40830","20074.16",40830,76084200,-0.383290534885331
"40831","20074.16",40831,76084434,-0.385012996171977
"40832","20074.16",40832,76084543,-0.166297539888858
"40833","20074.16",40833,76090878,-0.655521064424904
"40834","20074.16",40834,76091746,0.0414510820544667
"40835","20074.16",40835,76096053,-0.0549266566348665
"40836","20074.16",40836,76096084,0.416055553565447
"40837","20074.16",40837,76096725,0.102785565361721
"40838","20074.16",40838,76099459,0.191633911799831
"40839","20074.16",40839,76099909,-0.304323640333517
"40840","20074.16",40840,76104682,0.414747697025088
"40841","20074.16",40841,76105172,0.42596598122216
"40842","20074.16",40842,76105188,-0.290844162289888
"40843","20074.16",40843,76107317,-0.129121575184029
"40844","20074.16",40844,76107464,0.431569682986182
"40845","20074.16",40845,76111281,0.28909794349187
"40846","20074.16",40846,76111734,-0.00787401626578621
"40847","20074.16",40847,76112151,0.365072425222757
"40848","20074.16",40848,76115966,0.380431418704902
"40849","20074.16",40849,76116063,0.259121689416124
"40850","20074.16",40850,76116405,-0.148848707024045
"40851","20074.16",40851,76116457,-0.379140970031925
"40852","20074.16",40852,76118837,-0.245452179452336
"40853","20074.16",40853,76120473,-0.295473610178616
"40854","20074.16",40854,76120587,0.14573359847958
"40855","20074.16",40855,76126699,0.067451397966912
"40856","20074.16",40856,76127851,-0.238040205465915
"40857","20074.16",40857,76128562,0.706832833780008
"40858","20074.16",40858,76129356,0.69517755843322
"40859","20074.16",40859,76129661,-0.0642991303938372
"40860","20074.16",40860,76129705,-0.126916278552368
"40861","20074.16",40861,76133848,0.919909947327471
"40862","20074.16",40862,76133928,-0.411663470392644
"40863","20074.16",40863,76134189,0.228984798374222
"40864","20074.16",40864,76135033,0.644850293739442
"40865","20074.16",40865,76143440,-1.08592471840401
"40866","20074.16",40866,76143778,0.102671444966122
"40867","20074.16",40867,76144354,-0.538417971468927
"40868","20074.16",40868,76146757,0.25166674071964
"40869","20074.16",40869,76148244,-0.139005110392945
"40870","20074.16",40870,76149404,0.0697805172371986
"40871","20074.16",40871,76150867,-0.372020650443536
"40872","20074.16",40872,76151461,0.484457376159583
"40873","20074.16",40873,76151905,0.286100206889279
"40874","20074.16",40874,76152170,0.39342599993659
"40875","20074.16",40875,76154981,-0.309579463104666
"40876","20074.16",40876,76155777,-0.163915397674272
"40877","20074.16",40877,76155810,0.0438588883998703
"40878","20074.16",40878,76156154,0.0768385451800233
"40879","20074.16",40879,76156370,-0.0171547690649572
"40880","20074.16",40880,76156421,-0.301255520530536
"40881","20074.16",40881,76158919,0.681039281061218
"40882","20074.16",40882,76159151,0.163926070753051
"40883","20074.16",40883,76160272,0.312529594818877
"40884","20074.16",40884,76162187,0.21557391163233
"40885","20074.16",40885,76162788,-0.455982202149443
"40886","20074.16",40886,76162993,0.472847696152244
"40887","20074.16",40887,76163049,0.480614321251161
"40888","20074.16",40888,76163081,1.00965335859067
"40889","20074.16",40889,76163109,0.527784897970087
"40890","20074.16",40890,76163183,0.479588725370035
"40891","20074.16",40891,76163371,1.1531883096987
"40892","20074.16",40892,76166292,-0.514888642785865
"40893","20074.16",40893,76166592,0.451729171837466
"40894","20074.16",40894,76169443,0.624833362046714
"40895","20074.16",40895,76169491,0.515179750874043
"40896","20074.16",40896,76169527,0.0285985348195625
"40897","20074.16",40897,76169867,0.268479992664301
"40898","20074.16",40898,76170076,0.963936380816256
"40899","20074.16",40899,76170362,0.0801860920660369
"40900","20074.16",40900,76170398,-0.578225600984607
"40901","20074.16",40901,76170483,-0.880013969884023
"40902","20074.16",40902,76170881,-0.641135215942156
"40903","20074.16",40903,76172275,-0.198843890694837
"40904","20074.16",40904,76172287,-0.312063494224573
"40905","20074.16",40905,76174575,-1.07672139080729
"40906","20074.16",40906,76181066,-1.04467962896472
"40907","20074.16",40907,76183526,-0.00698476872679255
"40908","20074.16",40908,76186992,0.172591984645608
"40909","20074.16",40909,76187009,-1.15917449009774
"40910","20074.16",40910,76191967,-0.650122068781479
"40911","20074.16",40911,76195575,0.180679744816602
"40912","20074.16",40912,76195605,-0.0987378975206292
"40913","20074.16",40913,76197556,-0.394776887337017
"40914","20074.16",40914,76199960,0.276305185323536
"40915","20074.16",40915,76200446,-0.303767124558031
"40916","20074.16",40916,76203282,-0.413018141837636
"40917","20074.16",40917,76203327,-0.0514162140318328
"40918","20074.16",40918,76203516,-0.803080001940685
"40919","20074.16",40919,76206844,-0.098352422139456
"40920","20074.16",40920,76207254,-0.453489838156264
"40921","20074.16",40921,76208994,-0.529814986557188
"40922","20074.16",40922,76209112,0.649009341565759
"40923","20074.16",40923,76211761,-0.216658961337127
"40924","20074.16",40924,76212279,0.840000426430255
"40925","20074.16",40925,76213000,-0.483819382491811
"40926","20074.16",40926,76213549,-0.164452509483344
"40927","20074.16",40927,76213753,0.296314620376731
"40928","20074.16",40928,76214494,0.49874123816642
"40929","20074.16",40929,76214593,0.408696166152377
"40930","20074.16",40930,76215159,-0.209191517113881
"40931","20074.16",40931,76215621,-0.779835047774958
"40932","20074.16",40932,76216149,-0.0979888045435935
"40933","20074.16",40933,76218185,-0.0757670044526986
"40934","20074.16",40934,76222437,0.418727130185924
"40935","20074.16",40935,76223230,0.228286711924744
"40936","20074.16",40936,76223682,0.433744554098953
"40937","20074.16",40937,76224147,-0.00653736848736752
"40938","20074.16",40938,76224990,0.102981103999639
"40939","20074.16",40939,76225049,-0.186556220622434
"40940","20074.16",40940,76227484,-0.209065210185668
"40941","20074.16",40941,76227906,0.268079281905874
"40942","20074.16",40942,76229581,0.678160738259616
"40943","20074.16",40943,76233399,0.208451768580515
"40944","20074.16",40944,76234177,-0.099242429896461
"40945","20074.16",40945,76234184,0.410927925973916
"40946","20074.16",40946,76234935,0.109466407037345
"40947","20074.16",40947,76235026,0.382312490380751
"40948","20074.16",40948,76235245,1.03014406264933
"40949","20074.16",40949,76235264,0.632988236145345
"40950","20074.16",40950,76235438,0.198518614712297
"40951","20074.16",40951,76235710,-0.211398514256834
"40952","20074.16",40952,76235828,0.360636693756905
"40953","20074.16",40953,76235863,0.807570224067809
"40954","20074.16",40954,76236062,1.14292965207752
"40955","20074.16",40955,76236112,0.808102976596499
"40956","20074.16",40956,76236554,0.483025711365484
"40957","20074.16",40957,76236634,0.776335932000287
"40958","20074.16",40958,76236787,0.35859117180751
"40959","20074.16",40959,76236812,-0.445733705871137
"40960","20074.16",40960,76238247,0.122328202325729
"40961","20074.16",40961,76238463,0.0524799252113066
"40962","20074.16",40962,76239241,-1.30571085430501
"40963","20074.16",40963,76239980,0.280824563209786
"40964","20074.16",40964,76240509,0.294203716103099
"40965","20074.16",40965,76240999,0.408192171310785
"40966","20074.16",40966,76241413,0.75324556224817
"40967","20074.16",40967,76242117,-1.00034971309932
"40968","20074.16",40968,76243043,0.596179613027439
"40969","20074.16",40969,76244678,-0.0331088823057764
"40970","20074.16",40970,76246904,-0.17964753296731
"40971","20074.16",40971,76249058,-0.547654351319125
"40972","20074.16",40972,76252478,-0.0550212511493715
"40973","20074.16",40973,76252992,0.239562491330128
"40974","20074.16",40974,76253050,0.188029036036004
"40975","20074.16",40975,76254221,0.475147440823808
"40976","20074.16",40976,76254341,-0.141537212445951
"40977","20074.16",40977,76254472,0.253860064202791
"40978","20074.16",40978,76258590,-0.342818094053156
"40979","20074.16",40979,76259067,0.0713947389687952
"40980","20074.16",40980,76261161,0.335778586065126
"40981","20074.16",40981,76261207,0.973890585474106
"40982","20074.16",40982,76261676,0.665226408138278
"40983","20074.16",40983,76264399,1.01285495293131
"40984","20074.16",40984,76264431,0.4617027047223
"40985","20074.16",40985,76264456,-0.75435582132082
"40986","20074.16",40986,76264525,0.702250533793467
"40987","20074.16",40987,76264553,0.164902905164829
"40988","20074.16",40988,76264609,0.488999360881965
"40989","20074.16",40989,76264745,-0.32521236210792
"40990","20074.16",40990,76264802,-0.425449691288609
"40991","20074.16",40991,76264817,-0.547015847417347
"40992","20074.16",40992,76264880,-0.728677968672289
"40993","20074.16",40993,76265155,-0.874418271366975
"40994","20074.16",40994,76265211,-0.464726962256472
"40995","20074.16",40995,76265282,-0.363171221527129
"40996","20074.16",40996,76265388,0.287180614696337
"40997","20074.16",40997,76267235,-1.33481018874017
"40998","20074.16",40998,76267512,-0.440663702619271
"40999","20074.16",40999,76267544,0.0228092934938227
"41000","20074.16",41000,76267591,-0.3707864868758
"41001","20074.16",41001,76267926,-0.537882424793196
"41002","20074.16",41002,76268090,-0.339913368614106
"41003","20074.16",41003,76268519,0.654863147518268
"41004","20074.16",41004,76268960,0.664859422926207
"41005","20074.16",41005,76269793,0.295215056508401
"41006","20074.16",41006,76269932,-0.466321912617738
"41007","20074.16",41007,76269973,0.0941345424586677
"41008","20074.16",41008,76269987,0.518725814153668
"41009","20074.16",41009,76270004,-0.600577538426761
"41010","20074.16",41010,76270131,0.514150105368157
"41011","20074.16",41011,76270143,0.938054952219589
"41012","20074.16",41012,76270241,0.584850810620092
"41013","20074.16",41013,76270256,-0.331620718104718
"41014","20074.16",41014,76271661,0.130234632451459
"41015","20074.16",41015,76271677,-1.83763792517975
"41016","20074.16",41016,76271722,-0.756305472961766
"41017","20074.16",41017,76271736,-1.1048388129441
"41018","20074.16",41018,76271775,-0.745691537604011
"41019","20074.16",41019,76271790,-0.0547547674293272
"41020","20074.16",41020,76271827,-0.113474308174403
"41021","20074.16",41021,76271920,-0.35727786655317
"41022","20074.16",41022,76271975,0.320175728221893
"41023","20074.16",41023,76271996,-0.831212717828728
"41024","20074.16",41024,76272617,-0.16500748415774
"41025","20074.16",41025,76273420,-1.05372504572771
"41026","20074.16",41026,76274271,-1.48823086627874
"41027","20074.16",41027,76274993,0.316197587161315
"41028","20074.16",41028,76275447,0.419102108930663
"41029","20074.16",41029,76278897,-0.302162388471483
"41030","20074.16",41030,76279001,0.361341593083206
"41031","20074.16",41031,76279702,0.162758246963332
"41032","20074.16",41032,76281066,0.384992566432632
"41033","20074.16",41033,76281199,-0.176443907110464
"41034","20074.16",41034,76282441,-0.23738375205389
"41035","20074.16",41035,76282929,-0.13634937828738
"41036","20074.16",41036,76282990,0.292636177555647
"41037","20074.16",41037,76283043,0.303190599573818
"41038","20074.16",41038,76290252,-0.444840640636151
"41039","20074.16",41039,76290605,0.264045415907785
"41040","20074.16",41040,76291621,-0.133073644157919
"41041","20074.16",41041,76294795,-0.0421305134947438
"41042","20074.16",41042,76295487,0.310714324143617
"41043","20074.16",41043,76297606,-0.849067773942019
"41044","20074.16",41044,76297949,-0.553833377464745
"41045","20074.16",41045,76301292,0.406331557697404
"41046","20074.16",41046,76301924,-0.445237489676016
"41047","20074.16",41047,76302870,0.292527323689241
"41048","20074.16",41048,76310477,0.159364753509789
"41049","20074.16",41049,76314571,-0.47186111552771
"41050","20074.16",41050,76314801,0.59792741939076
"41051","20074.16",41051,76315073,0.463007364449518
"41052","20074.16",41052,76317435,-0.234920779323901
"41053","20074.16",41053,76317874,0.87078394049866
"41054","20074.16",41054,76318114,0.544859436292358
"41055","20074.16",41055,76318640,0.375447431448753
"41056","20074.16",41056,76319463,0.242268142130629
"41057","20074.16",41057,76319771,-0.178792807351441
"41058","20074.16",41058,76321560,-0.712733762815497
"41059","20074.16",41059,76324003,0.0798062197297877
"41060","20074.16",41060,76324006,0.721029999445126
"41061","20074.16",41061,76324256,0.71660032176403
"41062","20074.16",41062,76324361,0.43959849502117
"41063","20074.16",41063,76325826,0.552543076636174
"41064","20074.16",41064,76325856,0.0220359615854191
"41065","20074.16",41065,76326032,0.171704808466281
"41066","20074.16",41066,76326219,0.686781574682462
"41067","20074.16",41067,76326496,0.436575707744567
"41068","20074.16",41068,76327768,0.282827249491016
"41069","20074.16",41069,76328144,0.20850407332279
"41070","20074.16",41070,76328358,-0.114830407688323
"41071","20074.16",41071,76328686,-0.26783159046084
"41072","20074.16",41072,76329087,0.48443123122654
"41073","20074.16",41073,76330345,0.490958118687357
"41074","20074.16",41074,76331867,0.321195991486865
"41075","20074.16",41075,76331928,0.421385509308588
"41076","20074.16",41076,76334222,-0.782089838900747
"41077","20074.16",41077,76334673,-0.0469989780649982
"41078","20074.16",41078,76335199,0.841041838359591
"41079","20074.16",41079,76335653,-0.217945662061069
"41080","20074.16",41080,76335822,0.387212140606654
"41081","20074.16",41081,76336609,0.630849934225732
"41082","20074.16",41082,76337399,0.264479340746008
"41083","20074.16",41083,76337427,-0.0201684164878895
"41084","20074.16",41084,76339254,0.80561958707679
"41085","20074.16",41085,76339660,-0.455532114688634
"41086","20074.16",41086,76339743,-0.272321507230511
"41087","20074.16",41087,76344391,0.199833065685753
"41088","20074.16",41088,76344491,-0.481749952928226
"41089","20074.16",41089,76344564,0.0600448659010251
"41090","20074.16",41090,76344761,-0.208246128649998
"41091","20074.16",41091,76345993,0.51011756706495
"41092","20074.16",41092,76346285,-0.41688206098116
"41093","20074.16",41093,76346664,-0.227402096176449
"41094","20074.16",41094,76347519,-0.719141635640833
"41095","20074.16",41095,76348940,0.234277902425256
"41096","20074.16",41096,76348997,0.0349292129561123
"41097","20074.16",41097,76351293,0.186313928934828
"41098","20074.16",41098,76351772,0.147138043288302
"41099","20074.16",41099,76351875,0.0319134933624268
"41100","20074.16",41100,76352049,-0.0698266278917785
"41101","20074.16",41101,76354875,0.210387888200644
"41102","20074.16",41102,76355255,-0.104638711387913
"41103","20074.16",41103,76355798,0.145088710100112
"41104","20074.16",41104,76355921,-0.353285089315864
"41105","20074.16",41105,76357878,-0.0259228980137571
"41106","20074.16",41106,76358026,0.591312106140742
"41107","20074.16",41107,76358143,-0.209184359294866
"41108","20074.16",41108,76361120,-0.121552705431081
"41109","20074.16",41109,76363786,-0.0185078685200013
"41110","20074.16",41110,76367963,-1.82084491907381
"41111","20074.16",41111,76369917,0.114612208101158
"41112","20074.16",41112,76369945,0.677399875417017
"41113","20074.16",41113,76370101,0.709220201645421
"41114","20074.16",41114,76370892,0.169460929090229
"41115","20074.16",41115,76371300,0.765744405950888
"41116","20074.16",41116,76374238,-0.0451282073938852
"41117","20074.16",41117,76374438,-0.473178660069857
"41118","20074.16",41118,76375008,0.935936923572339
"41119","20074.16",41119,76377771,0.355613072568194
"41120","20074.16",41120,76377886,0.333883595451684
"41121","20074.16",41121,76387188,0.137783634724975
"41122","20074.16",41122,76389134,-0.614247317128934
"41123","20074.16",41123,76390440,-0.289230764291313
"41124","20074.16",41124,76390571,0.456508226434573
"41125","20074.16",41125,76390605,-0.811650744941598
"41126","20074.16",41126,76390806,0.175976912500833
"41127","20074.16",41127,76391243,-0.316903767795309
"41128","20074.16",41128,76391292,-0.843448486452547
"41129","20074.16",41129,76391407,0.526875153564705
"41130","20074.16",41130,76391889,-0.544316439629108
"41131","20074.16",41131,76392492,0.333601547930388
"41132","20074.16",41132,76394023,-0.173617872370975
"41133","20074.16",41133,76394420,0.114005254416564
"41134","20074.16",41134,76396398,-0.444874082883292
"41135","20074.16",41135,76397467,0.0591367517943766
"41136","20074.16",41136,76397733,0.353830956382812
"41137","20074.16",41137,76400768,-0.657236905613611
"41138","20074.16",41138,76400985,-0.0565386472153824
"41139","20074.16",41139,76401118,-0.296927203915788
"41140","20074.16",41140,76401797,-0.0205304316543877
"41141","20074.16",41141,76401869,-0.120965137049706
"41142","20074.16",41142,76402186,1.18015371660063
"41143","20074.16",41143,76403215,-0.302796495127049
"41144","20074.16",41144,76403394,-0.441260867652677
"41145","20074.16",41145,76403973,0.958655851776691
"41146","20074.16",41146,76404057,0.392772309202738
"41147","20074.16",41147,76404173,1.02217160850723
"41148","20074.16",41148,76404451,-1.26068593719785
"41149","20074.16",41149,76404556,0.367375934571068
"41150","20074.16",41150,76404590,0.484828092448992
"41151","20074.16",41151,76405516,0.405128403478739
"41152","20074.16",41152,76405589,-0.100990013433717
"41153","20074.16",41153,76406388,0.447855792462266
"41154","20074.16",41154,76409032,-0.222886988724571
"41155","20074.16",41155,76409467,0.508826291037036
"41156","20074.16",41156,76409615,0.525236873506
"41157","20074.16",41157,76410266,0.320351071930649
"41158","20074.16",41158,76411228,-0.266265510959656
"41159","20074.16",41159,76411325,0.139442387578187
"41160","20074.16",41160,76411476,0.0300494383269791
"41161","20074.16",41161,76412151,0.628015627985433
"41162","20074.16",41162,76412317,0.102127980799073
"41163","20074.16",41163,76412600,-0.219102186399637
"41164","20074.16",41164,76412907,0.673366495199633
"41165","20074.16",41165,76415411,-1.04954797712809
"41166","20074.16",41166,76417769,-0.317799951369652
"41167","20074.16",41167,76418991,-0.634814642121713
"41168","20074.16",41168,76419114,-0.0248273078828278
"41169","20074.16",41169,76423101,0.470968628220835
"41170","20074.16",41170,76423219,0.243609794057725
"41171","20074.16",41171,76425169,-0.084877044029601
"41172","20074.16",41172,76426220,-0.342147462827675
"41173","20074.16",41173,76426434,0.730608351259536
"41174","20074.16",41174,76426749,0.774750292673084
"41175","20074.16",41175,76427367,0.178081217367914
"41176","20074.16",41176,76427826,0.282273340732362
"41177","20074.16",41177,76431081,-0.25926597032951
"41178","20074.16",41178,76432375,-0.90491510100397
"41179","20074.16",41179,76432398,-0.0186648076027307
"41180","20074.16",41180,76433427,-0.0483597113673371
"41181","20074.16",41181,76434817,0.342598149457042
"41182","20074.16",41182,76434865,-0.0984453259732199
"41183","20074.16",41183,76437911,-0.2971846465078
"41184","20074.16",41184,76438005,-0.656296063169973
"41185","20074.16",41185,76438289,-0.568325562717995
"41186","20074.16",41186,76439175,0.628511147166711
"41187","20074.16",41187,76439646,0.472516192685188
"41188","20074.16",41188,76439799,0.73107102197064
"41189","20074.16",41189,76441997,-0.442467765948388
"41190","20074.16",41190,76442450,-0.201834957916294
"41191","20074.16",41191,76442859,0.0830152978046543
"41192","20074.16",41192,76442931,-0.0840858707663452
"41193","20074.16",41193,76442956,0.681323692558519
"41194","20074.16",41194,76444863,0.326567134100283
"41195","20074.16",41195,76445023,0.485792226221876
"41196","20074.16",41196,76445839,0.528594185300897
"41197","20074.16",41197,76446017,-1.95086971768187
"41198","20074.16",41198,76446166,-0.269613900929187
"41199","20074.16",41199,76447179,-0.485133784032709
"41200","20074.16",41200,76448757,0.591601402607247
"41201","20074.16",41201,76449114,-0.187656433452705
"41202","20074.16",41202,76457330,-0.601587595586038
"41203","20074.16",41203,76457448,-0.296887961235168
"41204","20074.16",41204,76457786,0.454699900530289
"41205","20074.16",41205,76457803,-0.194567132386777
"41206","20074.16",41206,76457811,-0.78632065079458
"41207","20074.16",41207,76458238,-0.00844920270820904
"41208","20074.16",41208,76458837,-2.21678011529899
"41209","20074.16",41209,76459974,0.0277155523480559
"41210","20074.16",41210,76460139,0.296510385927555
"41211","20074.16",41211,76460245,0.420471389537238
"41212","20074.16",41212,76461842,0.621816685363565
"41213","20074.16",41213,76462538,0.96663509397845
"41214","20074.16",41214,76462582,0.781641011565552
"41215","20074.16",41215,76463255,0.955403952364187
"41216","20074.16",41216,76463689,0.701403580934346
"41217","20074.16",41217,76464350,-0.201026264256569
"41218","20074.16",41218,76464739,-0.905245899171025
"41219","20074.16",41219,76465146,0.213699746666228
"41220","20074.16",41220,76465969,0.399061001093691
"41221","20074.16",41221,76466570,-0.114677596036239
"41222","20074.16",41222,76466705,-0.13424602194636
"41223","20074.16",41223,76466976,-0.0522099280887325
"41224","20074.16",41224,76467569,0.11413618222119
"41225","20074.16",41225,76472469,0.240113529988427
"41226","20074.16",41226,76472512,0.131712163321955
"41227","20074.16",41227,76472603,-0.35770664609045
"41228","20074.16",41228,76472683,-0.0303324851540259
"41229","20074.16",41229,76472778,0.539589244698624
"41230","20074.16",41230,76474707,0.0899799936581962
"41231","20074.16",41231,76475545,0.09902248273057
"41232","20074.16",41232,76475634,0.638861902100001
"41233","20074.16",41233,76483019,0.0968076908472062
"41234","20074.16",41234,76484576,0.432161895544419
"41235","20074.16",41235,76484841,0.177185166751062
"41236","20074.16",41236,76484876,1.12852577734837
"41237","20074.16",41237,76488247,1.22808482962083
"41238","20074.16",41238,76488623,0.802593476810197
"41239","20074.16",41239,76491444,-0.397127534767848
"41240","20074.16",41240,76493141,-0.0432228112385449
"41241","20074.16",41241,76493183,-0.172765999083009
"41242","20074.16",41242,76493413,0.0956526482896454
"41243","20074.16",41243,76493715,0.448558817901906
"41244","20074.16",41244,76494554,-0.138298055683237
"41245","20074.16",41245,76494893,-0.188016861729475
"41246","20074.16",41246,76495139,-0.483418558040142
"41247","20074.16",41247,76497625,1.02269087310208
"41248","20074.16",41248,76497704,0.190062225793751
"41249","20074.16",41249,76498997,-0.0397444361800678
"41250","20074.16",41250,76499475,-0.581938660165382
"41251","20074.16",41251,76499965,-0.274534661507
"41252","20074.16",41252,76500634,0.376806825357424
"41253","20074.16",41253,76501304,0.00901162177510084
"41254","20074.16",41254,76501328,0.852292086205172
"41255","20074.16",41255,76501609,0.452611126797417
"41256","20074.16",41256,76503780,-0.823605051865479
"41257","20074.16",41257,76504672,0.397231176305444
"41258","20074.16",41258,76505597,0.480760375752245
"41259","20074.16",41259,76505851,-0.315365966417763
"41260","20074.16",41260,76505951,0.259208015107128
"41261","20074.16",41261,76509424,-0.389573569552667
"41262","20074.16",41262,76509924,-1.28422756310432
"41263","20074.16",41263,76511489,-0.528111228523268
"41264","20074.16",41264,76514306,-0.500641829583087
"41265","20074.16",41265,76514379,-0.144290870008227
"41266","20074.16",41266,76515641,0.690353597244374
"41267","20074.16",41267,76519000,0.854571105687604
"41268","20074.16",41268,76521135,0.086017811962619
"41269","20074.16",41269,76521236,0.953423238318014
"41270","20074.16",41270,76522234,-0.385928347293359
"41271","20074.16",41271,76522419,-0.0180216355517846
"41272","20074.16",41272,76522590,0.529586420412461
"41273","20074.16",41273,76523432,-0.129470595797985
"41274","20074.16",41274,76527909,0.412018653865991
"41275","20074.16",41275,76528130,0.307685465074889
"41276","20074.16",41276,76528976,0.000321495924016091
"41277","20074.16",41277,76529676,-0.711692106752912
"41278","20074.16",41278,76529676,-0.443520565644432
"41279","20074.16",41279,76530137,0.580127198203011
"41280","20074.16",41280,76530208,-0.539088339098204
"41281","20074.16",41281,76530582,0.192760346056617
"41282","20074.16",41282,76530927,-0.162329746487099
"41283","20074.16",41283,76531199,-0.472335595890431
"41284","20074.16",41284,76534443,0.694927960906335
"41285","20074.16",41285,76534558,1.53929376479473
"41286","20074.16",41286,76535413,0.233876020246328
"41287","20074.16",41287,76536077,0.125142841801057
"41288","20074.16",41288,76537196,0.131836152928918
"41289","20074.16",41289,76538655,-0.314658452893905
"41290","20074.16",41290,76540800,-2.89783471129018
"41291","20074.16",41291,76541890,-2.2551332095397
"41292","20074.16",41292,76544758,0.695547003522553
"41293","20074.16",41293,76545027,0.0493181117978176
"41294","20074.16",41294,76546270,0.68020645215593
"41295","20074.16",41295,76546483,-0.0927193486423832
"41296","20074.16",41296,76546856,0.691709173870907
"41297","20074.16",41297,76547264,0.402485921709913
"41298","20074.16",41298,76547629,0.553464563066746
"41299","20074.16",41299,76547870,-0.103649403427803
"41300","20074.16",41300,76550221,-0.460838742797408
"41301","20074.16",41301,76550482,0.427490001651079
"41302","20074.16",41302,76552331,-0.119498975751504
"41303","20074.16",41303,76552674,-0.354993370934408
"41304","20074.16",41304,76552841,0.4585871568257
"41305","20074.16",41305,76554539,0.00542186764597563
"41306","20074.16",41306,76555205,-1.28482918110462
"41307","20074.16",41307,76555943,-0.238978628028415
"41308","20074.16",41308,76560055,-0.096584278668109
"41309","20074.16",41309,76561017,-0.172373890884538
"41310","20074.16",41310,76562105,-0.0990088699529759
"41311","20074.16",41311,76564432,-0.495686145279076
"41312","20074.16",41312,76565324,0.267627510267295
"41313","20074.16",41313,76565917,0.303541714749538
"41314","20074.16",41314,76566157,-0.383560613545268
"41315","20074.16",41315,76566358,0.147398865946846
"41316","20074.16",41316,76568660,-0.603057734846527
"41317","20074.16",41317,76568814,0.288299604542062
"41318","20074.16",41318,76568849,0.00871953135059833
"41319","20074.16",41319,76569162,-0.356626014906015
"41320","20074.16",41320,76576563,0.307495328617271
"41321","20074.16",41321,76576662,0.345134378505194
"41322","20074.16",41322,76576729,-0.581729483417219
"41323","20074.16",41323,76579118,-0.48792968099433
"41324","20074.16",41324,76579192,-0.404243069020026
"41325","20074.16",41325,76595025,0.612418531321038
"41326","20074.16",41326,76595089,0.371513355824979
"41327","20074.16",41327,76595391,-0.664494499138632
"41328","20074.16",41328,76595978,0.564908836783435
"41329","20074.16",41329,76596858,0.523249864275315
"41330","20074.16",41330,76596986,-0.263473759994657
"41331","20074.16",41331,76597134,0.336499574229312
"41332","20074.16",41332,76598532,0.153211183234217
"41333","20074.16",41333,76598782,0.321560189859334
"41334","20074.16",41334,76605753,-0.305608216933857
"41335","20074.16",41335,76606438,-0.153145617614086
"41336","20074.16",41336,76606808,0.713869052690703
"41337","20074.16",41337,76607868,0.74042259776063
"41338","20074.16",41338,76607888,-0.275330391150322
"41339","20074.16",41339,76610474,0.408329383874947
"41340","20074.16",41340,76610536,0.126743278120778
"41341","20074.16",41341,76610567,-0.0724980066906928
"41342","20074.16",41342,76610695,0.656012925197394
"41343","20074.16",41343,76611641,-0.739161447421218
"41344","20074.16",41344,76614289,0.357085395420799
"41345","20074.16",41345,76615627,0.156850880609158
"41346","20074.16",41346,76617696,0.517726046034071
"41347","20074.16",41347,76617915,-0.499714425625815
"41348","20074.16",41348,76617915,0.476273839843867
"41349","20074.16",41349,76618058,-0.990563237167305
"41350","20074.16",41350,76618594,-0.278920639377479
"41351","20074.16",41351,76618621,-0.251276727950665
"41352","20074.16",41352,76618964,0.276004896091245
"41353","20074.16",41353,76619022,-0.150817847584327
"41354","20074.16",41354,76623162,-0.266735919144961
"41355","20074.16",41355,76623728,-0.374324060670062
"41356","20074.16",41356,76625431,-0.0964771590253815
"41357","20074.16",41357,76628460,0.226377548748777
"41358","20074.16",41358,76628769,0.806510366359853
"41359","20074.16",41359,76629276,-0.744252124560358
"41360","20074.16",41360,76629660,-0.0207945309180158
"41361","20074.16",41361,76629678,0.197842751733394
"41362","20074.16",41362,76635963,-0.28629141744487
"41363","20074.16",41363,76638308,-0.340691567492994
"41364","20074.16",41364,76639193,0.346791910167842
"41365","20074.16",41365,76639432,-0.729143313707296
"41366","20074.16",41366,76648586,-0.12441943244295
"41367","20074.16",41367,76655244,0.0783962226016364
"41368","20074.16",41368,76656355,0.153790561207384
"41369","20074.16",41369,76658223,0.362981201062913
"41370","20074.16",41370,76660330,-0.632991345966452
"41371","20074.16",41371,76660423,0.416541779880258
"41372","20074.16",41372,76660855,0.338875126361107
"41373","20074.16",41373,76661283,0.261964899868819
"41374","20074.16",41374,76666686,-0.452254471461751
"41375","20074.16",41375,76666889,-0.42386611729624
"41376","20074.16",41376,76669491,-0.163966203392612
"41377","20074.16",41377,76672880,-0.337823110623782
"41378","20074.16",41378,76672890,-0.612391235347938
"41379","20074.16",41379,76673965,-0.348321997535267
"41380","20074.16",41380,76679174,-0.158391540935376
"41381","20074.16",41381,76680413,-0.183583557206458
"41382","20074.16",41382,76690569,0.0862118387850366
"41383","20074.16",41383,76692347,-1.2867329856734
"41384","20074.16",41384,76697630,-1.54081053314704
"41385","20074.16",41385,76701804,-0.0689505143709894
"41386","20074.16",41386,76703501,-0.611192393740688
"41387","20074.16",41387,76704229,0.462679786492347
"41388","20074.16",41388,76710087,0.177310474804662
"41389","20074.16",41389,76719520,0.0232419364237266
"41390","20074.16",41390,76720046,-0.265439599484523
"41391","20074.16",41391,76722500,0.489974811816148
"41392","20074.16",41392,76723053,0.80998682311698
"41393","20074.16",41393,76723086,-0.583964390205955
"41394","20074.16",41394,76723652,-0.172324279454135
"41395","20074.16",41395,76730448,0.0450851302733515
"41396","20074.16",41396,76730829,-0.610585137756481
"41397","20074.16",41397,76736413,-1.06506316078549
"41398","20074.16",41398,76736679,0.268722306717685
"41399","20074.16",41399,76737193,-0.538964930192741
"41400","20074.16",41400,76742027,-0.0493249809295655
"41401","20074.16",41401,76743157,-0.240918638562707
"41402","20074.16",41402,76743630,-0.211783170218847
"41403","20074.16",41403,76750120,1.0625866622116
"41404","20074.16",41404,76750466,-0.124206603282174
"41405","20074.16",41405,76756999,0.0684702204192522
"41406","20074.16",41406,76757489,-0.234040810618227
"41407","20074.16",41407,76759804,0.315928811168519
"41408","20074.16",41408,76760357,-1.16691956992417
"41409","20074.16",41409,76761656,0.367582248932501
"41410","20074.16",41410,76761728,0.537718812918544
"41411","20074.16",41411,76761933,1.09483158830858
"41412","20074.16",41412,76763375,0.115707159223054
"41413","20074.16",41413,76764517,0.487662705239274
"41414","20074.16",41414,76766109,-0.255492417939272
"41415","20074.16",41415,76766540,-0.213468568163518
"41416","20074.16",41416,76768946,-0.125421624180071
"41417","20074.16",41417,76774839,-0.028920406359056
"41418","20074.16",41418,76774918,0.0290137912382749
"41419","20074.16",41419,76775379,1.18689521247327
"41420","20074.16",41420,76775481,1.11442098869726
"41421","20074.16",41421,76775836,0.492654551748786
"41422","20074.16",41422,76778011,0.733456056537563
"41423","20074.16",41423,76778182,-0.418516699200053
"41424","20074.16",41424,76782109,-0.444524060587861
"41425","20074.16",41425,76784687,0.537306101048025
"41426","20074.16",41426,76784688,0.0393051518403693
"41427","20074.16",41427,76785670,-0.167657522164509
"41428","20074.16",41428,76786807,0.506025714686511
"41429","20074.16",41429,76790033,0.513535773947093
"41430","20074.16",41430,76790052,-1.08647187125883
"41431","20074.16",41431,76790609,-0.747903571574847
"41432","20074.16",41432,76795465,0.391254172924351
"41433","20074.16",41433,76798472,0.212517717958495
"41434","20074.16",41434,76798510,-0.117678045050059
"41435","20074.16",41435,76806130,-0.431533250847872
"41436","20074.16",41436,76806429,0.126053275845194
"41437","20074.16",41437,76808553,-0.904120956700147
"41438","20074.16",41438,76816657,-0.466362547296024
"41439","20074.16",41439,76818163,0.0814736988453042
"41440","20074.16",41440,76818670,0.0222841459269789
"41441","20074.16",41441,76819318,0.0814171035624076
"41442","20074.16",41442,76819529,0.653542104234146
"41443","20074.16",41443,76820122,-1.46821587196816
"41444","20074.16",41444,76820232,0.9851244612799
"41445","20074.16",41445,76832048,0.177857976897746
"41446","20074.16",41446,76832818,-0.187978473749473
"41447","20074.16",41447,76832844,0.258271906297998
"41448","20074.16",41448,76833131,-0.00425473938056076
"41449","20074.16",41449,76840187,0.0594698830751428
"41450","20074.16",41450,76840802,0.299180009712502
"41451","20074.16",41451,76842099,-0.491147929871741
"41452","20074.16",41452,76843218,-0.0602546927455254
"41453","20074.16",41453,76843804,0.211794805336255
"41454","20074.16",41454,76844518,-0.232644447899992
"41455","20074.16",41455,76850155,0.470311679993897
"41456","20074.16",41456,76850338,-0.543634838120234
"41457","20074.16",41457,76851683,-1.20710011538009
"41458","20074.16",41458,76852275,0.0649360429286654
"41459","20074.16",41459,76853629,-2.57821022834456
"41460","20074.16",41460,76854070,-0.00993885494418656
"41461","20074.16",41461,76857465,1.14554495297591
"41462","20074.16",41462,76862233,0.227927423631181
"41463","20074.16",41463,76862808,0.375609622840757
"41464","20074.16",41464,76864901,-0.446816183260726
"41465","20074.16",41465,76865122,0.262722910163494
"41466","20074.16",41466,76865280,0.463266732858403
"41467","20074.16",41467,76866601,-1.2972376360791
"41468","20074.16",41468,76870571,-0.572753086514416
"41469","20074.16",41469,76874323,-0.030285526018786
"41470","20074.16",41470,76874388,-1.03512393036097
"41471","20074.16",41471,76884557,-0.170566691871467
"41472","20074.16",41472,76884657,0.0978035584743235
"41473","20074.16",41473,76885312,-0.393051140104115
"41474","20074.16",41474,76887192,0.853219539271731
"41475","20074.16",41475,76888137,-0.238757858278439
"41476","20074.16",41476,76888276,-0.691889960468419
"41477","20074.16",41477,76889184,1.2878617910904
"41478","20074.16",41478,76889210,0.687865271855808
"41479","20074.16",41479,76889397,-0.275357269391106
"41480","20074.16",41480,76889490,0.328934474962062
"41481","20074.16",41481,76891473,-0.504669086911317
"41482","20074.16",41482,76898562,0.135093366993285
"41483","20074.16",41483,76899703,-0.235300005890444
"41484","20074.16",41484,76900910,-0.469099008613241
"41485","20074.16",41485,76901304,-0.125187192778469
"41486","20074.16",41486,76901318,0.399837011226864
"41487","20074.16",41487,76901857,0.0778871933634004
"41488","20074.16",41488,76902052,-0.270969782892943
"41489","20074.16",41489,76902147,-0.0229412067723054
"41490","20074.16",41490,76904602,-0.00536166217067446
"41491","20074.16",41491,76905030,0.971978672365608
"41492","20074.16",41492,76905108,0.401853840683461
"41493","20074.16",41493,76905154,0.393729947506938
"41494","20074.16",41494,76905295,0.667114929186934
"41495","20074.16",41495,76905308,0.712964748183219
"41496","20074.16",41496,76906570,-1.79228460368838
"41497","20074.16",41497,76907065,0.100725079196113
"41498","20074.16",41498,76907610,-0.784846210961082
"41499","20074.16",41499,76909887,0.153893613644453
"41500","20074.16",41500,76910128,0.0788302189518442
"41501","20074.16",41501,76910637,0.169952659537814
"41502","20074.16",41502,76910690,0.406386501697622
"41503","20074.16",41503,76912563,0.07680987923177
"41504","20074.16",41504,76912871,0.293757485434537
"41505","20074.16",41505,76913513,0.883003462360924
"41506","20074.16",41506,76913565,-0.979706907263234
"41507","20074.16",41507,76913880,0.10064836728257
"41508","20074.16",41508,76913999,0.213142131555714
"41509","20074.16",41509,76914224,0.674078602712311
"41510","20074.16",41510,76914240,0.0376428929047421
"41511","20074.16",41511,76914786,-0.898898383313353
"41512","20074.16",41512,76915012,0.530987018428626
"41513","20074.16",41513,76919385,0.607067520152127
"41514","20074.16",41514,76919769,-0.00767358372153115
"41515","20074.16",41515,76919931,-0.895758389053685
"41516","20074.16",41516,76923269,0.229195691069245
"41517","20074.16",41517,76923308,-0.87409986735135
"41518","20074.16",41518,76923671,0.390411137901729
"41519","20074.16",41519,76924062,-0.070759142285115
"41520","20074.16",41520,76924270,1.08317226429393
"41521","20074.16",41521,76925017,0.269274083179744
"41522","20074.16",41522,76925161,-0.229120007238944
"41523","20074.16",41523,76925179,-0.265136988055827
"41524","20074.16",41524,76925258,-0.459274336822805
"41525","20074.16",41525,76925341,-0.854699746739529
"41526","20074.16",41526,76927590,-0.0614993252335996
"41527","20074.16",41527,76930399,-0.523173915923882
"41528","20074.16",41528,76934666,-0.407368558169812
"41529","20074.16",41529,76934958,-0.474178489012507
"41530","20074.16",41530,76935150,0.64887425778382
"41531","20074.16",41531,76935180,0.131157633529118
"41532","20074.16",41532,76935310,-0.432622436650464
"41533","20074.16",41533,76935491,-0.338513368223604
"41534","20074.16",41534,76935639,-0.378894034635213
"41535","20074.16",41535,76942800,0.605521118387165
"41536","20074.16",41536,76942873,-1.12247812904404
"41537","20074.16",41537,76943017,-0.0152411477640548
"41538","20074.16",41538,76943069,0.0484119151945945
"41539","20074.16",41539,76943482,0.0417426953563282
"41540","20074.16",41540,76944964,0.3848814902597
"41541","20074.16",41541,76945433,0.720770346432904
"41542","20074.16",41542,76945746,1.16194358671973
"41543","20074.16",41543,76946107,-0.862386694346264
"41544","20074.16",41544,76946526,0.819994380573829
"41545","20074.16",41545,76948119,0.46633066340081
"41546","20074.16",41546,76949414,-0.128656128609079
"41547","20074.16",41547,76949521,0.0776330753857577
"41548","20074.16",41548,76950753,0.377873535813248
"41549","20074.16",41549,76952839,0.587575171342318
"41550","20074.16",41550,76953364,0.179315448058381
"41551","20074.16",41551,76954006,1.48918159131363
"41552","20074.16",41552,76954048,0.3360211496901
"41553","20074.16",41553,76954111,-0.00983497701811942
"41554","20074.16",41554,76954287,0.697128254786098
"41555","20074.16",41555,76954349,0.31732761661194
"41556","20074.16",41556,76955011,0.252915717299099
"41557","20074.16",41557,76955287,-0.264273801840515
"41558","20074.16",41558,76956037,0.0156553182234314
"41559","20074.16",41559,76956284,1.098605869935
"41560","20074.16",41560,76957091,0.77319532053179
"41561","20074.16",41561,76958321,-0.133505970210496
"41562","20074.16",41562,76958506,-0.115628175284663
"41563","20074.16",41563,76963429,0.448913865558143
"41564","20074.16",41564,76964073,0.590023376660185
"41565","20074.16",41565,76964160,0.451436400369924
"41566","20074.16",41566,76964186,-0.079922943947138
"41567","20074.16",41567,76966363,-0.465971243384069
"41568","20074.16",41568,76966586,0.329222081001103
"41569","20074.16",41569,76967879,0.539824093820344
"41570","20074.16",41570,76968405,-0.28358256783512
"41571","20074.16",41571,76968544,-0.10515386680278
"41572","20074.16",41572,76969076,0.173082285974506
"41573","20074.16",41573,76978091,0.280819146413074
"41574","20074.16",41574,76978107,0.88129842225705
"41575","20074.16",41575,76978695,0.092140868245897
"41576","20074.16",41576,76979342,0.908033466944596
"41577","20074.16",41577,76979372,0.175890076975838
"41578","20074.16",41578,76979401,-0.248987547493797
"41579","20074.16",41579,76979597,-0.675512708058739
"41580","20074.16",41580,76980013,0.511956647053895
"41581","20074.16",41581,76980418,-0.935262725053705
"41582","20074.16",41582,76983051,-0.150070395275666
"41583","20074.16",41583,76983596,-0.0048827218864016
"41584","20074.16",41584,76983696,-0.235414866292771
"41585","20074.16",41585,76990374,0.206780598307438
"41586","20074.16",41586,76990769,-0.0553134815650029
"41587","20074.16",41587,76991109,0.426719169705117
"41588","20074.16",41588,76991593,0.986627051619183
"41589","20074.16",41589,76993424,0.301063621632937
"41590","20074.16",41590,76994196,0.0323801634541043
"41591","20074.16",41591,77003439,0.360233743265396
"41592","20074.16",41592,77003673,-0.093033210303652
"41593","20074.16",41593,77004304,0.323903977008972
"41594","20074.16",41594,77004779,0.299010665725658
"41595","20074.16",41595,77005005,0.207653860147012
"41596","20074.16",41596,77005187,-0.482612548094337
"41597","20074.16",41597,77006028,0.0172879037631715
"41598","20074.16",41598,77008627,0.169778255679462
"41599","20074.16",41599,77010287,0.640264006242355
"41600","20074.16",41600,77010565,-1.73271830342366
"41601","20074.16",41601,77011033,-0.221826547677477
"41602","20074.16",41602,77011245,0.635906640328892
"41603","20074.16",41603,77012217,0.445591610939267
"41604","20074.16",41604,77013009,0.0151350206468948
"41605","20074.16",41605,77013046,-0.133022433074307
"41606","20074.16",41606,77013237,-0.0222877262557359
"41607","20074.16",41607,77013679,0.286278421207622
"41608","20074.16",41608,77014114,1.46544070336947
"41609","20074.16",41609,77014503,-0.846674102026278
"41610","20074.16",41610,77014809,0.650209299833626
"41611","20074.16",41611,77015325,-0.29449018702033
"41612","20074.16",41612,77016246,-0.896983259152027
"41613","20074.16",41613,77016280,-0.123759190913847
"41614","20074.16",41614,77020003,0.331018782025281
"41615","20074.16",41615,77021747,-0.024896904356809
"41616","20074.16",41616,77022699,0.244261886314347
"41617","20074.16",41617,77023447,0.138804837058225
"41618","20074.16",41618,77026848,-0.626008738307404
"41619","20074.16",41619,77027507,0.188760596655416
"41620","20074.16",41620,77030861,0.582551645710724
"41621","20074.16",41621,77030884,-0.0361551328870542
"41622","20074.16",41622,77031179,-0.201723106670706
"41623","20074.16",41623,77031325,1.06101403973541
"41624","20074.16",41624,77031378,0.543005617509245
"41625","20074.16",41625,77031457,0.628081383315751
"41626","20074.16",41626,77031505,0.949963889071797
"41627","20074.16",41627,77034890,-1.38714369961899
"41628","20074.16",41628,77034990,1.05821351522802
"41629","20074.16",41629,77035260,-0.0614176453929671
"41630","20074.16",41630,77037444,0.646403721191738
"41631","20074.16",41631,77037952,-0.0886420210906937
"41632","20074.16",41632,77038153,-0.221505837144759
"41633","20074.16",41633,77038245,0.287078054315265
"41634","20074.16",41634,77039465,0.0199908477234967
"41635","20074.16",41635,77039769,0.714808974386979
"41636","20074.16",41636,77039864,0.39415938383273
"41637","20074.16",41637,77041957,0.460206078408466
"41638","20074.16",41638,77042280,1.10863963772356
"41639","20074.16",41639,77042939,0.77682259670018
"41640","20074.16",41640,77043337,0.721154164712307
"41641","20074.16",41641,77043478,0.768341641988859
"41642","20074.16",41642,77043517,-0.149311504701208
"41643","20074.16",41643,77043538,0.353152294174873
"41644","20074.16",41644,77043677,1.02914651444292
"41645","20074.16",41645,77043906,-1.06941826095212
"41646","20074.16",41646,77047160,0.887178626378934
"41647","20074.16",41647,77047395,-0.225173118529406
"41648","20074.16",41648,77047416,0.30479325754795
"41649","20074.16",41649,77048049,0.199617007188762
"41650","20074.16",41650,77048724,-1.66131604169045
"41651","20074.16",41651,77049925,1.01774549608311
"41652","20074.16",41652,77050294,0.216069459113007
"41653","20074.16",41653,77052041,0.117680103243946
"41654","20074.16",41654,77052218,0.328290079783645
"41655","20074.16",41655,77053384,-0.31865242851169
"41656","20074.16",41656,77053413,0.159165734643739
"41657","20074.16",41657,77056081,-0.217527422111529
"41658","20074.16",41658,77056583,-0.814904965477405
"41659","20074.16",41659,77056921,0.490323694447228
"41660","20074.16",41660,77056962,0.73599999268789
"41661","20074.16",41661,77061708,-0.106984947877428
"41662","20074.16",41662,77062263,-0.54292056001517
"41663","20074.16",41663,77062365,0.489653334533187
"41664","20074.16",41664,77063052,-0.405514124932302
"41665","20074.16",41665,77063147,-0.20004230031492
"41666","20074.16",41666,77063426,0.224738957620631
"41667","20074.16",41667,77064484,-0.631498808136102
"41668","20074.16",41668,77065768,-0.585710192665238
"41669","20074.16",41669,77066007,0.287601639618269
"41670","20074.16",41670,77068569,-0.543515793096478
"41671","20074.16",41671,77071545,-0.20252943650516
"41672","20074.16",41672,77072321,0.446677539159638
"41673","20074.16",41673,77075284,0.146420780376944
"41674","20074.16",41674,77075599,0.287526986609406
"41675","20074.16",41675,77075668,0.552586812401786
"41676","20074.16",41676,77076091,-0.50640559822505
"41677","20074.16",41677,77076615,0.320422353670579
"41678","20074.16",41678,77077289,-0.349339070602376
"41679","20074.16",41679,77077326,0.96421248631786
"41680","20074.16",41680,77077672,0.370125156812297
"41681","20074.16",41681,77080337,0.931894919468815
"41682","20074.16",41682,77080803,0.038886714639907
"41683","20074.16",41683,77081389,0.107153255264667
"41684","20074.16",41684,77081500,-0.148692490540381
"41685","20074.16",41685,77083542,0.852931287805592
"41686","20074.16",41686,77084472,-0.0301787209023097
"41687","20074.16",41687,77086035,-0.00556867312852738
"41688","20074.16",41688,77087101,0.98145100944063
"41689","20074.16",41689,77087124,-0.278098930444703
"41690","20074.16",41690,77089751,-0.277993607384443
"41691","20074.16",41691,77090729,-0.17447967317222
"41692","20074.16",41692,77091611,0.0688719589743396
"41693","20074.16",41693,77093545,-1.10081884457869
"41694","20074.16",41694,77093916,-0.579980697296846
"41695","20074.16",41695,77094513,0.460896842203479
"41696","20074.16",41696,77094600,0.49231650261468
"41697","20074.16",41697,77095298,-0.0375760534186549
"41698","20074.16",41698,77096187,0.567340977615472
"41699","20074.16",41699,77096399,0.321149570891769
"41700","20074.16",41700,77097128,1.16471931984913
"41701","20074.16",41701,77097681,0.735271998144557
"41702","20074.16",41702,77097796,0.444576686245871
"41703","20074.16",41703,77097994,0.0659631458688752
"41704","20074.16",41704,77100089,0.893642414742758
"41705","20074.16",41705,77100932,0.539064716795624
"41706","20074.16",41706,77101055,0.304064344723886
"41707","20074.16",41707,77102306,-0.420085384117328
"41708","20074.16",41708,77102481,0.45874472214762
"41709","20074.16",41709,77103036,-1.3511952911813
"41710","20074.16",41710,77103137,0.417781139034312
"41711","20074.16",41711,77106254,-0.673781496220143
"41712","20074.16",41712,77106802,-1.57866639867681
"41713","20074.16",41713,77110441,0.655932761855568
"41714","20074.16",41714,77110496,-0.134966879650195
"41715","20074.16",41715,77111275,-0.22464183787902
"41716","20074.16",41716,77111347,-0.282222283684154
"41717","20074.16",41717,77111576,0.389999890741465
"41718","20074.16",41718,77111889,-0.192703624703426
"41719","20074.16",41719,77112219,0.395129097668501
"41720","20074.16",41720,77112516,0.0445562002685138
"41721","20074.16",41721,77112564,0.805056801546132
"41722","20074.16",41722,77114499,0.267540405375406
"41723","20074.16",41723,77116087,0.298660426218107
"41724","20074.16",41724,77121541,-0.437947420127959
"41725","20074.16",41725,77124218,-0.501242016576469
"41726","20074.16",41726,77125102,0.592061443435035
"41727","20074.16",41727,77125515,0.172137891329465
"41728","20074.16",41728,77127497,-0.00946521778355436
"41729","20074.16",41729,77127593,0.810869832003825
"41730","20074.16",41730,77127830,0.525974850554575
"41731","20074.16",41731,77128255,0.0276910081562276
"41732","20074.16",41732,77130479,-0.300867748985714
"41733","20074.16",41733,77133091,0.390313984493617
"41734","20074.16",41734,77133736,-0.540999606839886
"41735","20074.16",41735,77134246,-0.349589170219629
"41736","20074.16",41736,77137763,0.379130895235547
"41737","20074.16",41737,77137920,0.405878894238323
"41738","20074.16",41738,77138446,0.51490296574404
"41739","20074.16",41739,77138585,0.416863463701502
"41740","20074.16",41740,77139695,-0.487571005871565
"41741","20074.16",41741,77140117,0.300037275142871
"41742","20074.16",41742,77140138,0.582202640021612
"41743","20074.16",41743,77140894,-0.590950156767471
"41744","20074.16",41744,77146227,1.10303093977526
"41745","20074.16",41745,77146691,0.527998990785972
"41746","20074.16",41746,77146800,0.335291633421996
"41747","20074.16",41747,77146867,0.432177055263211
"41748","20074.16",41748,77147235,-0.0404317016068045
"41749","20074.16",41749,77149834,-0.62730455457201
"41750","20074.16",41750,77149907,-0.497785630546194
"41751","20074.16",41751,77152001,0.38574661677331
"41752","20074.16",41752,77152334,0.286611161128982
"41753","20074.16",41753,77155679,-1.03822149036879
"41754","20074.16",41754,77155820,-1.36841601986752
"41755","20074.16",41755,77156276,0.153016138483943
"41756","20074.16",41756,77156772,-0.15549991776845
"41757","20074.16",41757,77157652,0.668539967000831
"41758","20074.16",41758,77159378,-0.63097522847841
"41759","20074.16",41759,77162168,-0.47991086690172
"41760","20074.16",41760,77163008,0.0606439104182419
"41761","20074.16",41761,77163070,0.880498658562273
"41762","20074.16",41762,77163190,-0.13168675043741
"41763","20074.16",41763,77166668,-1.09656273650863
"41764","20074.16",41764,77167487,0.773562907549624
"41765","20074.16",41765,77167618,0.259588418337157
"41766","20074.16",41766,77168617,0.64869074755944
"41767","20074.16",41767,77169206,0.464556261494155
"41768","20074.16",41768,77169221,-0.915233335008722
"41769","20074.16",41769,77169357,-0.0282818502000408
"41770","20074.16",41770,77171366,-0.497815552798913
"41771","20074.16",41771,77171390,0.135246812190731
"41772","20074.16",41772,77172003,-0.832921171970031
"41773","20074.16",41773,77172017,-0.241034689518335
"41774","20074.16",41774,77175508,0.495042581970645
"41775","20074.16",41775,77175755,0.0524996146297729
"41776","20074.16",41776,77176525,0.104202278035444
"41777","20074.16",41777,77177128,-0.0735791019545244
"41778","20074.16",41778,77177737,-0.545703806888423
"41779","20074.16",41779,77178612,0.14629109830917
"41780","20074.16",41780,77178836,0.439923903022781
"41781","20074.16",41781,77179300,0.2068325739035
"41782","20074.16",41782,77179360,-0.731544544856636
"41783","20074.16",41783,77179611,0.295074887695974
"41784","20074.16",41784,77179684,-0.348617402525827
"41785","20074.16",41785,77179844,-0.201656660103047
"41786","20074.16",41786,77180073,-0.320071626108936
"41787","20074.16",41787,77180124,0.0682796989532912
"41788","20074.16",41788,77182693,-0.147655382250695
"41789","20074.16",41789,77183634,0.526056222877011
"41790","20074.16",41790,77183920,-0.527955866663755
"41791","20074.16",41791,77184115,0.288882074808268
"41792","20074.16",41792,77185479,0.123625795745694
"41793","20074.16",41793,77187655,0.192273400766107
"41794","20074.16",41794,77188044,0.460857874512283
"41795","20074.16",41795,77188299,0.267423066424656
"41796","20074.16",41796,77188359,0.213813976790057
"41797","20074.16",41797,77188567,0.9701824343066
"41798","20074.16",41798,77188616,0.776056198836943
"41799","20074.16",41799,77188692,-0.446373871090037
"41800","20074.16",41800,77191539,-0.00158653755453031
"41801","20074.16",41801,77191679,0.634174500794297
"41802","20074.16",41802,77191854,0.320703711968652
"41803","20074.16",41803,77194119,-0.564173178005574
"41804","20074.16",41804,77194531,0.457329442213644
"41805","20074.16",41805,77201485,-0.26610827454039
"41806","20074.16",41806,77206297,-0.550765901432026
"41807","20074.16",41807,77206562,0.258706266382871
"41808","20074.16",41808,77209201,-1.30119458341196
"41809","20074.16",41809,77209940,-0.121054093642899
"41810","20074.16",41810,77210238,-0.611615669673691
"41811","20074.16",41811,77210380,0.543600601857498
"41812","20074.16",41812,77211286,0.7317327798076
"41813","20074.16",41813,77211339,0.943605295372433
"41814","20074.16",41814,77214007,0.656017267748841
"41815","20074.16",41815,77219646,-0.19742129947065
"41816","20074.16",41816,77221679,-0.347772255132664
"41817","20074.16",41817,77222866,0.825161936828068
"41818","20074.16",41818,77227670,-0.674724019706991
"41819","20074.16",41819,77227884,0.307713651289471
"41820","20074.16",41820,77228629,0.262896180926314
"41821","20074.16",41821,77228866,-0.185957586691467
"41822","20074.16",41822,77229338,0.179115649105857
"41823","20074.16",41823,77231825,0.562605707101514
"41824","20074.16",41824,77233168,0.0494129655047404
"41825","20074.16",41825,77233338,-0.818245677355836
"41826","20074.16",41826,77233602,0.537653772094555
"41827","20074.16",41827,77234874,0.302550028022075
"41828","20074.16",41828,77237111,-0.0707203274340342
"41829","20074.16",41829,77237422,-0.0324814078433446
"41830","20074.16",41830,77237958,0.0363621149542324
"41831","20074.16",41831,77238044,0.209684240576268
"41832","20074.16",41832,77242779,-0.192305950669407
"41833","20074.16",41833,77244713,0.130088476189387
"41834","20074.16",41834,77244837,-0.108231639338259
"41835","20074.16",41835,77245041,-0.6780095104397
"41836","20074.16",41836,77247306,0.4457207794046
"41837","20074.16",41837,77247380,0.0851658108589533
"41838","20074.16",41838,77247406,-0.580236188139613
"41839","20074.16",41839,77248114,0.876216810330576
"41840","20074.16",41840,77252303,-1.24233801723627
"41841","20074.16",41841,77252438,0.245146809612726
"41842","20074.16",41842,77253439,-0.245286395330167
"41843","20074.16",41843,77253966,0.194405808204194
"41844","20074.16",41844,77254445,-0.131053625324099
"41845","20074.16",41845,77254486,0.123202699803652
"41846","20074.16",41846,77254553,-0.483543192523715
"41847","20074.16",41847,77254863,0.594271779244342
"41848","20074.16",41848,77255280,0.796870990570505
"41849","20074.16",41849,77257633,-0.445279675806629
"41850","20074.16",41850,77258151,-0.174671596085586
"41851","20074.16",41851,77258592,0.771665103752817
"41852","20074.16",41852,77261152,0.291559864779086
"41853","20074.16",41853,77261490,-0.406820851831915
"41854","20074.16",41854,77261943,-0.323565905872638
"41855","20074.16",41855,77262358,0.863497277895196
"41856","20074.16",41856,77262894,0.193834900011124
"41857","20074.16",41857,77263286,0.390047529967764
"41858","20074.16",41858,77263717,0.11032128672
"41859","20074.16",41859,77268507,-0.544312318906354
"41860","20074.16",41860,77268935,0.940462002607373
"41861","20074.16",41861,77268959,-0.193807204939684
"41862","20074.16",41862,77270255,-0.179462469442782
"41863","20074.16",41863,77272582,0.60884224223163
"41864","20074.16",41864,77272731,-0.14809123777701
"41865","20074.16",41865,77277005,-0.277823129324426
"41866","20074.16",41866,77277290,0.157958794363734
"41867","20074.16",41867,77280252,0.688321864612448
"41868","20074.16",41868,77281628,-0.257787217343505
"41869","20074.16",41869,77281998,0.293721041204191
"41870","20074.16",41870,77285659,0.11012235948094
"41871","20074.16",41871,77285864,-1.74924735583324
"41872","20074.16",41872,77294249,0.443238833712239
"41873","20074.16",41873,77297193,0.465116177014491
"41874","20074.16",41874,77297357,-1.0488636685715
"41875","20074.16",41875,77297567,-0.237546281880257
"41876","20074.16",41876,77297647,0.748398504646686
"41877","20074.16",41877,77298106,0.063921942556318
"41878","20074.16",41878,77301733,-0.606366562271272
"41879","20074.16",41879,77302356,0.624331991692912
"41880","20074.16",41880,77302444,0.248613463531266
"41881","20074.16",41881,77305772,0.413762448653663
"41882","20074.16",41882,77306629,1.21985680385778
"41883","20074.16",41883,77308335,-0.627415933451851
"41884","20074.16",41884,77310496,-0.129306249881242
"41885","20074.16",41885,77310680,-0.0258275987871484
"41886","20074.16",41886,77310808,0.488265569053207
"41887","20074.16",41887,77311292,0.9464062116068
"41888","20074.16",41888,77311312,0.326657438870009
"41889","20074.16",41889,77311795,0.386847367416887
"41890","20074.16",41890,77311866,-0.0148984201495486
"41891","20074.16",41891,77311890,0.101589852653325
"41892","20074.16",41892,77312760,0.519538120533881
"41893","20074.16",41893,77312952,-0.0650039419665465
"41894","20074.16",41894,77313881,-0.667429943009775
"41895","20074.16",41895,77313984,0.103219081024291
"41896","20074.16",41896,77314338,-1.00225687741834
"41897","20074.16",41897,77314674,0.476547659268443
"41898","20074.16",41898,77314776,-0.259007373633957
"41899","20074.16",41899,77315116,0.738682126151269
"41900","20074.16",41900,77316260,-0.344883203832167
"41901","20074.16",41901,77317046,-0.145800333389473
"41902","20074.16",41902,77317304,1.25502869594394
"41903","20074.16",41903,77317397,0.183814720589506
"41904","20074.16",41904,77317591,0.64789117130496
"41905","20074.16",41905,77317788,-0.378114707601764
"41906","20074.16",41906,77318502,0.324719610507199
"41907","20074.16",41907,77318571,-0.336466020024957
"41908","20074.16",41908,77319899,-0.158783858589316
"41909","20074.16",41909,77320515,0.371742106237034
"41910","20074.16",41910,77320558,0.413237333196038
"41911","20074.16",41911,77320605,0.098048151235373
"41912","20074.16",41912,77320703,0.162530216263256
"41913","20074.16",41913,77321946,0.32327057728028
"41914","20074.16",41914,77321991,0.562218788902295
"41915","20074.16",41915,77322309,0.302396431722824
"41916","20074.16",41916,77322499,0.338526859252693
"41917","20074.16",41917,77322757,1.28313460594312
"41918","20074.16",41918,77323173,-0.230594793570122
"41919","20074.16",41919,77323235,-0.0505870195652349
"41920","20074.16",41920,77327861,-0.585884994354164
"41921","20074.16",41921,77327911,-0.517423562404449
"41922","20074.16",41922,77328965,0.22727720890497
"41923","20074.16",41923,77329233,-0.110916108020193
"41924","20074.16",41924,77329259,-0.270918389789943
"41925","20074.16",41925,77335405,0.146982726051798
"41926","20074.16",41926,77335929,0.408325779234572
"41927","20074.16",41927,77336146,0.0281127024308931
"41928","20074.16",41928,77336346,0.0520716673093462
"41929","20074.16",41929,77336426,-0.344065538110644
"41930","20074.16",41930,77336479,-0.26094931223633
"41931","20074.16",41931,77336601,0.12286083918722
"41932","20074.16",41932,77338744,-0.137112497479113
"41933","20074.16",41933,77338837,0.0770236085795917
"41934","20074.16",41934,77339200,-0.732590220500227
"41935","20074.16",41935,77339978,-0.700390860542922
"41936","20074.16",41936,77340081,0.604086841728772
"41937","20074.16",41937,77340494,-0.270849757803973
"41938","20074.16",41938,77343150,-1.70617983490336
"41939","20074.16",41939,77343315,0.0459242875385097
"41940","20074.16",41940,77344276,0.292191191278595
"41941","20074.16",41941,77344970,-0.329353725967301
"41942","20074.16",41942,77345189,-0.124233434086326
"41943","20074.16",41943,77345360,-0.575151405953298
"41944","20074.16",41944,77345647,0.499256037117877
"41945","20074.16",41945,77345684,0.53709094742288
"41946","20074.16",41946,77345851,0.602687125602615
"41947","20074.16",41947,77345930,-0.852319405570323
"41948","20074.16",41948,77346074,-0.322911537296212
"41949","20074.16",41949,77346088,-0.739563534379548
"41950","20074.16",41950,77346434,0.720617824661445
"41951","20074.16",41951,77347530,0.362620255006051
"41952","20074.16",41952,77347542,0.645040177326769
"41953","20074.16",41953,77349653,-0.117225286271348
"41954","20074.16",41954,77349740,-0.0178181158070805
"41955","20074.16",41955,77350083,-0.034024062901894
"41956","20074.16",41956,77351808,0.535764721193549
"41957","20074.16",41957,77351905,-0.485032737556619
"41958","20074.16",41958,77352044,0.329220944381151
"41959","20074.16",41959,77354562,0.140858953273082
"41960","20074.16",41960,77354904,0.654889454326724
"41961","20074.16",41961,77355291,0.478971508484533
"41962","20074.16",41962,77356175,0.441747813063549
"41963","20074.16",41963,77357964,0.433059913282755
"41964","20074.16",41964,77358035,-0.218370291622506
"41965","20074.16",41965,77358469,0.495875362064479
"41966","20074.16",41966,77358979,1.06305461650453
"41967","20074.16",41967,77361044,0.331731442254362
"41968","20074.16",41968,77361538,-0.472504877821811
"41969","20074.16",41969,77361614,0.74443770927558
"41970","20074.16",41970,77362016,0.91115262088191
"41971","20074.16",41971,77362292,-0.0969905253143235
"41972","20074.16",41972,77366213,-0.563102116782593
"41973","20074.16",41973,77366588,0.784848748399706
"41974","20074.16",41974,77366660,0.0370698973569779
"41975","20074.16",41975,77366682,-0.351935216512293
"41976","20074.16",41976,77370030,0.163445508058077
"41977","20074.16",41977,77370138,0.125431422039712
"41978","20074.16",41978,77371727,0.183593254041962
"41979","20074.16",41979,77372104,-0.350609412978272
"41980","20074.16",41980,77372503,0.378258649089552
"41981","20074.16",41981,77373039,0.891065546997171
"41982","20074.16",41982,77373123,0.726977975880145
"41983","20074.16",41983,77373187,0.464517033662095
"41984","20074.16",41984,77373261,1.31473402251731
"41985","20074.16",41985,77373803,0.45800242594703
"41986","20074.16",41986,77375182,-0.376007689162352
"41987","20074.16",41987,77376082,0.104138990554735
"41988","20074.16",41988,77379003,0.140363463280869
"41989","20074.16",41989,77379371,-0.00133579896687852
"41990","20074.16",41990,77380144,-0.400571610457332
"41991","20074.16",41991,77380472,0.31322136953488
"41992","20074.16",41992,77380970,1.20787098594479
"41993","20074.16",41993,77382899,-0.620687707283833
"41994","20074.16",41994,77383780,0.0464954939375604
"41995","20074.16",41995,77385215,0.279129221803193
"41996","20074.16",41996,77385518,0.0415092886367718
"41997","20074.16",41997,77387959,-0.329520457248413
"41998","20074.16",41998,77388497,0.819977869637449
"41999","20074.16",41999,77390430,-0.192044337076054
"42000","20074.16",42000,77390450,0.269582530299016
"42001","20074.16",42001,77392013,0.647504025423461
"42002","20074.16",42002,77392742,0.193114259216613
"42003","20074.16",42003,77393880,-0.14979103196822
"42004","20074.16",42004,77395948,-0.00178036427669959
"42005","20074.16",42005,77396290,-0.244590434707225
"42006","20074.16",42006,77396431,-0.100072164263512
"42007","20074.16",42007,77399197,-0.627094303782015
"42008","20074.16",42008,77399536,-0.434478164021709
"42009","20074.16",42009,77400082,-0.187542551526507
"42010","20074.16",42010,77400921,-0.411668368073328
"42011","20074.16",42011,77401684,0.212828092624142
"42012","20074.16",42012,77406863,-0.281856536883681
"42013","20074.16",42013,77408160,-0.624391126405399
"42014","20074.16",42014,77408381,-1.34422149179033
"42015","20074.16",42015,77411925,0.80395481575382
"42016","20074.16",42016,77412275,-0.32090014782049
"42017","20074.16",42017,77413264,0.519031119358702
"42018","20074.16",42018,77420890,0.738580926674234
"42019","20074.16",42019,77421051,1.45681402887658
"42020","20074.16",42020,77421113,0.578524171555823
"42021","20074.16",42021,77421194,0.298477245806224
"42022","20074.16",42022,77421233,0.568712154013379
"42023","20074.16",42023,77421336,0.405183185843991
"42024","20074.16",42024,77421372,0.379973211560753
"42025","20074.16",42025,77421425,0.797105231466024
"42026","20074.16",42026,77421584,0.378629258078811
"42027","20074.16",42027,77422596,-0.144265468524833
"42028","20074.16",42028,77427715,-0.938850489626091
"42029","20074.16",42029,77427751,0.0103224384356109
"42030","20074.16",42030,77427769,0.334815563107671
"42031","20074.16",42031,77427887,1.01499775475963
"42032","20074.16",42032,77428789,0.268401972277176
"42033","20074.16",42033,77428972,0.900205801256718
"42034","20074.16",42034,77429605,0.329138459187313
"42035","20074.16",42035,77429804,0.464186406938421
"42036","20074.16",42036,77430510,-0.272645199412223
"42037","20074.16",42037,77430521,-0.374914377956345
"42038","20074.16",42038,77430576,1.22151909360904
"42039","20074.16",42039,77430611,1.15448548769699
"42040","20074.16",42040,77431504,0.0247731037755843
"42041","20074.16",42041,77431752,-0.197431390501633
"42042","20074.16",42042,77436283,-0.442910281554084
"42043","20074.16",42043,77436921,-0.24243858160683
"42044","20074.16",42044,77439111,0.0542389769292084
"42045","20074.16",42045,77441179,-0.675412032635631
"42046","20074.16",42046,77441265,-0.0858205424519802
"42047","20074.16",42047,77441360,0.97033350346096
"42048","20074.16",42048,77442227,-1.01840806975981
"42049","20074.16",42049,77443168,-0.832040284413515
"42050","20074.16",42050,77443453,-0.0823002858447861
"42051","20074.16",42051,77443886,-0.179230600794744
"42052","20074.16",42052,77444373,1.27973497455027
"42053","20074.16",42053,77444509,-0.403336306132513
"42054","20074.16",42054,77444872,0.33916396366824
"42055","20074.16",42055,77445174,0.792025486640456
"42056","20074.16",42056,77448008,-0.693316273136142
"42057","20074.16",42057,77448088,-0.252305356723461
"42058","20074.16",42058,77448663,1.25861400519713
"42059","20074.16",42059,77448956,0.230378120647551
"42060","20074.16",42060,77449153,-1.28700465738926
"42061","20074.16",42061,77449432,0.0466489314547935
"42062","20074.16",42062,77450741,0.162396508902376
"42063","20074.16",42063,77451440,0.456578818975136
"42064","20074.16",42064,77451483,0.425078928570534
"42065","20074.16",42065,77452121,0.245008299544753
"42066","20074.16",42066,77452210,-0.194065495782984
"42067","20074.16",42067,77452227,0.648859329169874
"42068","20074.16",42068,77452294,-0.397768968144336
"42069","20074.16",42069,77454192,0.421628339961676
"42070","20074.16",42070,77454236,0.427501696182891
"42071","20074.16",42071,77454378,-0.605289333073276
"42072","20074.16",42072,77454588,-0.163598146686602
"42073","20074.16",42073,77454888,-0.598534299688716
"42074","20074.16",42074,77455321,0.276006645610047
"42075","20074.16",42075,77455615,0.974065017696057
"42076","20074.16",42076,77455721,1.08050008032247
"42077","20074.16",42077,77456236,-0.260252948040315
"42078","20074.16",42078,77456244,0.973886812759036
"42079","20074.16",42079,77456759,-0.100753778330613
"42080","20074.16",42080,77456789,0.545456288513733
"42081","20074.16",42081,77457505,-0.613936284510767
"42082","20074.16",42082,77460763,0.210688133947815
"42083","20074.16",42083,77461145,0.0336736030511933
"42084","20074.16",42084,77461352,-0.774605753661551
"42085","20074.16",42085,77461585,-0.636437437160215
"42086","20074.16",42086,77462276,-0.0963964741935497
"42087","20074.16",42087,77462381,0.218720087619126
"42088","20074.16",42088,77462412,0.876322968460321
"42089","20074.16",42089,77462598,-0.255093334717573
"42090","20074.16",42090,77462864,-0.146400555900439
"42091","20074.16",42091,77463907,0.376609144092391
"42092","20074.16",42092,77467286,0.645069162989194
"42093","20074.16",42093,77470018,0.702374493290093
"42094","20074.16",42094,77470374,-0.743803322067025
"42095","20074.16",42095,77475447,-0.773063742159804
"42096","20074.16",42096,77475844,-0.842853902997875
"42097","20074.16",42097,77476789,0.370596739998819
"42098","20074.16",42098,77478482,0.0766402786237901
"42099","20074.16",42099,77479420,-0.244608101827275
"42100","20074.16",42100,77479461,-0.0608720281403414
"42101","20074.16",42101,77479906,-0.0139727283118622
"42102","20074.16",42102,77481339,1.13059076312119
"42103","20074.16",42103,77481383,0.357296979856078
"42104","20074.16",42104,77482302,0.486855880784494
"42105","20074.16",42105,77482843,-0.307778098726096
"42106","20074.16",42106,77483271,0.78591831872841
"42107","20074.16",42107,77484585,0.0604442553851445
"42108","20074.16",42108,77485225,-0.615950716301944
"42109","20074.16",42109,77487093,-0.275039949805626
"42110","20074.16",42110,77487708,-0.456262742173308
"42111","20074.16",42111,77489529,-0.166500607409255
"42112","20074.16",42112,77490378,0.493354526169532
"42113","20074.16",42113,77490849,0.0284189379749886
"42114","20074.16",42114,77492386,0.789868555954661
"42115","20074.16",42115,77495744,0.609034094426742
"42116","20074.16",42116,77495854,-0.646952476159476
"42117","20074.16",42117,77496182,0.134857409322735
"42118","20074.16",42118,77498229,-0.610844794642834
"42119","20074.16",42119,77501424,0.373869459192609
"42120","20074.16",42120,77502186,0.346994909965901
"42121","20074.16",42121,77502996,0.4700938109365
"42122","20074.16",42122,77504523,-0.0773796623896255
"42123","20074.16",42123,77504601,0.135230961504641
"42124","20074.16",42124,77505037,0.372138857765919
"42125","20074.16",42125,77505133,-0.00984105674887292
"42126","20074.16",42126,77505868,-0.971330749617978
"42127","20074.16",42127,77506441,-0.467441774058293
"42128","20074.16",42128,77508254,0.454544813170716
"42129","20074.16",42129,77509292,0.0877387645285488
"42130","20074.16",42130,77510986,1.11000109009092
"42131","20074.16",42131,77511121,0.303167740343496
"42132","20074.16",42132,77513028,-0.134966830784059
"42133","20074.16",42133,77516217,0.269527129013617
"42134","20074.16",42134,77516263,0.3103867237003
"42135","20074.16",42135,77516291,-0.426730801575323
"42136","20074.16",42136,77517443,-0.312118154466701
"42137","20074.16",42137,77518089,-0.0587634836139443
"42138","20074.16",42138,77518147,0.0816926507034896
"42139","20074.16",42139,77518906,0.674510930917777
"42140","20074.16",42140,77519898,0.0736387064334476
"42141","20074.16",42141,77521092,-0.952410826872975
"42142","20074.16",42142,77521178,-0.660533701712693
"42143","20074.16",42143,77522508,0.357452137219181
"42144","20074.16",42144,77522735,0.440075472729215
"42145","20074.16",42145,77522911,0.366741675682534
"42146","20074.16",42146,77522935,0.0915822209919774
"42147","20074.16",42147,77523084,0.188991772525078
"42148","20074.16",42148,77523255,0.543199338758616
"42149","20074.16",42149,77523778,-1.10734149899374
"42150","20074.16",42150,77523952,0.0243123703547488
"42151","20074.16",42151,77526070,0.603940976174452
"42152","20074.16",42152,77526335,0.570347146538729
"42153","20074.16",42153,77526473,0.13527758045241
"42154","20074.16",42154,77526830,0.729251443917254
"42155","20074.16",42155,77527352,0.735326768086662
"42156","20074.16",42156,77529883,-1.17053533882956
"42157","20074.16",42157,77529953,-0.259891659194373
"42158","20074.16",42158,77530574,1.09128881329504
"42159","20074.16",42159,77531772,0.428420820455956
"42160","20074.16",42160,77532021,1.10451278552782
"42161","20074.16",42161,77533076,0.280554203447784
"42162","20074.16",42162,77533525,0.359410365611073
"42163","20074.16",42163,77533574,0.54692538998369
"42164","20074.16",42164,77533710,0.369087279971024
"42165","20074.16",42165,77533772,0.537902540367472
"42166","20074.16",42166,77534226,0.630266574165792
"42167","20074.16",42167,77534573,0.146743621571033
"42168","20074.16",42168,77534603,0.698439243470346
"42169","20074.16",42169,77537388,0.0487871469430337
"42170","20074.16",42170,77537493,0.250679281693505
"42171","20074.16",42171,77537701,0.185375284955692
"42172","20074.16",42172,77540676,-0.795244067033278
"42173","20074.16",42173,77541244,-0.114800475644834
"42174","20074.16",42174,77544691,-0.793679840131201
"42175","20074.16",42175,77545044,-0.249047520207052
"42176","20074.16",42176,77545082,-0.36577169018902
"42177","20074.16",42177,77547568,0.0244630413346574
"42178","20074.16",42178,77549774,-0.112237499710605
"42179","20074.16",42179,77549877,-0.425410358834828
"42180","20074.16",42180,77550873,-0.0959672519411017
"42181","20074.16",42181,77554467,-0.254110332836873
"42182","20074.16",42182,77554518,-0.079003565779165
"42183","20074.16",42183,77554754,0.684096911476023
"42184","20074.16",42184,77554799,0.210157557987167
"42185","20074.16",42185,77554839,0.356681309971923
"42186","20074.16",42186,77555122,-1.34457492617551
"42187","20074.16",42187,77555833,-0.756928017142063
"42188","20074.16",42188,77555833,-0.205377038774132
"42189","20074.16",42189,77557462,-0.578909262090177
"42190","20074.16",42190,77560528,-0.232880794187955
"42191","20074.16",42191,77560929,-0.969490728573536
"42192","20074.16",42192,77568769,-0.286431447815714
"42193","20074.16",42193,77568795,0.0259501987866448
"42194","20074.16",42194,77570070,0.822021760887234
"42195","20074.16",42195,77570105,0.647835998379708
"42196","20074.16",42196,77570349,-0.306257910085994
"42197","20074.16",42197,77570690,0.561432228885814
"42198","20074.16",42198,77571194,-0.414302669087235
"42199","20074.16",42199,77571490,0.9854614783862
"42200","20074.16",42200,77571844,-0.448572345988096
"42201","20074.16",42201,77572637,0.833864971831408
"42202","20074.16",42202,77573031,-0.829984008759557
"42203","20074.16",42203,77573401,0.979572379434111
"42204","20074.16",42204,77573462,0.76553119781957
"42205","20074.16",42205,77573513,0.353841266937004
"42206","20074.16",42206,77573759,0.220249906332111
"42207","20074.16",42207,77574020,-0.024289214907272
"42208","20074.16",42208,77576112,0.32303479192706
"42209","20074.16",42209,77576792,-0.343728904783957
"42210","20074.16",42210,77577240,0.480506271548193
"42211","20074.16",42211,77578206,0.605698604170448
"42212","20074.16",42212,77581363,0.0327043517246919
"42213","20074.16",42213,77581476,0.14211247708456
"42214","20074.16",42214,77581592,0.237888770568746
"42215","20074.16",42215,77582911,0.2959016633514
"42216","20074.16",42216,77583475,-0.63286993780856
"42217","20074.16",42217,77588910,-0.580137644833832
"42218","20074.16",42218,77589068,0.0608254863300983
"42219","20074.16",42219,77589594,-0.0838270367059977
"42220","20074.16",42220,77590129,0.705031081582042
"42221","20074.16",42221,77591648,-0.0967447915157011
"42222","20074.16",42222,77591816,-0.05175631290835
"42223","20074.16",42223,77591853,0.409033515435595
"42224","20074.16",42224,77592038,-0.104186841216446
"42225","20074.16",42225,77594818,0.265791278961028
"42226","20074.16",42226,77595009,0.275939805336843
"42227","20074.16",42227,77595285,0.306779787732824
"42228","20074.16",42228,77595335,-0.617488611717125
"42229","20074.16",42229,77595365,0.446501668979461
"42230","20074.16",42230,77596022,-0.363821027509434
"42231","20074.16",42231,77596319,0.590984848094855
"42232","20074.16",42232,77596552,0.00164476885813247
"42233","20074.16",42233,77596747,0.578564152272196
"42234","20074.16",42234,77597116,0.898958357457006
"42235","20074.16",42235,77597357,0.520572383873678
"42236","20074.16",42236,77597571,1.09025831317278
"42237","20074.16",42237,77597842,-0.27165135512776
"42238","20074.16",42238,77598625,0.100456233514866
"42239","20074.16",42239,77598706,0.182745735175443
"42240","20074.16",42240,77598831,-0.383510363743594
"42241","20074.16",42241,77599729,-0.119415209136791
"42242","20074.16",42242,77602490,0.263650369779717
"42243","20074.16",42243,77602508,0.618040902081044
"42244","20074.16",42244,77602713,0.82920558497094
"42245","20074.16",42245,77603186,0.0172849662266543
"42246","20074.16",42246,77603627,-0.201549007229398
"42247","20074.16",42247,77604191,0.295537624409699
"42248","20074.16",42248,77604270,0.0015495370190477
"42249","20074.16",42249,77605239,-0.160287858926509
"42250","20074.16",42250,77605445,0.676746077413097
"42251","20074.16",42251,77607272,1.09180397348789
"42252","20074.16",42252,77607367,-0.93304106975229
"42253","20074.16",42253,77608572,-0.140686027634071
"42254","20074.16",42254,77612234,0.219911466220513
"42255","20074.16",42255,77612381,-0.814867350759745
"42256","20074.16",42256,77612515,0.750321845043694
"42257","20074.16",42257,77612895,0.504176355212812
"42258","20074.16",42258,77612950,0.599266229604631
"42259","20074.16",42259,77613374,-0.088586644263148
"42260","20074.16",42260,77614721,-0.605899328306189
"42261","20074.16",42261,77615057,-0.189022326965545
"42262","20074.16",42262,77615706,0.39507054040948
"42263","20074.16",42263,77615731,0.275845353029493
"42264","20074.16",42264,77615902,0.328580484019402
"42265","20074.16",42265,77616060,0.366792832396048
"42266","20074.16",42266,77616289,0.464147030384416
"42267","20074.16",42267,77616869,0.372965645985126
"42268","20074.16",42268,77616957,-0.356192333382801
"42269","20074.16",42269,77617031,0.600799592335734
"42270","20074.16",42270,77617046,0.399266466570606
"42271","20074.16",42271,77618188,-0.224140969979868
"42272","20074.16",42272,77618314,-1.53151260496833
"42273","20074.16",42273,77618462,0.123571159221571
"42274","20074.16",42274,77618801,0.57121784494506
"42275","20074.16",42275,77618873,-0.0438764253875856
"42276","20074.16",42276,77619220,0.79133198424084
"42277","20074.16",42277,77619256,-0.0630275000299765
"42278","20074.16",42278,77619533,0.0272368526872224
"42279","20074.16",42279,77619774,-0.194576987186674
"42280","20074.16",42280,77619862,0.00382013950469595
"42281","20074.16",42281,77620230,-0.00915716794944732
"42282","20074.16",42282,77621191,-0.830718936493646
"42283","20074.16",42283,77621491,0.230746902665977
"42284","20074.16",42284,77621601,0.978217182267264
"42285","20074.16",42285,77622460,0.227958221915576
"42286","20074.16",42286,77622916,0.629562648279246
"42287","20074.16",42287,77623095,1.14904414041351
"42288","20074.16",42288,77623260,-0.373638981956809
"42289","20074.16",42289,77623435,-0.152634736148888
"42290","20074.16",42290,77623474,0.268925636792487
"42291","20074.16",42291,77623684,-0.124078598833167
"42292","20074.16",42292,77623780,0.203672886053999
"42293","20074.16",42293,77624413,0.0378909342051159
"42294","20074.16",42294,77624591,0.200259940308687
"42295","20074.16",42295,77625393,-0.0830428173472733
"42296","20074.16",42296,77625747,0.384972548645854
"42297","20074.16",42297,77625778,-1.06083954979595
"42298","20074.16",42298,77627303,0.370620142374073
"42299","20074.16",42299,77627877,0.112378522805879
"42300","20074.16",42300,77628285,0.572517053563133
"42301","20074.16",42301,77628431,-0.433750559862144
"42302","20074.16",42302,77629673,0.248052530703377
"42303","20074.16",42303,77630108,0.519760562078063
"42304","20074.16",42304,77630380,0.77329018065043
"42305","20074.16",42305,77630765,0.291627072588256
"42306","20074.16",42306,77630873,-0.53197864621723
"42307","20074.16",42307,77631117,0.721605833461445
"42308","20074.16",42308,77631520,-0.213475809571197
"42309","20074.16",42309,77631567,0.0229807624854486
"42310","20074.16",42310,77635636,-0.410115780958719
"42311","20074.16",42311,77636711,0.0454159979220892
"42312","20074.16",42312,77636843,0.0963542480146051
"42313","20074.16",42313,77636974,-0.386430353774954
"42314","20074.16",42314,77637129,0.100412326385043
"42315","20074.16",42315,77637507,-0.0053695176732127
"42316","20074.16",42316,77637660,2.04087357422722e-05
"42317","20074.16",42317,77639184,-0.608912039429002
"42318","20074.16",42318,77640970,0.0103233681127213
"42319","20074.16",42319,77642946,-0.452466972625401
"42320","20074.16",42320,77643378,-0.13885954848903
"42321","20074.16",42321,77643396,-0.0299321929446128
"42322","20074.16",42322,77643421,0.291409165071509
"42323","20074.16",42323,77643998,0.713180443849295
"42324","20074.16",42324,77644293,-0.660024523395002
"42325","20074.16",42325,77645315,0.167229016773971
"42326","20074.16",42326,77645674,-0.26301360348166
"42327","20074.16",42327,77646324,-0.419238623691703
"42328","20074.16",42328,77648466,-1.08568103129933
"42329","20074.16",42329,77648600,0.172326187553442
"42330","20074.16",42330,77649929,-1.37662286652402
"42331","20074.16",42331,77649950,0.284353392456167
"42332","20074.16",42332,77650847,0.741350819200766
"42333","20074.16",42333,77651113,0.557295432448812
"42334","20074.16",42334,77651148,1.45050540225313
"42335","20074.16",42335,77656504,-1.28781872272497
"42336","20074.16",42336,77658100,0.848443100070924
"42337","20074.16",42337,77658247,0.516878629274427
"42338","20074.16",42338,77658272,-0.341386691934202
"42339","20074.16",42339,77658322,0.997039162574233
"42340","20074.16",42340,77660119,0.674972051900034
"42341","20074.16",42341,77660177,0.301313362727281
"42342","20074.16",42342,77660597,0.111739704073545
"42343","20074.16",42343,77662570,0.267378721721474
"42344","20074.16",42344,77662896,-0.191777205849148
"42345","20074.16",42345,77662919,-0.276049098453171
"42346","20074.16",42346,77663037,0.433274512554187
"42347","20074.16",42347,77663201,-0.27795042137066
"42348","20074.16",42348,77663569,-0.247516412641987
"42349","20074.16",42349,77663937,-0.302287213584354
"42350","20074.16",42350,77663968,0.196625965032697
"42351","20074.16",42351,77664810,0.25031488690222
"42352","20074.16",42352,77668060,-0.251518672766522
"42353","20074.16",42353,77668184,0.122281806958608
"42354","20074.16",42354,77668301,0.426452932683731
"42355","20074.16",42355,77669843,0.256728491650509
"42356","20074.16",42356,77670157,0.139771461800909
"42357","20074.16",42357,77671181,0.349951628616938
"42358","20074.16",42358,77671325,-0.0490929711445567
"42359","20074.16",42359,77671636,0.57018118679381
"42360","20074.16",42360,77671981,-1.11262004511733
"42361","20074.16",42361,77672042,0.372950855346978
"42362","20074.16",42362,77672183,0.575846616762695
"42363","20074.16",42363,77672281,0.0725882119238497
"42364","20074.16",42364,77672338,0.651619606420527
"42365","20074.16",42365,77672472,0.969346805222094
"42366","20074.16",42366,77675163,-0.102620668997224
"42367","20074.16",42367,77678981,-0.840649501566915
"42368","20074.16",42368,77679260,0.310362369252808
"42369","20074.16",42369,77680106,-0.0752141481267641
"42370","20074.16",42370,77680645,0.400341800330739
"42371","20074.16",42371,77680750,0.301362956002419
"42372","20074.16",42372,77682366,-0.505555370044155
"42373","20074.16",42373,77683158,0.42591129380265
"42374","20074.16",42374,77683264,0.318163973741568
"42375","20074.16",42375,77683296,0.873372015962166
"42376","20074.16",42376,77683444,-0.987610084768365
"42377","20074.16",42377,77683645,0.169166106391287
"42378","20074.16",42378,77687532,0.826888025788308
"42379","20074.16",42379,77687685,0.217981698643578
"42380","20074.16",42380,77688406,0.68401748166868
"42381","20074.16",42381,77689151,0.395455126423227
"42382","20074.16",42382,77689320,-0.0259958573525854
"42383","20074.16",42383,77690007,0.342018975864121
"42384","20074.16",42384,77690196,0.403182281727401
"42385","20074.16",42385,77690255,-0.196944796261879
"42386","20074.16",42386,77697750,0.705738203788632
"42387","20074.16",42387,77697817,0.2559352803291
"42388","20074.16",42388,77698918,-0.00293135321674054
"42389","20074.16",42389,77699078,-0.250921410718454
"42390","20074.16",42390,77699400,0.651893598172539
"42391","20074.16",42391,77700449,-1.14587967529552
"42392","20074.16",42392,77702417,0.169865587503158
"42393","20074.16",42393,77702640,0.37596083981057
"42394","20074.16",42394,77702709,-0.0908817759259062
"42395","20074.16",42395,77702804,0.943391775572862
"42396","20074.16",42396,77702821,-0.288121373959779
"42397","20074.16",42397,77702847,-0.515280054361988
"42398","20074.16",42398,77702864,0.279256078175856
"42399","20074.16",42399,77702932,-0.593437012250348
"42400","20074.16",42400,77702961,-1.28252186266347
"42401","20074.16",42401,77702975,0.0538522727991984
"42402","20074.16",42402,77703564,0.039834486158
"42403","20074.16",42403,77703711,-0.23041150900866
"42404","20074.16",42404,77705268,0.76468011649856
"42405","20074.16",42405,77705656,0.186671547569886
"42406","20074.16",42406,77708877,-0.886744971643891
"42407","20074.16",42407,77710506,0.622074577204882
"42408","20074.16",42408,77710618,0.73564941185709
"42409","20074.16",42409,77710724,0.851760217158883
"42410","20074.16",42410,77713017,0.370635881195002
"42411","20074.16",42411,77713035,0.386914498457354
"42412","20074.16",42412,77713052,0.582939978236523
"42413","20074.16",42413,77713067,-0.269279339423139
"42414","20074.16",42414,77713081,-0.99392488836286
"42415","20074.16",42415,77713094,-1.34427815080477
"42416","20074.16",42416,77713130,0.239751143047951
"42417","20074.16",42417,77713142,0.609306075478812
"42418","20074.16",42418,77713197,-0.143940633044834
"42419","20074.16",42419,77713263,-0.0268521360421472
"42420","20074.16",42420,77713285,0.917413873730317
"42421","20074.16",42421,77713600,0.355042378077624
"42422","20074.16",42422,77714098,0.576032495883619
"42423","20074.16",42423,77714162,0.101453105385343
"42424","20074.16",42424,77714179,0.838680283535921
"42425","20074.16",42425,77714205,0.997497838160245
"42426","20074.16",42426,77714285,0.0467402492234346
"42427","20074.16",42427,77718531,-0.215777691418293
"42428","20074.16",42428,77719825,-0.704758881645692
"42429","20074.16",42429,77719972,-0.106440543001582
"42430","20074.16",42430,77720183,0.296906212348893
"42431","20074.16",42431,77720469,0.541698792563385
"42432","20074.16",42432,77720567,0.364437059041726
"42433","20074.16",42433,77720798,0.015597772962586
"42434","20074.16",42434,77720833,0.066775826057202
"42435","20074.16",42435,77720890,-0.0728052170524753
"42436","20074.16",42436,77721043,-0.0506894241461504
"42437","20074.16",42437,77722048,-0.296409531230061
"42438","20074.16",42438,77724712,0.0579449162233114
"42439","20074.16",42439,77725690,-0.900984729449986
"42440","20074.16",42440,77731718,0.103740245031635
"42441","20074.16",42441,77732064,0.0272483202312062
"42442","20074.16",42442,77732280,0.246445998598033
"42443","20074.16",42443,77732376,0.131512130778568
"42444","20074.16",42444,77733322,0.673797107133921
"42445","20074.16",42445,77734389,-1.3683745840302
"42446","20074.16",42446,77735474,0.0135358136634096
"42447","20074.16",42447,77737087,0.852908706660013
"42448","20074.16",42448,77737370,-0.257432175610495
"42449","20074.16",42449,77737387,-0.326105259171574
"42450","20074.16",42450,77737858,-0.29559146333716
"42451","20074.16",42451,77738161,0.0957349433974262
"42452","20074.16",42452,77738223,0.0390579538525113
"42453","20074.16",42453,77739214,0.415031475209791
"42454","20074.16",42454,77741580,0.14049706980592
"42455","20074.16",42455,77742082,-0.428341528612987
"42456","20074.16",42456,77742146,0.3326541815257
"42457","20074.16",42457,77742175,-0.0763075860955773
"42458","20074.16",42458,77742967,0.0678007627719843
"42459","20074.16",42459,77743177,-0.242093352443539
"42460","20074.16",42460,77743558,1.13035408702083
"42461","20074.16",42461,77743637,0.474428065006047
"42462","20074.16",42462,77743723,-0.901556114715149
"42463","20074.16",42463,77743758,0.525679836142028
"42464","20074.16",42464,77744157,-0.0412091331129085
"42465","20074.16",42465,77744523,-0.0603748275823976
"42466","20074.16",42466,77744673,0.48183242581841
"42467","20074.16",42467,77745203,0.108036136327566
"42468","20074.16",42468,77745574,0.232348983983085
"42469","20074.16",42469,77752208,-0.0238968875824641
"42470","20074.16",42470,77752523,0.0535486700052985
"42471","20074.16",42471,77754405,-0.480479130101405
"42472","20074.16",42472,77757853,0.440773243922064
"42473","20074.16",42473,77758059,0.435780480830512
"42474","20074.16",42474,77760157,0.3976630995699
"42475","20074.16",42475,77762882,-0.282411351536889
"42476","20074.16",42476,77763050,-1.41099211865603
"42477","20074.16",42477,77763255,-0.155831973369261
"42478","20074.16",42478,77763679,-0.983920473076382
"42479","20074.16",42479,77763875,0.476779208448131
"42480","20074.16",42480,77765407,-0.611216074834558
"42481","20074.16",42481,77766284,0.514693527519973
"42482","20074.16",42482,77766640,0.356943089194142
"42483","20074.16",42483,77766842,0.16851765209138
"42484","20074.16",42484,77766852,-0.266480455586049
"42485","20074.16",42485,77766870,0.71287204774412
"42486","20074.16",42486,77771652,-0.907397594915363
"42487","20074.16",42487,77772183,1.28132897838014
"42488","20074.16",42488,77772414,0.742500243785037
"42489","20074.16",42489,77772919,-0.779159926363383
"42490","20074.16",42490,77773459,0.0491848787589317
"42491","20074.16",42491,77776651,0.754404736399523
"42492","20074.16",42492,77776753,0.22954003202396
"42493","20074.16",42493,77777060,-0.141266271024666
"42494","20074.16",42494,77778467,0.100549293265472
"42495","20074.16",42495,77779816,-1.69761280230712
"42496","20074.16",42496,77780420,-0.0998859211986938
"42497","20074.16",42497,77782675,0.510130513194835
"42498","20074.16",42498,77785960,-0.447681286023005
"42499","20074.16",42499,77786221,0.817754566627023
"42500","20074.16",42500,77786905,0.520889629163498
"42501","20074.16",42501,77786987,-1.335691733786
"42502","20074.16",42502,77787015,-0.0348878655945999
"42503","20074.16",42503,77789497,0.345494527385939
"42504","20074.16",42504,77789788,0.587613297196337
"42505","20074.16",42505,77789967,0.684980296179375
"42506","20074.16",42506,77790350,0.495245768100561
"42507","20074.16",42507,77790477,-1.06124727672645
"42508","20074.16",42508,77795370,0.337264230322931
"42509","20074.16",42509,77795959,-0.991805466635125
"42510","20074.16",42510,77796448,0.826304964754503
"42511","20074.16",42511,77797048,0.577077542522281
"42512","20074.16",42512,77797249,0.74337954069263
"42513","20074.16",42513,77798053,0.0501867396386837
"42514","20074.16",42514,77798449,-0.00646684641795936
"42515","20074.16",42515,77800462,0.77809009244666
"42516","20074.16",42516,77800635,-0.593785183608284
"42517","20074.16",42517,77800723,0.0690824903456564
"42518","20074.16",42518,77801230,0.107394383278558
"42519","20074.16",42519,77801278,-1.06510738106766
"42520","20074.16",42520,77801796,0.527760919541202
"42521","20074.16",42521,77801814,0.833891232587887
"42522","20074.16",42522,77801891,0.949570981801801
"42523","20074.16",42523,77801907,1.0501295904843
"42524","20074.16",42524,77802432,0.0351123851766673
"42525","20074.16",42525,77802493,0.0936114573470297
"42526","20074.16",42526,77802815,0.332843481753366
"42527","20074.16",42527,77803012,-0.546576932587734
"42528","20074.16",42528,77805621,-0.252712563950655
"42529","20074.16",42529,77809010,-0.541120406471986
"42530","20074.16",42530,77811721,0.487894211653534
"42531","20074.16",42531,77811761,0.582460363652726
"42532","20074.16",42532,77812182,0.231625741868769
"42533","20074.16",42533,77815572,-0.396948126510415
"42534","20074.16",42534,77819474,0.621089439033715
"42535","20074.16",42535,77819679,-0.58025235871169
"42536","20074.16",42536,77825448,1.04283176200202
"42537","20074.16",42537,77825790,0.175483658116879
"42538","20074.16",42538,77826665,-0.220749819339935
"42539","20074.16",42539,77827349,-0.00265758760720125
"42540","20074.16",42540,77827495,-0.464536774484035
"42541","20074.16",42541,77827573,0.0925750132929748
"42542","20074.16",42542,77827733,-0.00610653521277005
"42543","20074.16",42543,77830607,-1.53910040675112
"42544","20074.16",42544,77831382,-0.964219309655693
"42545","20074.16",42545,77831876,1.12711477693866
"42546","20074.16",42546,77832149,0.613524209144935
"42547","20074.16",42547,77832189,-0.312696090739172
"42548","20074.16",42548,77834441,0.0670695708643221
"42549","20074.16",42549,77834663,0.116546424890381
"42550","20074.16",42550,77835070,0.0284701064430717
"42551","20074.16",42551,77835409,-0.081019786275518
"42552","20074.16",42552,77835671,-0.175110488064839
"42553","20074.16",42553,77835768,0.321602443515842
"42554","20074.16",42554,77837099,-0.58295957837325
"42555","20074.16",42555,77837718,-0.960986584422467
"42556","20074.16",42556,77841030,0.447496302261009
"42557","20074.16",42557,77841712,0.511255698866292
"42558","20074.16",42558,77841730,-0.991784400988526
"42559","20074.16",42559,77842046,0.803720492024053
"42560","20074.16",42560,77842462,-0.123660813141965
"42561","20074.16",42561,77843210,-0.23951438161975
"42562","20074.16",42562,77845331,0.585942391538482
"42563","20074.16",42563,77845493,0.530420478183045
"42564","20074.16",42564,77845665,-0.425564496018598
"42565","20074.16",42565,77847220,-0.289927925400121
"42566","20074.16",42566,77847283,0.0061510769366393
"42567","20074.16",42567,77847613,0.167928770794529
"42568","20074.16",42568,77849248,0.309697307461286
"42569","20074.16",42569,77849423,-0.22467123619282
"42570","20074.16",42570,77853193,0.330709454092795
"42571","20074.16",42571,77853251,-0.176614657750455
"42572","20074.16",42572,77854334,-0.257425492510952
"42573","20074.16",42573,77854705,-0.744876470147145
"42574","20074.16",42574,77854848,-0.609789051575387
"42575","20074.16",42575,77860721,0.0165548047566668
"42576","20074.16",42576,77861083,-0.398721393889505
"42577","20074.16",42577,77861779,0.142509654938412
"42578","20074.16",42578,77863114,0.251296395948136
"42579","20074.16",42579,77863802,0.693148098535038
"42580","20074.16",42580,77864133,-0.28335342961604
"42581","20074.16",42581,77864265,-0.18558515163181
"42582","20074.16",42582,77866815,0.519078403596397
"42583","20074.16",42583,77867208,-0.196313673829247
"42584","20074.16",42584,77872197,0.479080887682062
"42585","20074.16",42585,77872334,0.0977303780730248
"42586","20074.16",42586,77872398,0.832282063264537
"42587","20074.16",42587,77874149,0.146075772706942
"42588","20074.16",42588,77874228,0.17377799341603
"42589","20074.16",42589,77874281,-0.258305118161795
"42590","20074.16",42590,77874704,0.285282874967266
"42591","20074.16",42591,77874793,0.641366361679073
"42592","20074.16",42592,77874837,0.355480581004913
"42593","20074.16",42593,77874857,1.37428963603434
"42594","20074.16",42594,77875040,-0.494635532621093
"42595","20074.16",42595,77876875,0.6301209083328
"42596","20074.16",42596,77877571,0.302118806824908
"42597","20074.16",42597,77878563,0.149186605764666
"42598","20074.16",42598,77879657,0.124883346067216
"42599","20074.16",42599,77880917,2.5318725070278e-05
"42600","20074.16",42600,77881168,1.3051279442136
"42601","20074.16",42601,77881832,-0.327805859498508
"42602","20074.16",42602,77881965,0.887184551871665
"42603","20074.16",42603,77883143,-0.112990893218525
"42604","20074.16",42604,77883374,-0.27873155323599
"42605","20074.16",42605,77885907,-0.211240442506118
"42606","20074.16",42606,77886248,-0.4869864006148
"42607","20074.16",42607,77886742,-0.499772204830378
"42608","20074.16",42608,77886835,0.272283554425019
"42609","20074.16",42609,77887062,-0.513525794115255
"42610","20074.16",42610,77889638,0.827935899883214
"42611","20074.16",42611,77889987,0.239551436545961
"42612","20074.16",42612,77890206,0.778763559116427
"42613","20074.16",42613,77890685,0.644817134342083
"42614","20074.16",42614,77890766,0.490930810400513
"42615","20074.16",42615,77890957,-1.32916836870819
"42616","20074.16",42616,77891420,0.203574071840158
"42617","20074.16",42617,77891825,0.420377533907961
"42618","20074.16",42618,77892392,0.796428586877405
"42619","20074.16",42619,77893280,0.798662702515364
"42620","20074.16",42620,77893298,0.641740091183514
"42621","20074.16",42621,77894272,0.403278877645667
"42622","20074.16",42622,77894588,0.23907680561368
"42623","20074.16",42623,77896021,0.876894929836118
"42624","20074.16",42624,77896083,-0.32198613616754
"42625","20074.16",42625,77898321,0.260710568213532
"42626","20074.16",42626,77900307,0.131796783309864
"42627","20074.16",42627,77902708,-0.966681460396401
"42628","20074.16",42628,77902864,0.308292109276597
"42629","20074.16",42629,77902908,-0.271491757249092
"42630","20074.16",42630,77903080,-0.179355749038109
"42631","20074.16",42631,77905455,0.14966473076487
"42632","20074.16",42632,77905658,0.736881833513379
"42633","20074.16",42633,77906298,-0.0813589898089688
"42634","20074.16",42634,77906683,-0.00796353110831038
"42635","20074.16",42635,77909092,0.440988611908112
"42636","20074.16",42636,77909165,0.275034283777001
"42637","20074.16",42637,77909565,-0.289724824134386
"42638","20074.16",42638,77909692,-0.110814931068846
"42639","20074.16",42639,77909892,0.190654063191846
"42640","20074.16",42640,77910940,-1.18563071449245
"42641","20074.16",42641,77911683,0.363407300809777
"42642","20074.16",42642,77911739,-0.735132880645534
"42643","20074.16",42643,77912843,0.570397568706119
"42644","20074.16",42644,77912966,0.188687238402045
"42645","20074.16",42645,77914940,-1.03153788667056
"42646","20074.16",42646,77916191,1.02111238481151
"42647","20074.16",42647,77916533,0.321372580636782
"42648","20074.16",42648,77916971,0.432137949926246
"42649","20074.16",42649,77917328,0.225274909630981
"42650","20074.16",42650,77917866,-0.386244749747982
"42651","20074.16",42651,77918984,0.759253692192359
"42652","20074.16",42652,77920627,-0.0215402609288962
"42653","20074.16",42653,77921506,0.0848845122993467
"42654","20074.16",42654,77921548,0.803008698787834
"42655","20074.16",42655,77921808,-0.233179513201987
"42656","20074.16",42656,77922132,0.603339855642218
"42657","20074.16",42657,77922322,-0.4467875485029
"42658","20074.16",42658,77922774,0.221609946045166
"42659","20074.16",42659,77923019,-0.271172693882456
"42660","20074.16",42660,77923069,0.373871398143051
"42661","20074.16",42661,77926035,0.884743831732204
"42662","20074.16",42662,77926107,-0.333782568100374
"42663","20074.16",42663,77926130,0.145892615387133
"42664","20074.16",42664,77926189,0.399866580423846
"42665","20074.16",42665,77927962,-0.226474201900957
"42666","20074.16",42666,77927974,0.088891728237229
"42667","20074.16",42667,77928032,0.159768822722612
"42668","20074.16",42668,77929614,0.29672448740168
"42669","20074.16",42669,77930105,0.0396291140707588
"42670","20074.16",42670,77930190,0.955621983532768
"42671","20074.16",42671,77930524,-0.942371846657947
"42672","20074.16",42672,77931033,0.200386897901545
"42673","20074.16",42673,77933089,-0.36326908609051
"42674","20074.16",42674,77933673,0.703027945768588
"42675","20074.16",42675,77933859,0.71183926652684
"42676","20074.16",42676,77934751,-0.296619968578689
"42677","20074.16",42677,77936040,0.249533536475105
"42678","20074.16",42678,77938986,0.504123925148298
"42679","20074.16",42679,77939493,0.274366132615163
"42680","20074.16",42680,77941140,-0.416402608191905
"42681","20074.16",42681,77944034,-0.0742307486519529
"42682","20074.16",42682,77944653,-0.189364208148527
"42683","20074.16",42683,77944767,0.373324288743553
"42684","20074.16",42684,77945983,0.614970046813602
"42685","20074.16",42685,77947720,-0.313866699365867
"42686","20074.16",42686,77952599,-0.0669935658685743
"42687","20074.16",42687,77952967,0.327069312449489
"42688","20074.16",42688,77953109,-0.80613152465612
"42689","20074.16",42689,77953625,0.79397772420429
"42690","20074.16",42690,77954697,-0.64195958276223
"42691","20074.16",42691,77955018,0.714505050648978
"42692","20074.16",42692,77955062,0.532573976960138
"42693","20074.16",42693,77955420,0.561722215560853
"42694","20074.16",42694,77955430,0.379347479330618
"42695","20074.16",42695,77956322,0.250884685461316
"42696","20074.16",42696,77960891,0.294695252582717
"42697","20074.16",42697,77963302,-0.676203698806873
"42698","20074.16",42698,77963545,-0.459407218565684
"42699","20074.16",42699,77963712,0.36270938226751
"42700","20074.16",42700,77964474,-0.576506331525396
"42701","20074.16",42701,77965017,-0.03230592487719
"42702","20074.16",42702,77965922,0.360041992228779
"42703","20074.16",42703,77966438,-0.0265169373921523
"42704","20074.16",42704,77966473,0.40766886497281
"42705","20074.16",42705,77967802,0.178386854834566
"42706","20074.16",42706,77968004,0.159532829152742
"42707","20074.16",42707,77968108,0.537145894220445
"42708","20074.16",42708,77971679,0.29703130952899
"42709","20074.16",42709,77972970,-0.00720553355612807
"42710","20074.16",42710,77972994,-0.883627249193954
"42711","20074.16",42711,77973126,1.34670946304221
"42712","20074.16",42712,77975286,-0.624488707315717
"42713","20074.16",42713,77975337,-0.790042067607194
"42714","20074.16",42714,77976354,-0.172119366700602
"42715","20074.16",42715,77976536,0.0205143980981193
"42716","20074.16",42716,77977624,0.0388457278606014
"42717","20074.16",42717,77978061,-0.381002462588431
"42718","20074.16",42718,77978326,-0.726415928384822
"42719","20074.16",42719,77978615,-0.828027033407027
"42720","20074.16",42720,77979108,0.503965999397344
"42721","20074.16",42721,77980070,-0.502931632158553
"42722","20074.16",42722,77980162,-0.283606380359795
"42723","20074.16",42723,77981128,0.0630381499935249
"42724","20074.16",42724,77982355,1.15926720949641
"42725","20074.16",42725,77982803,0.450224854618381
"42726","20074.16",42726,77983488,-0.274514828346579
"42727","20074.16",42727,77984022,-0.26073339190167
"42728","20074.16",42728,77987140,0.36324457292116
"42729","20074.16",42729,77988100,-0.15099088194484
"42730","20074.16",42730,77988619,-0.268722376546005
"42731","20074.16",42731,77988934,0.599880583360076
"42732","20074.16",42732,77989774,0.458191757747444
"42733","20074.16",42733,77992279,0.263537034949455
"42734","20074.16",42734,77992320,0.767412225506077
"42735","20074.16",42735,77992688,0.693960624244581
"42736","20074.16",42736,77992723,0.474786104611964
"42737","20074.16",42737,77993100,0.254794717446134
"42738","20074.16",42738,77993126,0.599049930960441
"42739","20074.16",42739,77994753,0.0546624001138047
"42740","20074.16",42740,77995095,0.407409495438725
"42741","20074.16",42741,77995473,0.025818225982337
"42742","20074.16",42742,77998122,-1.82287936542736
"42743","20074.16",42743,77998304,-0.495646193826394
"42744","20074.16",42744,78000311,-0.182169483298019
"42745","20074.16",42745,78000395,0.491813731522581
"42746","20074.16",42746,78000701,0.658434049271556
"42747","20074.16",42747,78001013,-0.423423861982628
"42748","20074.16",42748,78001164,0.664202535832023
"42749","20074.16",42749,78001455,0.126343173926579
"42750","20074.16",42750,78002252,-0.445010261669459
"42751","20074.16",42751,78008825,-0.0636819515505849
"42752","20074.16",42752,78008863,-0.958220885640249
"42753","20074.16",42753,78008920,0.668858293749856
"42754","20074.16",42754,78008964,0.172339951662665
"42755","20074.16",42755,78009020,-1.59913085605432
"42756","20074.16",42756,78013123,-0.324370635211907
"42757","20074.16",42757,78015158,0.195899541208102
"42758","20074.16",42758,78015442,0.11820679910862
"42759","20074.16",42759,78015463,0.304837768035529
"42760","20074.16",42760,78015650,0.737381297062169
"42761","20074.16",42761,78016120,-0.368091767251357
"42762","20074.16",42762,78016402,1.21648086554678
"42763","20074.16",42763,78018042,-0.46276343070102
"42764","20074.16",42764,78018400,0.349231033710306
"42765","20074.16",42765,78020417,-0.1654556052362
"42766","20074.16",42766,78020532,0.652347675297405
"42767","20074.16",42767,78020544,-0.310696385424739
"42768","20074.16",42768,78021923,-0.432464444312269
"42769","20074.16",42769,78022357,-0.285542533887343
"42770","20074.16",42770,78022749,-0.181419632146198
"42771","20074.16",42771,78022830,0.175017543424089
"42772","20074.16",42772,78023306,0.171498807182072
"42773","20074.16",42773,78024199,0.200200981495106
"42774","20074.16",42774,78024553,0.21730990001941
"42775","20074.16",42775,78025078,0.0273289632665987
"42776","20074.16",42776,78025200,0.186018610258241
"42777","20074.16",42777,78025494,1.39995214356556
"42778","20074.16",42778,78025533,0.213454002511623
"42779","20074.16",42779,78025958,-0.672220177107468
"42780","20074.16",42780,78029048,-0.219205525864502
"42781","20074.16",42781,78029120,-0.115071525013953
"42782","20074.16",42782,78029186,0.175540581747181
"42783","20074.16",42783,78029375,0.388620722982204
"42784","20074.16",42784,78029776,0.550637412329118
"42785","20074.16",42785,78031664,0.602372032081731
"42786","20074.16",42786,78032134,-0.502511359984846
"42787","20074.16",42787,78032304,0.557585985412165
"42788","20074.16",42788,78032595,-0.142925776895127
"42789","20074.16",42789,78033140,0.744525055342263
"42790","20074.16",42790,78033208,0.491681320844207
"42791","20074.16",42791,78035809,0.707988402562202
"42792","20074.16",42792,78036170,0.231641456833982
"42793","20074.16",42793,78036191,0.891554426110472
"42794","20074.16",42794,78036802,0.00963601635928413
"42795","20074.16",42795,78036867,-0.349549259088811
"42796","20074.16",42796,78041269,0.316749199819331
"42797","20074.16",42797,78045125,-0.129969484489195
"42798","20074.16",42798,78045530,-0.760019174770243
"42799","20074.16",42799,78045800,0.446088041815476
"42800","20074.16",42800,78046054,0.226877403151278
"42801","20074.16",42801,78046313,0.404067984336362
"42802","20074.16",42802,78046507,0.295406588783549
"42803","20074.16",42803,78046623,-0.0929509286348038
"42804","20074.16",42804,78047817,0.380498689985237
"42805","20074.16",42805,78047904,0.591854518580686
"42806","20074.16",42806,78047986,1.1517518143799
"42807","20074.16",42807,78048960,-0.113485069326214
"42808","20074.16",42808,78049222,0.710537347179492
"42809","20074.16",42809,78050979,0.328221632204838
"42810","20074.16",42810,78051378,0.473001115034864
"42811","20074.16",42811,78051531,0.969159593080664
"42812","20074.16",42812,78052655,0.491123990707755
"42813","20074.16",42813,78055451,-0.986440718901173
"42814","20074.16",42814,78055941,-0.111269663742325
"42815","20074.16",42815,78057103,0.709611963864799
"42816","20074.16",42816,78060267,0.351177072349324
"42817","20074.16",42817,78060685,0.497198469503728
"42818","20074.16",42818,78063064,0.446204930623622
"42819","20074.16",42819,78063143,0.400519427539243
"42820","20074.16",42820,78063210,0.545010316709837
"42821","20074.16",42821,78064108,-0.115888661959994
"42822","20074.16",42822,78070242,0.620736393206662
"42823","20074.16",42823,78070614,-0.384533902527421
"42824","20074.16",42824,78080360,-0.179827775452964
"42825","20074.16",42825,78080418,-0.0988258883449449
"42826","20074.16",42826,78085122,-0.308014065103318
"42827","20074.16",42827,78085342,1.00870578122142
"42828","20074.16",42828,78085408,0.0474264344913724
"42829","20074.16",42829,78085927,0.015678814569215
"42830","20074.16",42830,78086270,0.796941289768482
"42831","20074.16",42831,78086396,0.330978059010223
"42832","20074.16",42832,78087561,-0.331591689430334
"42833","20074.16",42833,78087730,-0.427597813881656
"42834","20074.16",42834,78087901,0.694525605721675
"42835","20074.16",42835,78087972,0.271416604019209
"42836","20074.16",42836,78088011,0.0114912472029802
"42837","20074.16",42837,78089391,-1.03449458772443
"42838","20074.16",42838,78090982,1.05934151684361
"42839","20074.16",42839,78091426,1.26740712669712
"42840","20074.16",42840,78098005,0.769812452267138
"42841","20074.16",42841,78101372,-0.218524235158998
"42842","20074.16",42842,78104022,-0.416203200729224
"42843","20074.16",42843,78104266,-0.0362553174760256
"42844","20074.16",42844,78104643,-0.46778948309408
"42845","20074.16",42845,78105366,0.354773602824527
"42846","20074.16",42846,78107974,0.344123340139507
"42847","20074.16",42847,78108184,-0.0763766656033305
"42848","20074.16",42848,78108962,0.488416326479869
"42849","20074.16",42849,78110144,0.0111522960540613
"42850","20074.16",42850,78112263,0.22294839202571
"42851","20074.16",42851,78112285,0.45481968857685
"42852","20074.16",42852,78112623,-0.6650116877871
"42853","20074.16",42853,78113653,-1.42300459771613
"42854","20074.16",42854,78113753,0.252077996685906
"42855","20074.16",42855,78114139,-0.270430175088688
"42856","20074.16",42856,78114956,0.705360041754694
"42857","20074.16",42857,78115195,-0.74127716683981
"42858","20074.16",42858,78115623,-0.314463306334974
"42859","20074.16",42859,78115674,0.0637634014418644
"42860","20074.16",42860,78116951,0.185678240534019
"42861","20074.16",42861,78117017,-0.162812644422546
"42862","20074.16",42862,78117280,0.0384961220385254
"42863","20074.16",42863,78117876,-0.313458585829503
"42864","20074.16",42864,78118247,0.0503425756931355
"42865","20074.16",42865,78122132,-0.30621713966184
"42866","20074.16",42866,78124716,-0.0187398930472611
"42867","20074.16",42867,78127149,-0.119221769231305
"42868","20074.16",42868,78127537,0.313168989515392
"42869","20074.16",42869,78128314,0.48185025281981
"42870","20074.16",42870,78128899,-0.176415638263335
"42871","20074.16",42871,78129058,-0.743550302435366
"42872","20074.16",42872,78129906,-0.127551154244036
"42873","20074.16",42873,78134455,0.710549935236624
"42874","20074.16",42874,78134603,0.237708553319293
"42875","20074.16",42875,78135752,-0.0501658338079647
"42876","20074.16",42876,78135815,-0.557990329008138
"42877","20074.16",42877,78136414,0.0940390183165007
"42878","20074.16",42878,78136582,0.117889790273066
"42879","20074.16",42879,78138090,0.633200989989848
"42880","20074.16",42880,78138918,-0.592636384406606
"42881","20074.16",42881,78140002,-0.039783177848892
"42882","20074.16",42882,78140042,-0.513976777287966
"42883","20074.16",42883,78143427,-0.37639032893985
"42884","20074.16",42884,78145198,-1.15633689324739
"42885","20074.16",42885,78148744,-0.567949599675654
"42886","20074.16",42886,78151033,-0.135063639282582
"42887","20074.16",42887,78156088,0.204123260439231
"42888","20074.16",42888,78156461,0.771823710722564
"42889","20074.16",42889,78156885,0.624728988719641
"42890","20074.16",42890,78159277,0.545844922234342
"42891","20074.16",42891,78159711,0.0427676227580092
"42892","20074.16",42892,78163155,-0.0693795969324524
"42893","20074.16",42893,78167658,0.951321268816902
"42894","20074.16",42894,78167906,0.189805835386841
"42895","20074.16",42895,78167930,0.492301314335209
"42896","20074.16",42896,78167962,0.109099335852074
"42897","20074.16",42897,78169938,0.63647506246162
"42898","20074.16",42898,78170324,0.715418277775972
"42899","20074.16",42899,78173154,0.068831664839907
"42900","20074.16",42900,78177715,0.0405897530523633
"42901","20074.16",42901,78177732,-0.908773151652754
"42902","20074.16",42902,78180352,-0.590933118414794
"42903","20074.16",42903,78181986,0.223518732236853
"42904","20074.16",42904,78183613,0.215141853460548
"42905","20074.16",42905,78183745,-0.0516400863367252
"42906","20074.16",42906,78183814,0.139854140365169
"42907","20074.16",42907,78186268,-0.0479818825781537
"42908","20074.16",42908,78186514,0.625749920909525
"42909","20074.16",42909,78186699,-0.0194436036415819
"42910","20074.16",42910,78188738,-0.156619249919384
"42911","20074.16",42911,78188800,0.371727091403261
"42912","20074.16",42912,78189298,-0.184767812991734
"42913","20074.16",42913,78196265,0.259209860155059
"42914","20074.16",42914,78197287,-1.11232613257894
"42915","20074.16",42915,78197484,0.890213539398467
"42916","20074.16",42916,78197730,-0.69155100694133
"42917","20074.16",42917,78197911,-0.0412265299409871
"42918","20074.16",42918,78198236,-0.861676742207375
"42919","20074.16",42919,78198502,-0.325072231922553
"42920","20074.16",42920,78198533,-0.380044590876738
"42921","20074.16",42921,78199045,0.275188281923781
"42922","20074.16",42922,78202820,-0.83503585569745
"42923","20074.16",42923,78203159,-0.181844596547746
"42924","20074.16",42924,78203222,-0.695715427362031
"42925","20074.16",42925,78203929,-0.347388866117198
"42926","20074.16",42926,78204367,-0.757428735729202
"42927","20074.16",42927,78205066,-0.408756936622968
"42928","20074.16",42928,78205177,-0.162327637177238
"42929","20074.16",42929,78206942,0.0826919638916221
"42930","20074.16",42930,78208569,-0.257730364625428
"42931","20074.16",42931,78208676,-0.328595683701873
"42932","20074.16",42932,78209023,1.19704648668767
"42933","20074.16",42933,78209069,0.62853838414845
"42934","20074.16",42934,78209663,0.416103009617596
"42935","20074.16",42935,78211766,-0.452431060382433
"42936","20074.16",42936,78212311,-0.243269665722946
"42937","20074.16",42937,78212959,-0.258976561156783
"42938","20074.16",42938,78213628,-0.16567286285839
"42939","20074.16",42939,78213755,-0.336520834998879
"42940","20074.16",42940,78217207,-0.195115362413168
"42941","20074.16",42941,78217414,-0.0760217333838016
"42942","20074.16",42942,78217957,0.192293797634564
"42943","20074.16",42943,78218016,0.586307008700088
"42944","20074.16",42944,78219241,-0.293822086873972
"42945","20074.16",42945,78222725,-0.215245129481215
"42946","20074.16",42946,78222725,0.201737493042398
"42947","20074.16",42947,78222989,0.318051340122985
"42948","20074.16",42948,78225248,0.317440798023569
"42949","20074.16",42949,78226976,-1.15453003802866
"42950","20074.16",42950,78229414,-0.0297391225522592
"42951","20074.16",42951,78231979,-0.449406780108395
"42952","20074.16",42952,78232099,0.00157984679325462
"42953","20074.16",42953,78232385,-0.159542161755814
"42954","20074.16",42954,78232621,-0.358055348128522
"42955","20074.16",42955,78232833,-0.154010168284821
"42956","20074.16",42956,78233398,0.275023516963574
"42957","20074.16",42957,78236071,0.340515021543704
"42958","20074.16",42958,78236410,-0.282102315765663
"42959","20074.16",42959,78236543,-1.72450182081494
"42960","20074.16",42960,78238089,0.358848634314314
"42961","20074.16",42961,78243281,0.432686476632409
"42962","20074.16",42962,78243313,0.204418223369813
"42963","20074.16",42963,78243384,0.482803244570833
"42964","20074.16",42964,78245444,-0.869283585924093
"42965","20074.16",42965,78245520,0.889256566240161
"42966","20074.16",42966,78245544,0.798822232685235
"42967","20074.16",42967,78246178,0.589978526118336
"42968","20074.16",42968,78247691,0.350756010459782
"42969","20074.16",42969,78248333,-0.225461037963162
"42970","20074.16",42970,78249957,-0.0433848816272508
"42971","20074.16",42971,78250055,-0.849870701746118
"42972","20074.16",42972,78250466,0.0778937498823913
"42973","20074.16",42973,78251113,0.00239305046278204
"42974","20074.16",42974,78251231,-0.536819056358339
"42975","20074.16",42975,78251616,0.696388651270465
"42976","20074.16",42976,78252096,-0.0868796784945367
"42977","20074.16",42977,78253782,-0.774714611860976
"42978","20074.16",42978,78254076,0.502569064865232
"42979","20074.16",42979,78254110,-0.29313806196611
"42980","20074.16",42980,78254164,-0.213856718102114
"42981","20074.16",42981,78254250,1.09407298080317
"42982","20074.16",42982,78254391,-0.768834739444111
"42983","20074.16",42983,78254495,-0.657943819537839
"42984","20074.16",42984,78256680,-0.83118350365185
"42985","20074.16",42985,78257221,-0.272638077393395
"42986","20074.16",42986,78257700,0.718664803843786
"42987","20074.16",42987,78259281,-0.674790921687566
"42988","20074.16",42988,78260115,-1.71762935001663
"42989","20074.16",42989,78262821,-0.147775304015127
"42990","20074.16",42990,78263040,-0.980870584112275
"42991","20074.16",42991,78263087,-0.161813299294821
"42992","20074.16",42992,78264088,-0.308339467038589
"42993","20074.16",42993,78264107,0.768067784299785
"42994","20074.16",42994,78264233,0.0596990953474261
"42995","20074.16",42995,78264247,0.227863614454118
"42996","20074.16",42996,78265423,0.225112313325547
"42997","20074.16",42997,78267097,0.455763536778281
"42998","20074.16",42998,78270665,0.0554679939589233
"42999","20074.16",42999,78271066,0.504736692611734
"43000","20074.16",43000,78272842,-0.721937109765096
"43001","20074.16",43001,78273030,1.03231313644438
"43002","20074.16",43002,78273279,0.194272147297146
"43003","20074.16",43003,78275243,0.430266506942233
"43004","20074.16",43004,78275272,-0.108949738865115
"43005","20074.16",43005,78277202,-0.440652225997663
"43006","20074.16",43006,78277937,-0.0567646635488037
"43007","20074.16",43007,78278601,-0.16569649599809
"43008","20074.16",43008,78279385,0.188329809508573
"43009","20074.16",43009,78279918,-1.28951984677213
"43010","20074.16",43010,78280176,0.318989886900105
"43011","20074.16",43011,78280445,0.579559133111613
"43012","20074.16",43012,78280647,0.147547376963911
"43013","20074.16",43013,78283689,-1.61261697807032
"43014","20074.16",43014,78284812,-0.191715502680831
"43015","20074.16",43015,78285478,0.44020362360044
"43016","20074.16",43016,78286280,-0.223470190455533
"43017","20074.16",43017,78286440,-1.28026962262038
"43018","20074.16",43018,78286582,0.411104843356846
"43019","20074.16",43019,78286742,0.75048435711742
"43020","20074.16",43020,78287059,-0.0300338239149918
"43021","20074.16",43021,78287458,-0.0269792462282084
"43022","20074.16",43022,78288925,-0.307913211999844
"43023","20074.16",43023,78289693,-0.365672657219116
"43024","20074.16",43024,78291173,-0.0969570297107829
"43025","20074.16",43025,78292358,0.578882408795956
"43026","20074.16",43026,78292461,-0.826548588980488
"43027","20074.16",43027,78294672,-0.758127247184934
"43028","20074.16",43028,78295836,-0.0724261649472346
"43029","20074.16",43029,78295864,-2.20346141283721
"43030","20074.16",43030,78296307,-0.735631533100635
"43031","20074.16",43031,78298334,0.141896583172538
"43032","20074.16",43032,78298436,0.00471010214976264
"43033","20074.16",43033,78298489,-0.285809903572349
"43034","20074.16",43034,78300048,-0.189097121219483
"43035","20074.16",43035,78300191,-0.774026919757657
"43036","20074.16",43036,78300371,0.00735117401125418
"43037","20074.16",43037,78300649,0.0330556574355194
"43038","20074.16",43038,78308940,-0.340234799527946
"43039","20074.16",43039,78308982,-0.172099689170687
"43040","20074.16",43040,78309325,0.179406589948202
"43041","20074.16",43041,78309402,-0.102562005334625
"43042","20074.16",43042,78314281,0.171890381876333
"43043","20074.16",43043,78314953,-0.00802847742078061
"43044","20074.16",43044,78318348,0.560062586644308
"43045","20074.16",43045,78318573,0.164908661844845
"43046","20074.16",43046,78319418,-0.561954458630242
"43047","20074.16",43047,78319634,0.865629865287945
"43048","20074.16",43048,78320060,0.513992248543611
"43049","20074.16",43049,78320113,0.0891137097991397
"43050","20074.16",43050,78320364,0.701147040363357
"43051","20074.16",43051,78323530,0.528867936878474
"43052","20074.16",43052,78323977,0.270848293050048
"43053","20074.16",43053,78324083,0.112635217863025
"43054","20074.16",43054,78324603,0.107437984920693
"43055","20074.16",43055,78325545,-0.127594470236023
"43056","20074.16",43056,78330750,0.098975844168205
"43057","20074.16",43057,78332721,0.351743428703847
"43058","20074.16",43058,78333329,-0.136526729891068
"43059","20074.16",43059,78333363,-0.125637423206085
"43060","20074.16",43060,78334736,-0.0349751889282217
"43061","20074.16",43061,78336937,-0.0590904638421623
"43062","20074.16",43062,78338508,0.330292940079526
"43063","20074.16",43063,78338764,0.203050928775708
"43064","20074.16",43064,78341922,0.59654787695061
"43065","20074.16",43065,78341937,-0.191564183115497
"43066","20074.16",43066,78341950,-1.5948467711919
"43067","20074.16",43067,78343690,-0.0219945128987078
"43068","20074.16",43068,78343738,-0.705256441383863
"43069","20074.16",43069,78343936,-0.0449007417290881
"43070","20074.16",43070,78344043,0.814502840162427
"43071","20074.16",43071,78344118,0.9805850150158
"43072","20074.16",43072,78344543,-0.4935871417063
"43073","20074.16",43073,78345435,0.380020980466708
"43074","20074.16",43074,78346108,0.878647939698479
"43075","20074.16",43075,78347186,0.15324177001001
"43076","20074.16",43076,78347216,1.05064692042877
"43077","20074.16",43077,78347738,0.040811159788694
"43078","20074.16",43078,78348395,-0.121084068882004
"43079","20074.16",43079,78350205,-0.790251326426208
"43080","20074.16",43080,78351835,0.407204645099081
"43081","20074.16",43081,78351904,0.418899471612016
"43082","20074.16",43082,78353988,-0.288540413371053
"43083","20074.16",43083,78354074,0.071691184086049
"43084","20074.16",43084,78361149,0.263845977456545
"43085","20074.16",43085,78364507,-0.717736408833779
"43086","20074.16",43086,78367613,-0.347133999511114
"43087","20074.16",43087,78369019,-0.366021932160152
"43088","20074.16",43088,78369089,-0.217692860512122
"43089","20074.16",43089,78369095,-0.532597726689143
"43090","20074.16",43090,78369258,0.462908360569823
"43091","20074.16",43091,78369433,-0.387945816526766
"43092","20074.16",43092,78369447,0.663009691213863
"43093","20074.16",43093,78369461,-0.757489840560114
"43094","20074.16",43094,78371498,0.106272588602725
"43095","20074.16",43095,78371608,0.283394841295423
"43096","20074.16",43096,78372441,-2.21350094924747
"43097","20074.16",43097,78372457,-0.948080177286896
"43098","20074.16",43098,78372612,-2.07951156644985
"43099","20074.16",43099,78372847,-2.83100994221285
"43100","20074.16",43100,78373338,-2.58075636899068
"43101","20074.16",43101,78373765,-3.22631572175381
"43102","20074.16",43102,78373818,-1.39517838014918
"43103","20074.16",43103,78376378,-1.59124423229045
"43104","20074.16",43104,78376712,-2.3722569356562
"43105","20074.16",43105,78376935,-3.09015766032772
"43106","20074.16",43106,78377162,-1.61072835085205
"43107","20074.16",43107,78377259,-1.38505351603233
"43108","20074.16",43108,78377529,-1.97759359817386
"43109","20074.16",43109,78379676,-2.39487019220108
"43110","20074.16",43110,78381263,-2.33508970094053
"43111","20074.16",43111,78383140,-0.146832007667654
"43112","20074.16",43112,78384739,-3.10932017750476
"43113","20074.16",43113,78384766,-1.42928020006089
"43114","20074.16",43114,78385002,-0.110649425547834
"43115","20074.16",43115,78385438,-0.294409143198791
"43116","20074.16",43116,78385482,-0.238998582116661
"43117","20074.16",43117,78385508,0.650206893063543
"43118","20074.16",43118,78386052,-0.158077887607558
"43119","20074.16",43119,78386085,0.628557080677246
"43120","20074.16",43120,78391217,0.342576082608068
"43121","20074.16",43121,78391264,-0.442659784497611
"43122","20074.16",43122,78391281,0.0475252542790336
"43123","20074.16",43123,78391378,0.0570238419096478
"43124","20074.16",43124,78391380,0.294183768374102
"43125","20074.16",43125,78391396,-0.0061469166055792
"43126","20074.16",43126,78391753,-0.110742238815332
"43127","20074.16",43127,78391797,-0.108737272759574
"43128","20074.16",43128,78391814,-1.17938717900882
"43129","20074.16",43129,78394936,0.617620312706037
"43130","20074.16",43130,78395205,-0.490523714545531
"43131","20074.16",43131,78395416,-0.178051503039954
"43132","20074.16",43132,78395997,0.621625917229134
"43133","20074.16",43133,78398514,-0.475066639218707
"43134","20074.16",43134,78398525,-0.298324280930329
"43135","20074.16",43135,78398630,0.281424388617951
"43136","20074.16",43136,78398652,0.038237916099118
"43137","20074.16",43137,78398705,-0.614416208439175
"43138","20074.16",43138,78401357,-0.21795203335829
"43139","20074.16",43139,78402002,0.867961608757098
"43140","20074.16",43140,78402128,0.192762036181334
"43141","20074.16",43141,78402314,-0.717942449430107
"43142","20074.16",43142,78402412,-1.97008711726119
"43143","20074.16",43143,78402449,-0.0254310324688731
"43144","20074.16",43144,78403053,0.263946521443542
"43145","20074.16",43145,78403146,0.193842884283304
"43146","20074.16",43146,78403585,0.577557516456046
"43147","20074.16",43147,78403735,-0.016017888399201
"43148","20074.16",43148,78405779,0.256339498233202
"43149","20074.16",43149,78405865,-0.476438194459821
"43150","20074.16",43150,78406053,-0.30425545527786
"43151","20074.16",43151,78406080,-0.251912102171119
"43152","20074.16",43152,78406148,0.116949365733283
"43153","20074.16",43153,78406189,-0.444386816017122
"43154","20074.16",43154,78406523,0.1523147034896
"43155","20074.16",43155,78407063,1.03244278924817
"43156","20074.16",43156,78407453,0.126167694577834
"43157","20074.16",43157,78407567,0.353510826728619
"43158","20074.16",43158,78413448,0.856282104953686
"43159","20074.16",43159,78415610,-0.108253858043445
"43160","20074.16",43160,78415638,0.301652948447971
"43161","20074.16",43161,78416127,0.0842436970056513
"43162","20074.16",43162,78416214,0.55211148881012
"43163","20074.16",43163,78416434,-0.660023119009743
"43164","20074.16",43164,78416448,-0.187586073390984
"43165","20074.16",43165,78416842,-0.222417824175319
"43166","20074.16",43166,78416930,-1.09286514445511
"43167","20074.16",43167,78416964,0.0300433891470639
"43168","20074.16",43168,78417262,0.463415154935224
"43169","20074.16",43169,78417314,0.231544860081116
"43170","20074.16",43170,78417344,0.0583034176075863
"43171","20074.16",43171,78417710,0.95952602334329
"43172","20074.16",43172,78417811,0.453449113338135
"43173","20074.16",43173,78417988,0.117497364521433
"43174","20074.16",43174,78419505,0.909258554849077
"43175","20074.16",43175,78419522,-0.397270576375097
"43176","20074.16",43176,78419874,0.0373357676457253
"43177","20074.16",43177,78419958,-0.273482754770257
"43178","20074.16",43178,78420591,-1.75556156124019
"43179","20074.16",43179,78422910,0.44958134090852
"43180","20074.16",43180,78422926,0.0163878586245874
"43181","20074.16",43181,78423188,0.628326663130003
"43182","20074.16",43182,78423455,1.17185346886792
"43183","20074.16",43183,78424530,0.438542410829986
"43184","20074.16",43184,78424831,0.629441680423866
"43185","20074.16",43185,78424936,0.51443225513166
"43186","20074.16",43186,78425224,0.519574562691845
"43187","20074.16",43187,78425314,0.483320703186876
"43188","20074.16",43188,78425790,0.176628922747694
"43189","20074.16",43189,78425862,0.278020416890166
"43190","20074.16",43190,78426068,0.0657518767239713
"43191","20074.16",43191,78426077,0.146278962806957
"43192","20074.16",43192,78426104,0.178505369162241
"43193","20074.16",43193,78432492,0.473670311192671
"43194","20074.16",43194,78434693,0.60788765962971
"43195","20074.16",43195,78436608,1.29942616253403
"43196","20074.16",43196,78436751,0.23041637153226
"43197","20074.16",43197,78439099,-0.064206567979534
"43198","20074.16",43198,78439170,-0.0770632037934185
"43199","20074.16",43199,78439250,0.646311866369898
"43200","20074.16",43200,78439269,0.482646236733594
"43201","20074.16",43201,78439596,0.106959758519328
"43202","20074.16",43202,78439616,-0.152133163134925
"43203","20074.16",43203,78441705,-0.140112555198634
"43204","20074.16",43204,78442099,-0.201030962556787
"43205","20074.16",43205,78443833,-0.39790720720833
"43206","20074.16",43206,78444339,0.258219568570049
"43207","20074.16",43207,78446057,0.395594931379871
"43208","20074.16",43208,78446602,0.659278289728308
"43209","20074.16",43209,78449395,-0.188010008465255
"43210","20074.16",43210,78449672,-0.0295575234811221
"43211","20074.16",43211,78450110,0.424377769182963
"43212","20074.16",43212,78454522,0.338351416933821
"43213","20074.16",43213,78454904,0.483648013016588
"43214","20074.16",43214,78456056,0.305365038213693
"43215","20074.16",43215,78458471,-0.243197351173793
"43216","20074.16",43216,78458513,0.740115728466313
"43217","20074.16",43217,78458617,0.0857152383329831
"43218","20074.16",43218,78458807,0.0608802057758409
"43219","20074.16",43219,78459334,-0.550395963107396
"43220","20074.16",43220,78459346,-0.326860823191765
"43221","20074.16",43221,78459534,0.0119544648818968
"43222","20074.16",43222,78460928,0.291850481367338
"43223","20074.16",43223,78462637,1.00727348265805
"43224","20074.16",43224,78462851,0.750795941124516
"43225","20074.16",43225,78463318,0.670393243996403
"43226","20074.16",43226,78463512,0.785190114325723
"43227","20074.16",43227,78463798,-0.541462567926231
"43228","20074.16",43228,78466141,0.873285227617401
"43229","20074.16",43229,78466437,0.383175650050748
"43230","20074.16",43230,78466704,-0.0050227753128933
"43231","20074.16",43231,78466758,0.0473706480986769
"43232","20074.16",43232,78467308,-1.26708995319402
"43233","20074.16",43233,78469169,0.678849344850707
"43234","20074.16",43234,78469386,-0.080295965777033
"43235","20074.16",43235,78469705,-0.0965189615944873
"43236","20074.16",43236,78473842,-1.57299646240083
"43237","20074.16",43237,78474090,-0.560034301548605
"43238","20074.16",43238,78474407,-0.338600163153744
"43239","20074.16",43239,78474457,0.0845828117608676
"43240","20074.16",43240,78475409,-0.447686897777386
"43241","20074.16",43241,78478840,1.09709066525802
"43242","20074.16",43242,78480120,-0.390324662356699
"43243","20074.16",43243,78480895,-0.031221824157468
"43244","20074.16",43244,78484174,-0.31494688573023
"43245","20074.16",43245,78485635,0.405916280231321
"43246","20074.16",43246,78486108,-0.269454124763068
"43247","20074.16",43247,78487877,-0.0123776293349538
"43248","20074.16",43248,78488103,0.0383332102351845
"43249","20074.16",43249,78490582,0.402663939199603
"43250","20074.16",43250,78492825,0.481478114175316
"43251","20074.16",43251,78492860,0.341769945148914
"43252","20074.16",43252,78492951,0.74127481257733
"43253","20074.16",43253,78493387,0.534593847880209
"43254","20074.16",43254,78493663,-1.86368527222506
"43255","20074.16",43255,78495361,0.470577508791954
"43256","20074.16",43256,78496824,-0.271122186249942
"43257","20074.16",43257,78496876,0.248133354274958
"43258","20074.16",43258,78497193,0.557231848212221
"43259","20074.16",43259,78497372,-0.355906262645304
"43260","20074.16",43260,78497723,-0.235319616586788
"43261","20074.16",43261,78497817,0.493930546718082
"43262","20074.16",43262,78497940,0.498786509832594
"43263","20074.16",43263,78499157,0.401394400973225
"43264","20074.16",43264,78499457,0.137773069600954
"43265","20074.16",43265,78499470,0.642257498206717
"43266","20074.16",43266,78499574,-0.917038050982113
"43267","20074.16",43267,78500565,-0.0150401001745291
"43268","20074.16",43268,78500945,0.248442229359727
"43269","20074.16",43269,78501655,0.497267338007995
"43270","20074.16",43270,78501714,0.645968913385183
"43271","20074.16",43271,78501803,0.0366312605281678
"43272","20074.16",43272,78502354,0.394586132338431
"43273","20074.16",43273,78502389,-0.052569017339497
"43274","20074.16",43274,78502669,0.537636738081585
"43275","20074.16",43275,78502894,0.589591876007968
"43276","20074.16",43276,78502964,0.335352088027826
"43277","20074.16",43277,78503069,0.494902919612367
"43278","20074.16",43278,78503688,-0.478716179896043
"43279","20074.16",43279,78503910,-0.824378243039202
"43280","20074.16",43280,78503945,-0.583928943290979
"43281","20074.16",43281,78504038,0.0815352888202385
"43282","20074.16",43282,78504183,-0.488371004244961
"43283","20074.16",43283,78504236,0.170279589313765
"43284","20074.16",43284,78505906,-0.254703003435957
"43285","20074.16",43285,78505948,0.0493162422684517
"43286","20074.16",43286,78505992,-1.06021058239329
"43287","20074.16",43287,78508065,0.489334449840222
"43288","20074.16",43288,78508301,0.100146293684162
"43289","20074.16",43289,78508438,0.208131398669616
"43290","20074.16",43290,78508889,0.132741824863794
"43291","20074.16",43291,78509079,0.744174854413285
"43292","20074.16",43292,78509357,0.0384096773147977
"43293","20074.16",43293,78509447,0.120892349197817
"43294","20074.16",43294,78509936,-0.12183253631244
"43295","20074.16",43295,78510679,-0.507435961640489
"43296","20074.16",43296,78510968,-0.131630545163266
"43297","20074.16",43297,78513660,0.454428624161937
"43298","20074.16",43298,78513891,-0.223000912362293
"43299","20074.16",43299,78514068,1.17481934688132
"43300","20074.16",43300,78514187,1.33897959157978
"43301","20074.16",43301,78514488,0.260343558288333
"43302","20074.16",43302,78514583,0.0905701124990053
"43303","20074.16",43303,78514935,0.362318827170671
"43304","20074.16",43304,78515131,-0.0618716682324205
"43305","20074.16",43305,78515158,0.0664521516310606
"43306","20074.16",43306,78516073,0.383433291707902
"43307","20074.16",43307,78517027,1.09873567404362
"43308","20074.16",43308,78517165,1.05791433590139
"43309","20074.16",43309,78518682,-0.419127659302944
"43310","20074.16",43310,78518857,-0.952649896865285
"43311","20074.16",43311,78519689,-0.118737924436638
"43312","20074.16",43312,78519780,-0.175984522779734
"43313","20074.16",43313,78520862,0.731695067249265
"43314","20074.16",43314,78521339,0.885573565311026
"43315","20074.16",43315,78522184,-0.161966859994507
"43316","20074.16",43316,78522906,-0.248415933405992
"43317","20074.16",43317,78523364,-0.407255695092976
"43318","20074.16",43318,78523403,0.0218907725447313
"43319","20074.16",43319,78523527,0.0635317131723259
"43320","20074.16",43320,78524006,-0.268561123082889
"43321","20074.16",43321,78524099,-0.207820204241198
"43322","20074.16",43322,78524180,0.328301640996624
"43323","20074.16",43323,78526427,0.745305801523261
"43324","20074.16",43324,78526748,0.220692056246833
"43325","20074.16",43325,78526938,-0.16341431994942
"43326","20074.16",43326,78527004,0.116707111600904
"43327","20074.16",43327,78527053,-0.539486410977142
"43328","20074.16",43328,78527065,-0.379683581315803
"43329","20074.16",43329,78529918,-0.41931713080464
"43330","20074.16",43330,78530357,0.239780101211503
"43331","20074.16",43331,78530457,0.0884182659789294
"43332","20074.16",43332,78530885,-0.0842552589893923
"43333","20074.16",43333,78531308,-0.0520409339589758
"43334","20074.16",43334,78533357,-0.0854069954925647
"43335","20074.16",43335,78534570,-0.850361641892353
"43336","20074.16",43336,78534823,0.545725141769378
"43337","20074.16",43337,78534900,-0.162071589968749
"43338","20074.16",43338,78535203,0.631767784827557
"43339","20074.16",43339,78535370,0.617156704480483
"43340","20074.16",43340,78536697,-0.0853365918691216
"43341","20074.16",43341,78536929,0.270283634226565
"43342","20074.16",43342,78537097,0.715706729392749
"43343","20074.16",43343,78537146,0.405093522290541
"43344","20074.16",43344,78537474,0.662190858338792
"43345","20074.16",43345,78537632,0.0995052148785849
"43346","20074.16",43346,78538019,0.0438379247507763
"43347","20074.16",43347,78538311,-0.906957579203088
"43348","20074.16",43348,78538355,-0.427446898270466
"43349","20074.16",43349,78538760,0.100444841788639
"43350","20074.16",43350,78539115,-0.28804551447088
"43351","20074.16",43351,78539370,1.25607947285936
"43352","20074.16",43352,78539515,0.611925020546999
"43353","20074.16",43353,78539722,-0.208809487508045
"43354","20074.16",43354,78541332,0.0238794816793186
"43355","20074.16",43355,78541355,-0.0018887559665588
"43356","20074.16",43356,78541730,0.135106049307142
"43357","20074.16",43357,78543000,-0.96780365888629
"43358","20074.16",43358,78544042,-0.206661579942724
"43359","20074.16",43359,78544424,0.0353831036419585
"43360","20074.16",43360,78544723,0.0763974335541908
"43361","20074.16",43361,78544855,-0.0529594330309386
"43362","20074.16",43362,78544986,0.536026799789096
"43363","20074.16",43363,78545348,0.347058342724725
"43364","20074.16",43364,78545685,0.080928275124661
"43365","20074.16",43365,78545984,-0.488233869875084
"43366","20074.16",43366,78546338,-0.0384977294137121
"43367","20074.16",43367,78546809,0.325369640357056
"43368","20074.16",43368,78547718,0.176289386379603
"43369","20074.16",43369,78548310,-0.00596053142195263
"43370","20074.16",43370,78548398,-0.220415455540866
"43371","20074.16",43371,78548574,0.145263596133837
"43372","20074.16",43372,78548656,0.427921578476984
"43373","20074.16",43373,78549789,-0.284383149605577
"43374","20074.16",43374,78551648,-0.877363319599578
"43375","20074.16",43375,78551936,0.0292347070661174
"43376","20074.16",43376,78551953,0.328854516788563
"43377","20074.16",43377,78552049,0.000533436302558421
"43378","20074.16",43378,78552496,1.16078204736514
"43379","20074.16",43379,78552528,-0.731867062406197
"43380","20074.16",43380,78552921,0.410551058379604
"43381","20074.16",43381,78552954,0.749782589952257
"43382","20074.16",43382,78553640,0.08090000182359
"43383","20074.16",43383,78553933,-0.256162470849221
"43384","20074.16",43384,78557769,-0.0140091853115285
"43385","20074.16",43385,78559734,-0.350644698051046
"43386","20074.16",43386,78559840,-0.0313790532083367
"43387","20074.16",43387,78559880,0.249754907914146
"43388","20074.16",43388,78559925,0.55062498013091
"43389","20074.16",43389,78559994,0.0762691448378661
"43390","20074.16",43390,78560027,0.932181408949893
"43391","20074.16",43391,78560058,-0.438463860499476
"43392","20074.16",43392,78560098,-0.509847241763336
"43393","20074.16",43393,78560261,0.460120029516824
"43394","20074.16",43394,78560312,0.389141330901585
"43395","20074.16",43395,78560516,-0.180176905608705
"43396","20074.16",43396,78561116,0.3006972218361
"43397","20074.16",43397,78561171,0.525734378725937
"43398","20074.16",43398,78561806,-0.0538229486468262
"43399","20074.16",43399,78563758,0.110658974707425
"43400","20074.16",43400,78563832,0.723367969496375
"43401","20074.16",43401,78563940,0.365484688790976
"43402","20074.16",43402,78564230,-1.16917828812777
"43403","20074.16",43403,78566246,0.244980561809384
"43404","20074.16",43404,78567021,0.081655348850398
"43405","20074.16",43405,78567094,0.87231974324052
"43406","20074.16",43406,78567208,0.685909951596932
"43407","20074.16",43407,78568270,0.0670645001456638
"43408","20074.16",43408,78568430,0.349348639912967
"43409","20074.16",43409,78569070,-0.507693647524102
"43410","20074.16",43410,78569521,-1.05276927911317
"43411","20074.16",43411,78569957,0.172540066877808
"43412","20074.16",43412,78570541,-0.00390053924580958
"43413","20074.16",43413,78570568,0.140854169075354
"43414","20074.16",43414,78570715,0.15683511320005
"43415","20074.16",43415,78572468,0.545255257025766
"43416","20074.16",43416,78573025,-0.0831281387390659
"43417","20074.16",43417,78573628,0.531414994365792
"43418","20074.16",43418,78573843,0.0556020888274471
"43419","20074.16",43419,78573963,0.925995462388859
"43420","20074.16",43420,78574557,-0.355652811273413
"43421","20074.16",43421,78574676,0.476681876847429
"43422","20074.16",43422,78578900,0.990312865668565
"43423","20074.16",43423,78579462,0.156346967017539
"43424","20074.16",43424,78580686,-0.120778190153596
"43425","20074.16",43425,78581138,0.514927331012532
"43426","20074.16",43426,78581163,-0.0294293376479873
"43427","20074.16",43427,78581281,0.0591501934703009
"43428","20074.16",43428,78582444,-0.344930826195276
"43429","20074.16",43429,78582719,-0.321040283145771
"43430","20074.16",43430,78583257,0.630941016584683
"43431","20074.16",43431,78583435,0.560566029572787
"43432","20074.16",43432,78585130,-0.545310397594028
"43433","20074.16",43433,78586507,0.180453911179968
"43434","20074.16",43434,78586531,-0.957501177524918
"43435","20074.16",43435,78587361,-0.624217513328726
"43436","20074.16",43436,78587805,0.0494271887210527
"43437","20074.16",43437,78588357,0.459631811852142
"43438","20074.16",43438,78588532,1.06310595069997
"43439","20074.16",43439,78588571,0.0530412861918421
"43440","20074.16",43440,78591553,-0.306120120855975
"43441","20074.16",43441,78591884,-0.526300872254172
"43442","20074.16",43442,78592754,-0.0604363744995489
"43443","20074.16",43443,78593050,-0.0231565649951504
"43444","20074.16",43444,78594171,-0.034653655645398
"43445","20074.16",43445,78594980,-0.221981504022022
"43446","20074.16",43446,78596152,0.525994859928702
"43447","20074.16",43447,78596305,0.244149443120283
"43448","20074.16",43448,78596522,0.0826982924454107
"43449","20074.16",43449,78596607,0.0286340934931095
"43450","20074.16",43450,78599152,0.259077765889251
"43451","20074.16",43451,78599203,0.716511023477495
"43452","20074.16",43452,78599679,-0.455707801819195
"43453","20074.16",43453,78600755,0.721686275216817
"43454","20074.16",43454,78607349,-0.299277100327561
"43455","20074.16",43455,78609573,-0.33480524262212
"43456","20074.16",43456,78614215,-0.5864524091322
"43457","20074.16",43457,78614427,0.569166894260371
"43458","20074.16",43458,78614451,-0.162751295969973
"43459","20074.16",43459,78614508,0.298992175133585
"43460","20074.16",43460,78614524,-0.275349678182951
"43461","20074.16",43461,78614839,-0.618944591260241
"43462","20074.16",43462,78617931,-0.192904359262107
"43463","20074.16",43463,78621373,0.449425539348403
"43464","20074.16",43464,78621413,-0.69693143816171
"43465","20074.16",43465,78621620,0.692717817428176
"43466","20074.16",43466,78622633,0.862950134193206
"43467","20074.16",43467,78622688,1.02215961012239
"43468","20074.16",43468,78622887,0.0880141003585635
"43469","20074.16",43469,78622997,0.309926706359192
"43470","20074.16",43470,78623465,-0.0440578772793847
"43471","20074.16",43471,78625901,0.667840368515283
"43472","20074.16",43472,78626583,0.403572316812398
"43473","20074.16",43473,78629320,1.12440158259716
"43474","20074.16",43474,78630296,-0.11425438513364
"43475","20074.16",43475,78630419,0.853418832473607
"43476","20074.16",43476,78630704,-0.255434703333461
"43477","20074.16",43477,78630819,0.18796365544701
"43478","20074.16",43478,78632816,-0.221533864571783
"43479","20074.16",43479,78634051,0.0453481846867305
"43480","20074.16",43480,78639581,-0.781184141707204
"43481","20074.16",43481,78639843,-0.178027831186531
"43482","20074.16",43482,78642806,0.46938381974226
"43483","20074.16",43483,78643130,0.130608753621949
"43484","20074.16",43484,78645162,-0.0724911665835455
"43485","20074.16",43485,78645313,0.314263404992544
"43486","20074.16",43486,78646204,0.177410345236001
"43487","20074.16",43487,78647176,0.0244108340769991
"43488","20074.16",43488,78647972,0.401297251259709
"43489","20074.16",43489,78648998,0.150984445497926
"43490","20074.16",43490,78650995,0.244322484006257
"43491","20074.16",43491,78651563,-0.403593315676101
"43492","20074.16",43492,78653388,-0.112998255056897
"43493","20074.16",43493,78653522,0.105690360304826
"43494","20074.16",43494,78654819,-0.480810271250237
"43495","20074.16",43495,78657737,0.633346638496199
"43496","20074.16",43496,78657827,0.412138207897926
"43497","20074.16",43497,78657905,0.192496369851539
"43498","20074.16",43498,78660846,0.443339995975182
"43499","20074.16",43499,78661374,-0.516202052615415
"43500","20074.16",43500,78661374,-0.063042688530409
"43501","20074.16",43501,78661664,0.236879519475726
"43502","20074.16",43502,78665745,-0.279132056429554
"43503","20074.16",43503,78665808,1.20604885474383
"43504","20074.16",43504,78666012,0.38412419907253
"43505","20074.16",43505,78666152,-0.158052983617937
"43506","20074.16",43506,78668208,0.205487074218746
"43507","20074.16",43507,78668315,-0.145604981783993
"43508","20074.16",43508,78668995,-0.0412348057761758
"43509","20074.16",43509,78670892,0.120161987245983
"43510","20074.16",43510,78672337,0.655937304173547
"43511","20074.16",43511,78672598,0.415750231971679
"43512","20074.16",43512,78672823,0.213683678237064
"43513","20074.16",43513,78672940,0.226992315616229
"43514","20074.16",43514,78675531,-0.45782871655151
"43515","20074.16",43515,78675814,0.775788180445166
"43516","20074.16",43516,78675879,-0.0256960350551845
"43517","20074.16",43517,78677032,0.204647965456971
"43518","20074.16",43518,78677139,0.42666257274962
"43519","20074.16",43519,78677370,-0.258237235830152
"43520","20074.16",43520,78677378,-0.342491682453173
"43521","20074.16",43521,78678727,0.522045035274762
"43522","20074.16",43522,78678820,0.405110066091486
"43523","20074.16",43523,78679045,0.605134954111191
"43524","20074.16",43524,78679063,0.301151804264628
"43525","20074.16",43525,78679090,0.00221366900797992
"43526","20074.16",43526,78679163,0.146500292690645
"43527","20074.16",43527,78679533,0.429633883782453
"43528","20074.16",43528,78681586,-0.852859735503209
"43529","20074.16",43529,78682507,-0.391470959300003
"43530","20074.16",43530,78687654,-0.0303704237602993
"43531","20074.16",43531,78690910,0.666970917701179
"43532","20074.16",43532,78693197,0.178444577852964
"43533","20074.16",43533,78693668,0.102133917681532
"43534","20074.16",43534,78693758,0.661047747211858
"43535","20074.16",43535,78693878,0.169058883138492
"43536","20074.16",43536,78694210,-0.93175542889724
"43537","20074.16",43537,78697681,-0.137928345882099
"43538","20074.16",43538,78697867,-0.780360788789388
"43539","20074.16",43539,78697887,0.521979726963525
"43540","20074.16",43540,78698238,-0.542107593522815
"43541","20074.16",43541,78700674,1.03488097925212
"43542","20074.16",43542,78700927,0.61827381664171
"43543","20074.16",43543,78701781,-0.236827225266667
"43544","20074.16",43544,78701832,-0.228149430354847
"43545","20074.16",43545,78702407,-0.437664629185214
"43546","20074.16",43546,78703545,0.64884689964564
"43547","20074.16",43547,78704199,0.145841543787617
"43548","20074.16",43548,78704214,-0.133878441484076
"43549","20074.16",43549,78704319,0.699725292897299
"43550","20074.16",43550,78704738,-0.0779262401356187
"43551","20074.16",43551,78705026,0.790318132446672
"43552","20074.16",43552,78705401,0.842586537495593
"43553","20074.16",43553,78705878,0.160565126460442
"43554","20074.16",43554,78706297,0.594590495236786
"43555","20074.16",43555,78706789,0.0245221201632466
"43556","20074.16",43556,78707178,0.096299613212281
"43557","20074.16",43557,78707188,0.191986426625968
"43558","20074.16",43558,78707746,0.0128242379462158
"43559","20074.16",43559,78708810,-0.193680183285068
"43560","20074.16",43560,78711590,0.676983092513356
"43561","20074.16",43561,78711707,0.163209038792222
"43562","20074.16",43562,78711866,0.0593707479804815
"43563","20074.16",43563,78712399,-0.983045665130425
"43564","20074.16",43564,78712617,-0.180254262355795
"43565","20074.16",43565,78713067,0.211593306477054
"43566","20074.16",43566,78714257,0.885197544896335
"43567","20074.16",43567,78714567,0.474620767285793
"43568","20074.16",43568,78715390,0.70957351276457
"43569","20074.16",43569,78715407,-0.10335231413357
"43570","20074.16",43570,78715586,0.318386439114422
"43571","20074.16",43571,78715941,0.480564865932309
"43572","20074.16",43572,78716479,-2.18276199285311
"43573","20074.16",43573,78716861,0.411465827557181
"43574","20074.16",43574,78717589,-0.444708214991159
"43575","20074.16",43575,78717672,1.43270031858532
"43576","20074.16",43576,78717769,0.00584040659200014
"43577","20074.16",43577,78717952,-0.596131851533494
"43578","20074.16",43578,78717969,1.25746368507728
"43579","20074.16",43579,78718027,1.22557530830866
"43580","20074.16",43580,78718595,0.343374937741072
"43581","20074.16",43581,78718676,-0.620518944697963
"43582","20074.16",43582,78721731,-0.0305064776283333
"43583","20074.16",43583,78721761,-0.255653672672344
"43584","20074.16",43584,78722323,-0.157855773924442
"43585","20074.16",43585,78723099,0.36227724891043
"43586","20074.16",43586,78723113,0.0527913453145983
"43587","20074.16",43587,78724705,-0.366856154901027
"43588","20074.16",43588,78725014,0.0495652653175371
"43589","20074.16",43589,78725272,0.0379964143119373
"43590","20074.16",43590,78726621,-0.236058025704106
"43591","20074.16",43591,78728372,-0.131298248549449
"43592","20074.16",43592,78728684,0.109788966294908
"43593","20074.16",43593,78729339,0.800601098587971
"43594","20074.16",43594,78729356,0.290349159562424
"43595","20074.16",43595,78729624,0.380696450096564
"43596","20074.16",43596,78735339,-1.30651490895248
"43597","20074.16",43597,78735745,-2.14417705556996
"43598","20074.16",43598,78736256,-0.0290214950091858
"43599","20074.16",43599,78738372,0.134725397963448
"43600","20074.16",43600,78738740,-0.646158528895577
"43601","20074.16",43601,78739257,0.409423146667328
"43602","20074.16",43602,78740638,0.269768472268345
"43603","20074.16",43603,78740680,0.293867128406736
"43604","20074.16",43604,78742739,0.135551357641105
"43605","20074.16",43605,78748753,0.191627954422819
"43606","20074.16",43606,78749341,0.0103817247505189
"43607","20074.16",43607,78749684,0.0359005127515459
"43608","20074.16",43608,78750888,0.985411051798615
"43609","20074.16",43609,78751233,-0.39462710623953
"43610","20074.16",43610,78753265,0.571024242346577
"43611","20074.16",43611,78755350,-0.0161508317885959
"43612","20074.16",43612,78756134,-0.0403963135035603
"43613","20074.16",43613,78756328,0.239364360313867
"43614","20074.16",43614,78757879,-1.58401333678836
"43615","20074.16",43615,78760933,-0.00583610782847632
"43616","20074.16",43616,78761364,0.889572408118094
"43617","20074.16",43617,78761727,0.372548513133444
"43618","20074.16",43618,78762338,-0.546486739167773
"43619","20074.16",43619,78762758,-0.574325393987683
"43620","20074.16",43620,78762822,0.200311032805724
"43621","20074.16",43621,78764097,0.245348308338271
"43622","20074.16",43622,78764150,0.207404474225587
"43623","20074.16",43623,78764811,-0.024097711951427
"43624","20074.16",43624,78766130,0.210034015195006
"43625","20074.16",43625,78766406,0.850731518342163
"43626","20074.16",43626,78767816,0.214236097827311
"43627","20074.16",43627,78768311,0.854370261401502
"43628","20074.16",43628,78768509,0.582342409552855
"43629","20074.16",43629,78770434,-0.142294949485564
"43630","20074.16",43630,78772953,-0.650450455617247
"43631","20074.16",43631,78773101,-0.0629215962102352
"43632","20074.16",43632,78773274,0.350622543009352
"43633","20074.16",43633,78775942,0.365487592078842
"43634","20074.16",43634,78776033,-0.459796976173503
"43635","20074.16",43635,78778862,-0.917398530468602
"43636","20074.16",43636,78779012,0.119810563394494
"43637","20074.16",43637,78779064,-0.377695838890667
"43638","20074.16",43638,78779756,0.470607912158218
"43639","20074.16",43639,78781477,-0.60428842369755
"43640","20074.16",43640,78781846,0.517878888419374
"43641","20074.16",43641,78782963,-0.232911567502213
"43642","20074.16",43642,78784251,-0.768657725178804
"43643","20074.16",43643,78784625,0.863708430123478
"43644","20074.16",43644,78785289,-0.164194106341355
"43645","20074.16",43645,78789322,1.11471747229986
"43646","20074.16",43646,78792488,0.198309380296268
"43647","20074.16",43647,78792736,0.360658633565531
"43648","20074.16",43648,78793696,0.0975219975546526
"43649","20074.16",43649,78794671,0.197086745827932
"43650","20074.16",43650,78795885,0.0727958187061546
"43651","20074.16",43651,78795975,-0.140750362354718
"43652","20074.16",43652,78797753,0.575746293930266
"43653","20074.16",43653,78797836,-0.395132548915975
"43654","20074.16",43654,78798087,0.570013895637891
"43655","20074.16",43655,78798236,-0.162686585219219
"43656","20074.16",43656,78798367,0.401900832845848
"43657","20074.16",43657,78798432,0.714528935804887
"43658","20074.16",43658,78798760,0.995457306557323
"43659","20074.16",43659,78798824,0.216986753906758
"43660","20074.16",43660,78801150,-2.40251107216215
"43661","20074.16",43661,78802116,-0.324466783220383
"43662","20074.16",43662,78802695,0.12724947111754
"43663","20074.16",43663,78803121,0.0254286964803532
"43664","20074.16",43664,78804504,-1.68926327566607
"43665","20074.16",43665,78805743,0.14641148631721
"43666","20074.16",43666,78805763,-0.327163694332536
"43667","20074.16",43667,78807069,0.258487098690423
"43668","20074.16",43668,78807234,0.319664461625696
"43669","20074.16",43669,78807256,0.30157785283208
"43670","20074.16",43670,78807770,0.726090390629657
"43671","20074.16",43671,78807843,0.780712613958769
"43672","20074.16",43672,78808383,0.990417489107185
"43673","20074.16",43673,78808512,0.571150026797612
"43674","20074.16",43674,78809124,0.485513911514661
"43675","20074.16",43675,78809219,0.873624939271841
"43676","20074.16",43676,78810901,0.799605894724333
"43677","20074.16",43677,78810975,0.275550760062475
"43678","20074.16",43678,78811351,-0.0254447407975524
"43679","20074.16",43679,78812001,-0.667210835603205
"43680","20074.16",43680,78812304,1.14909660346126
"43681","20074.16",43681,78812564,0.0732782813993706
"43682","20074.16",43682,78812648,0.768647039122782
"43683","20074.16",43683,78812865,0.741251964703367
"43684","20074.16",43684,78812982,0.789450593876357
"43685","20074.16",43685,78813011,0.520998246121162
"43686","20074.16",43686,78814187,-0.93823972300115
"43687","20074.16",43687,78814385,-0.337553256545333
"43688","20074.16",43688,78814454,-0.589021040353707
"43689","20074.16",43689,78815578,-0.96102766159543
"43690","20074.16",43690,78816421,-0.440783518453323
"43691","20074.16",43691,78816778,-0.269043732195837
"43692","20074.16",43692,78817500,0.279951919444437
"43693","20074.16",43693,78817569,0.199519155340997
"43694","20074.16",43694,78818177,-0.26577750130788
"43695","20074.16",43695,78818914,-1.09845393975554
"43696","20074.16",43696,78818933,0.154464145253016
"43697","20074.16",43697,78819106,-0.366469568989755
"43698","20074.16",43698,78819227,0.479007211423705
"43699","20074.16",43699,78821151,-0.0798060794496784
"43700","20074.16",43700,78822569,-0.091139121962975
"43701","20074.16",43701,78824399,-0.30694238222071
"43702","20074.16",43702,78825222,-0.602981027997165
"43703","20074.16",43703,78825324,-0.208893668823493
"43704","20074.16",43704,78830415,0.239294958128967
"43705","20074.16",43705,78831131,-0.265799055610954
"43706","20074.16",43706,78831530,-0.472552750361697
"43707","20074.16",43707,78833346,-0.314731679228701
"43708","20074.16",43708,78833452,0.0862550813050369
"43709","20074.16",43709,78834432,-0.106819409837082
"43710","20074.16",43710,78834758,-0.905577862840524
"43711","20074.16",43711,78837030,-0.554063177047905
"43712","20074.16",43712,78837509,-0.469883744560314
"43713","20074.16",43713,78838051,1.07033546012528
"43714","20074.16",43714,78838141,-0.113238835338459
"43715","20074.16",43715,78838750,-0.0059808048721397
"43716","20074.16",43716,78838943,0.550352368412955
"43717","20074.16",43717,78839109,-0.472012587967767
"43718","20074.16",43718,78839356,1.31372800817188
"43719","20074.16",43719,78839617,0.681901340714345
"43720","20074.16",43720,78840423,-0.0947852228149717
"43721","20074.16",43721,78840745,0.543264863112445
"43722","20074.16",43722,78841066,0.942507693862413
"43723","20074.16",43723,78842093,0.116301488521022
"43724","20074.16",43724,78842183,-0.0975031668278286
"43725","20074.16",43725,78842224,0.412222577069763
"43726","20074.16",43726,78842348,0.332881466049511
"43727","20074.16",43727,78842436,0.270037070137911
"43728","20074.16",43728,78842656,0.696832223781324
"43729","20074.16",43729,78842778,0.775863220257773
"43730","20074.16",43730,78842941,0.464566349935441
"43731","20074.16",43731,78843516,0.252769425491112
"43732","20074.16",43732,78843756,0.872995462590379
"43733","20074.16",43733,78843869,1.23583916790342
"43734","20074.16",43734,78843942,0.430440174968949
"43735","20074.16",43735,78843984,0.0444387493246694
"43736","20074.16",43736,78847536,0.0755095980582574
"43737","20074.16",43737,78853122,0.0430042124415531
"43738","20074.16",43738,78853526,0.133064178060603
"43739","20074.16",43739,78854070,0.187807474769781
"43740","20074.16",43740,78854228,0.224468997702838
"43741","20074.16",43741,78854318,0.509186518916629
"43742","20074.16",43742,78854487,0.321585944681478
"43743","20074.16",43743,78854780,-0.321255203309291
"43744","20074.16",43744,78855561,0.424035191687518
"43745","20074.16",43745,78856580,0.545448963688234
"43746","20074.16",43746,78856736,0.459371121233031
"43747","20074.16",43747,78856961,0.478685230615535
"43748","20074.16",43748,78857046,0.923389105327767
"43749","20074.16",43749,78857299,0.603233331346654
"43750","20074.16",43750,78857402,0.216345753862893
"43751","20074.16",43751,78857596,0.488759310572635
"43752","20074.16",43752,78858407,1.44696446124723
"43753","20074.16",43753,78858560,-0.0326020454354392
"43754","20074.16",43754,78858643,0.412592004196635
"43755","20074.16",43755,78858893,-0.121281773751789
"43756","20074.16",43756,78859130,0.228061113941295
"43757","20074.16",43757,78859234,0.523153131552625
"43758","20074.16",43758,78860827,0.462379448255359
"43759","20074.16",43759,78860946,0.312960909481286
"43760","20074.16",43760,78861235,0.91243200071503
"43761","20074.16",43761,78861274,-0.0113721259863917
"43762","20074.16",43762,78861787,0.292947760411807
"43763","20074.16",43763,78862348,0.05632028077172
"43764","20074.16",43764,78862385,0.195559358532694
"43765","20074.16",43765,78863813,-1.01247334753072
"43766","20074.16",43766,78865390,0.0405248098034745
"43767","20074.16",43767,78865890,-0.223770810669866
"43768","20074.16",43768,78866374,-0.282787101880867
"43769","20074.16",43769,78866657,0.534644554448227
"43770","20074.16",43770,78867749,0.390331699367123
"43771","20074.16",43771,78867839,0.234299081646103
"43772","20074.16",43772,78867879,0.582689030006933
"43773","20074.16",43773,78868109,-0.444663188937985
"43774","20074.16",43774,78869052,-0.348132023764805
"43775","20074.16",43775,78869116,-0.0959849229915832
"43776","20074.16",43776,78869460,0.712950118452443
"43777","20074.16",43777,78869545,0.576113471152294
"43778","20074.16",43778,78869972,0.929314213178448
"43779","20074.16",43779,78870236,-1.215177171214
"43780","20074.16",43780,78870240,-0.389215783432533
"43781","20074.16",43781,78870401,0.588994337465691
"43782","20074.16",43782,78870521,0.478854499696626
"43783","20074.16",43783,78870954,0.563435605398893
"43784","20074.16",43784,78871836,-0.0568513874935492
"43785","20074.16",43785,78871960,-0.324187400816073
"43786","20074.16",43786,78872834,-0.213080093300304
"43787","20074.16",43787,78872834,0.359976547803993
"43788","20074.16",43788,78872859,-0.335779025434827
"43789","20074.16",43789,78872932,0.209007085149565
"43790","20074.16",43790,78873913,0.274593203561239
"43791","20074.16",43791,78874269,-0.422478179535512
"43792","20074.16",43792,78874458,-0.341290945519649
"43793","20074.16",43793,78874522,-0.71719455143086
"43794","20074.16",43794,78874557,-0.168422132030274
"43795","20074.16",43795,78875353,0.282758063875831
"43796","20074.16",43796,78875693,-0.00425546831677526
"43797","20074.16",43797,78875927,0.37897649344944
"43798","20074.16",43798,78877301,0.674174861023041
"43799","20074.16",43799,78877418,0.798208502456972
"43800","20074.16",43800,78877618,0.324087190517282
"43801","20074.16",43801,78878297,-0.0765279751536694
"43802","20074.16",43802,78878469,0.597012746104194
"43803","20074.16",43803,78878510,0.8524358411561
"43804","20074.16",43804,78878830,0.0548389217396679
"43805","20074.16",43805,78878984,0.311656652735057
"43806","20074.16",43806,78879383,-0.15168396491983
"43807","20074.16",43807,78882440,0.406735376839005
"43808","20074.16",43808,78882650,-0.614281803363938
"43809","20074.16",43809,78882762,0.390568724814748
"43810","20074.16",43810,78883118,-0.0297742234874656
"43811","20074.16",43811,78885182,0.104285680585633
"43812","20074.16",43812,78885529,-0.110868261161045
"43813","20074.16",43813,78885564,0.890388401735577
"43814","20074.16",43814,78886862,-0.00067175668943964
"43815","20074.16",43815,78887631,0.0360456177512072
"43816","20074.16",43816,78888246,0.172961726464029
"43817","20074.16",43817,78888402,0.182837845207947
"43818","20074.16",43818,78890825,-2.78838484625076
"43819","20074.16",43819,78891024,0.28477711857425
"43820","20074.16",43820,78891594,-1.02424408449586
"43821","20074.16",43821,78891646,-0.0700073554275162
"43822","20074.16",43822,78891711,0.574422165383361
"43823","20074.16",43823,78892186,-0.198032406575584
"43824","20074.16",43824,78895146,0.395004472430279
"43825","20074.16",43825,78895566,0.208159830839009
"43826","20074.16",43826,78900591,0.369150271304924
"43827","20074.16",43827,78900917,-0.468983190511957
"43828","20074.16",43828,78901068,0.0965122417343052
"43829","20074.16",43829,78901140,0.104665789622619
"43830","20074.16",43830,78901769,0.534902600282845
"43831","20074.16",43831,78902324,-0.00346351379907084
"43832","20074.16",43832,78902566,-0.267677790496476
"43833","20074.16",43833,78902601,-0.284453511193807
"43834","20074.16",43834,78902743,-0.365233189815514
"43835","20074.16",43835,78905235,-0.96074439735376
"43836","20074.16",43836,78905250,0.0937388623474229
"43837","20074.16",43837,78905503,-0.0772534082637968
"43838","20074.16",43838,78907004,-1.14872959423634
"43839","20074.16",43839,78907055,-0.170520613173702
"43840","20074.16",43840,78908754,0.052330094673902
"43841","20074.16",43841,78909315,0.00634159064448614
"43842","20074.16",43842,78909507,-0.150026045107567
"43843","20074.16",43843,78911833,-0.111841629393581
"43844","20074.16",43844,78911993,-0.720960105049024
"43845","20074.16",43845,78912014,-0.142449726581994
"43846","20074.16",43846,78912826,0.174622745509659
"43847","20074.16",43847,78913115,0.107033302434718
"43848","20074.16",43848,78913164,1.12898948811618
"43849","20074.16",43849,78913248,0.529457132976138
"43850","20074.16",43850,78913315,0.51068995913115
"43851","20074.16",43851,78913387,-0.338413404654222
"43852","20074.16",43852,78913441,0.233427289060343
"43853","20074.16",43853,78913461,0.147771372822195
"43854","20074.16",43854,78915654,0.0487587634242752
"43855","20074.16",43855,78916274,0.467890042836784
"43856","20074.16",43856,78916839,0.719915371866503
"43857","20074.16",43857,78923644,-0.39779432643103
"43858","20074.16",43858,78923668,0.096274330519198
"43859","20074.16",43859,78923825,0.140624500663305
"43860","20074.16",43860,78924958,0.0732038792105074
"43861","20074.16",43861,78925805,0.437217329770234
"43862","20074.16",43862,78925995,0.218341831770055
"43863","20074.16",43863,78926018,-0.0257120688695363
"43864","20074.16",43864,78926366,-0.562941297857796
"43865","20074.16",43865,78926616,1.00598985694133
"43866","20074.16",43866,78926699,0.176370925710492
"43867","20074.16",43867,78930216,-0.281353054310528
"43868","20074.16",43868,78930394,-0.067203052576227
"43869","20074.16",43869,78931020,0.00125466151483167
"43870","20074.16",43870,78931308,-0.848581658068047
"43871","20074.16",43871,78931467,0.202330100557675
"43872","20074.16",43872,78931679,-0.21329510719447
"43873","20074.16",43873,78931822,0.694507804314241
"43874","20074.16",43874,78932157,0.580612042120742
"43875","20074.16",43875,78932378,-0.176356301750956
"43876","20074.16",43876,78932414,0.0315919443787172
"43877","20074.16",43877,78932624,0.854731643099922
"43878","20074.16",43878,78934399,-0.0299365043517428
"43879","20074.16",43879,78934461,0.0641520988784094
"43880","20074.16",43880,78934515,-0.00672979311672339
"43881","20074.16",43881,78935730,-0.593805827235607
"43882","20074.16",43882,78935851,-0.521929176009032
"43883","20074.16",43883,78936106,-0.137743150209895
"43884","20074.16",43884,78939519,-1.07192989902034
"43885","20074.16",43885,78939658,-0.676563693273547
"43886","20074.16",43886,78940267,0.20650637103187
"43887","20074.16",43887,78940404,0.543189665988433
"43888","20074.16",43888,78940747,0.353051752437191
"43889","20074.16",43889,78941946,-0.848831571136015
"43890","20074.16",43890,78946064,0.214608089466406
"43891","20074.16",43891,78949525,-0.402610887049817
"43892","20074.16",43892,78949966,0.101380654543863
"43893","20074.16",43893,78950001,0.0852535607575264
"43894","20074.16",43894,78950158,0.0949871322199964
"43895","20074.16",43895,78950254,-0.898632285118403
"43896","20074.16",43896,78950456,-0.252139036995407
"43897","20074.16",43897,78950529,-0.181757694559282
"43898","20074.16",43898,78950741,0.0681524384667966
"43899","20074.16",43899,78951053,1.23014760391096
"43900","20074.16",43900,78951126,0.242058849079394
"43901","20074.16",43901,78951345,-0.415935034496269
"43902","20074.16",43902,78951763,0.200822128607236
"43903","20074.16",43903,78953933,-0.250167013568594
"43904","20074.16",43904,78954016,-1.06360474002374
"43905","20074.16",43905,78959293,-0.0667587445396389
"43906","20074.16",43906,78960323,0.248332620103294
"43907","20074.16",43907,78961107,0.305992773795503
"43908","20074.16",43908,78961183,0.289390810784636
"43909","20074.16",43909,78961207,0.273879726188032
"43910","20074.16",43910,78963558,-0.927981072921866
"43911","20074.16",43911,78965087,0.165806587729815
"43912","20074.16",43912,78965188,-0.315706708619147
"43913","20074.16",43913,78965288,-0.163291301618353
"43914","20074.16",43914,78966054,0.241182425906656
"43915","20074.16",43915,78966197,0.555723937675439
"43916","20074.16",43916,78966325,0.694434740607698
"43917","20074.16",43917,78966728,0.259657710721968
"43918","20074.16",43918,78966935,-0.41269734831094
"43919","20074.16",43919,78969256,0.64043039121063
"43920","20074.16",43920,78969981,-0.135844411728605
"43921","20074.16",43921,78970114,0.497941282252458
"43922","20074.16",43922,78970174,-0.446880664528639
"43923","20074.16",43923,78970460,0.256417837652969
"43924","20074.16",43924,78974309,0.103845584408398
"43925","20074.16",43925,78974664,-0.834282212293868
"43926","20074.16",43926,78975214,-0.497411818337495
"43927","20074.16",43927,78977840,0.109939305344176
"43928","20074.16",43928,78977891,0.717185943381007
"43929","20074.16",43929,78978176,0.125868296296878
"43930","20074.16",43930,78978215,0.463832418580474
"43931","20074.16",43931,78978277,-0.100352750402005
"43932","20074.16",43932,78978556,0.506616789145119
"43933","20074.16",43933,78979156,0.346259285008155
"43934","20074.16",43934,78979515,0.38366549937819
"43935","20074.16",43935,78979747,0.396652796256663
"43936","20074.16",43936,78979822,-0.281918230648079
"43937","20074.16",43937,78980401,-0.285159670911061
"43938","20074.16",43938,78980429,0.820058578822255
"43939","20074.16",43939,78983479,0.0143558130015684
"43940","20074.16",43940,78983550,0.00203578932017567
"43941","20074.16",43941,78983637,-0.0502161602146787
"43942","20074.16",43942,78983720,-0.346968413327644
"43943","20074.16",43943,78983840,0.303552557069863
"43944","20074.16",43944,78984097,-0.251789564496467
"43945","20074.16",43945,78984136,0.372171405656272
"43946","20074.16",43946,78984304,0.581894648782161
"43947","20074.16",43947,78984556,0.198663330577617
"43948","20074.16",43948,78984750,-0.561436476911397
"43949","20074.16",43949,78984808,-0.384915176425957
"43950","20074.16",43950,78985040,0.0413216718903699
"43951","20074.16",43951,78985383,0.656888941067233
"43952","20074.16",43952,78985484,0.927843264242262
"43953","20074.16",43953,78986011,0.0148622555539699
"43954","20074.16",43954,78987907,0.168262569303907
"43955","20074.16",43955,78989349,1.3431981337753
"43956","20074.16",43956,78989424,0.14567938155129
"43957","20074.16",43957,78989461,0.584349690644914
"43958","20074.16",43958,78989935,0.296722710287866
"43959","20074.16",43959,78990432,0.188999017999728
"43960","20074.16",43960,78991019,0.0833116968957821
"43961","20074.16",43961,78991043,-0.430039064459399
"43962","20074.16",43962,78992441,0.023916417487972
"43963","20074.16",43963,78992479,0.0301216527653621
"43964","20074.16",43964,78992792,0.86746638171222
"43965","20074.16",43965,78992977,0.637705897487117
"43966","20074.16",43966,78996850,-0.419982708294314
"43967","20074.16",43967,78997056,-0.647630532120052
"43968","20074.16",43968,79000360,0.614159301778099
"43969","20074.16",43969,79002431,-0.0773878738420919
"43970","20074.16",43970,79002638,0.0237221348582501
"43971","20074.16",43971,79003535,-0.32871637905553
"43972","20074.16",43972,79004797,-0.00528096440625081
"43973","20074.16",43973,79005751,0.026908850191413
"43974","20074.16",43974,79005778,0.596152962192574
"43975","20074.16",43975,79006269,0.354399286973115
"43976","20074.16",43976,79006474,0.363588197249789
"43977","20074.16",43977,79006490,0.445749487318015
"43978","20074.16",43978,79006863,-0.271358283743175
"43979","20074.16",43979,79007414,-0.903620299082406
"43980","20074.16",43980,79007875,-0.413660296068891
"43981","20074.16",43981,79008996,-0.70696253553337
"43982","20074.16",43982,79009468,0.166429797860642
"43983","20074.16",43983,79009663,-0.106205770807408
"43984","20074.16",43984,79010027,0.947805992192092
"43985","20074.16",43985,79010246,-0.402825615040352
"43986","20074.16",43986,79010614,-0.516778867727532
"43987","20074.16",43987,79011173,0.27490689067652
"43988","20074.16",43988,79011252,0.10516360119767
"43989","20074.16",43989,79011324,0.721834174057228
"43990","20074.16",43990,79011865,0.372251799702496
"43991","20074.16",43991,79011984,-0.0658782448933355
"43992","20074.16",43992,79012824,0.308033593875138
"43993","20074.16",43993,79013032,0.0154734655783049
"43994","20074.16",43994,79014759,0.0428052583325007
"43995","20074.16",43995,79015104,-0.302940705781899
"43996","20074.16",43996,79017057,0.135968330414419
"43997","20074.16",43997,79018166,0.407682298885535
"43998","20074.16",43998,79018645,0.0841056951591277
"43999","20074.16",43999,79018808,0.155365792223963
"44000","20074.16",44000,79019253,0.144266195355166
"44001","20074.16",44001,79019356,-0.380628924665115
"44002","20074.16",44002,79020127,-0.839320986217391
"44003","20074.16",44003,79020532,0.209258600116352
"44004","20074.16",44004,79020780,0.501472561242672
"44005","20074.16",44005,79020895,0.727430343669222
"44006","20074.16",44006,79020953,-0.0637860700706838
"44007","20074.16",44007,79021075,0.677554882839057
"44008","20074.16",44008,79021610,-0.371978099749287
"44009","20074.16",44009,79031238,0.0173616750650352
"44010","20074.16",44010,79031244,-0.320643470365724
"44011","20074.16",44011,79031487,0.0645692648391218
"44012","20074.16",44012,79032550,0.494612210482193
"44013","20074.16",44013,79032993,-0.678616044442181
"44014","20074.16",44014,79035744,0.775020202291002
"44015","20074.16",44015,79036444,-0.529594607050313
"44016","20074.16",44016,79036515,0.0929143887329653
"44017","20074.16",44017,79036736,-0.0516847768899451
"44018","20074.16",44018,79037443,0.0199677872973316
"44019","20074.16",44019,79039329,-0.288403106783687
"44020","20074.16",44020,79040885,-0.466671479293073
"44021","20074.16",44021,79041552,-0.855995500260486
"44022","20074.16",44022,79041567,0.359348277928372
"44023","20074.16",44023,79041655,-0.666391750952659
"44024","20074.16",44024,79041944,-0.279528654498423
"44025","20074.16",44025,79042553,0.534743658727723
"44026","20074.16",44026,79042774,0.928460836052712
"44027","20074.16",44027,79042856,-0.428205700769098
"44028","20074.16",44028,79042951,0.78387735351141
"44029","20074.16",44029,79043025,0.16062112396195
"44030","20074.16",44030,79043240,0.622722497690311
"44031","20074.16",44031,79043251,0.906756340667802
"44032","20074.16",44032,79043727,-0.225963102858009
"44033","20074.16",44033,79044113,-0.154904728689592
"44034","20074.16",44034,79046682,-0.845977303395027
"44035","20074.16",44035,79047301,0.687231511275887
"44036","20074.16",44036,79047468,-0.110443273552902
"44037","20074.16",44037,79047631,-0.422589125451186
"44038","20074.16",44038,79047976,1.24035678954736
"44039","20074.16",44039,79048977,0.63941830766823
"44040","20074.16",44040,79049177,0.236003702529379
"44041","20074.16",44041,79049280,0.655233708063244
"44042","20074.16",44042,79049341,0.543406710366155
"44043","20074.16",44043,79050116,0.167513288836346
"44044","20074.16",44044,79050166,0.430889711503693
"44045","20074.16",44045,79050238,0.278195486332804
"44046","20074.16",44046,79051702,-0.458730084483857
"44047","20074.16",44047,79051846,0.661871701298268
"44048","20074.16",44048,79051997,0.0801522412786886
"44049","20074.16",44049,79053610,0.259629421302633
"44050","20074.16",44050,79053735,-0.133903238784452
"44051","20074.16",44051,79053780,-0.189269169236419
"44052","20074.16",44052,79053861,-0.149555429451633
"44053","20074.16",44053,79053912,-0.0932636443748338
"44054","20074.16",44054,79054247,-0.850256420140412
"44055","20074.16",44055,79054262,-0.403005825418089
"44056","20074.16",44056,79054277,-0.105041936396816
"44057","20074.16",44057,79054424,0.110411483091402
"44058","20074.16",44058,79056329,-0.0811772642829238
"44059","20074.16",44059,79056372,-0.0096372981127324
"44060","20074.16",44060,79056421,-0.155882968836214
"44061","20074.16",44061,79056756,0.050965677175661
"44062","20074.16",44062,79056898,-0.159669327820667
"44063","20074.16",44063,79057121,0.146051348749842
"44064","20074.16",44064,79057144,0.403553665679975
"44065","20074.16",44065,79057202,0.986202268022711
"44066","20074.16",44066,79057314,-0.0688403223020773
"44067","20074.16",44067,79057373,-0.0189673154025103
"44068","20074.16",44068,79057404,-0.360060391671992
"44069","20074.16",44069,79057428,0.0934187444224692
"44070","20074.16",44070,79057460,0.818914164031137
"44071","20074.16",44071,79057500,-0.243192014915755
"44072","20074.16",44072,79057532,-0.212475776178067
"44073","20074.16",44073,79057782,-0.614898810746236
"44074","20074.16",44074,79059000,0.438524262969007
"44075","20074.16",44075,79059126,-0.637225961727522
"44076","20074.16",44076,79059169,-0.684843883680332
"44077","20074.16",44077,79060152,-0.87334085566265
"44078","20074.16",44078,79061362,0.0649645711442224
"44079","20074.16",44079,79061529,0.415281913612204
"44080","20074.16",44080,79061762,-0.0493771041992268
"44081","20074.16",44081,79062315,-0.417767933664946
"44082","20074.16",44082,79062330,0.079726427413691
"44083","20074.16",44083,79062384,0.190837353026846
"44084","20074.16",44084,79062491,0.41376905425428
"44085","20074.16",44085,79062564,0.272244888211653
"44086","20074.16",44086,79062718,0.298237822166876
"44087","20074.16",44087,79062754,0.430840648681293
"44088","20074.16",44088,79062828,0.404171534562953
"44089","20074.16",44089,79062874,-0.612294670230523
"44090","20074.16",44090,79062999,-0.685010138007573
"44091","20074.16",44091,79063143,-0.109946642297592
"44092","20074.16",44092,79063156,0.453687754283297
"44093","20074.16",44093,79063673,-0.198338178324199
"44094","20074.16",44094,79064194,-0.306746530555639
"44095","20074.16",44095,79064213,-1.93310909524242
"44096","20074.16",44096,79064439,-0.380782309520858
"44097","20074.16",44097,79064479,0.270417416890862
"44098","20074.16",44098,79064626,-0.659723369202359
"44099","20074.16",44099,79067740,0.732019582873117
"44100","20074.16",44100,79067784,-0.155464603437481
"44101","20074.16",44101,79067799,0.237466147937595
"44102","20074.16",44102,79067929,-0.430866250064668
"44103","20074.16",44103,79068163,-0.455775552975823
"44104","20074.16",44104,79068350,-0.0648378743464821
"44105","20074.16",44105,79068511,-0.0534186388111504
"44106","20074.16",44106,79068547,-0.290979462693686
"44107","20074.16",44107,79068634,-1.6862291553255
"44108","20074.16",44108,79068651,-1.631463720025
"44109","20074.16",44109,79068737,0.113138115561251
"44110","20074.16",44110,79069361,0.335286625906908
"44111","20074.16",44111,79070453,0.896198457840373
"44112","20074.16",44112,79070502,0.523607210922362
"44113","20074.16",44113,79070687,0.391497676486545
"44114","20074.16",44114,79071352,-0.285966802067329
"44115","20074.16",44115,79071992,-0.32168005816651
"44116","20074.16",44116,79072137,-0.0396523418844179
"44117","20074.16",44117,79072952,-0.358360119228025
"44118","20074.16",44118,79073065,0.309324782352106
"44119","20074.16",44119,79073421,-0.296962081207052
"44120","20074.16",44120,79075425,0.210735998901146
"44121","20074.16",44121,79076391,-0.468074651110796
"44122","20074.16",44122,79076706,-0.213907693137155
"44123","20074.16",44123,79076952,-0.684394550934429
"44124","20074.16",44124,79080104,0.460616143955188
"44125","20074.16",44125,79080508,-0.057924557523144
"44126","20074.16",44126,79080556,-1.24333942503168
"44127","20074.16",44127,79081202,0.254659126058731
"44128","20074.16",44128,79081741,-0.652998337281508
"44129","20074.16",44129,79083239,0.345029126698464
"44130","20074.16",44130,79083939,0.269865716940237
"44131","20074.16",44131,79084199,-0.66670914149124
"44132","20074.16",44132,79084547,0.137042242747551
"44133","20074.16",44133,79084832,-0.0602950081882474
"44134","20074.16",44134,79085005,-0.347386388438291
"44135","20074.16",44135,79085019,-0.057245920450848
"44136","20074.16",44136,79085201,0.363070890102164
"44137","20074.16",44137,79086312,-1.08060947731516
"44138","20074.16",44138,79088978,-0.567170241333984
"44139","20074.16",44139,79089812,-0.176801385960701
"44140","20074.16",44140,79089869,-0.146363979802777
"44141","20074.16",44141,79089885,-0.248216766529297
"44142","20074.16",44142,79091629,-0.286310519093212
"44143","20074.16",44143,79093317,0.49479182127346
"44144","20074.16",44144,79093372,0.107965234037255
"44145","20074.16",44145,79095848,-0.0502180009252022
"44146","20074.16",44146,79096008,-0.788040703372777
"44147","20074.16",44147,79100559,0.00842684752547918
"44148","20074.16",44148,79102008,-1.01757084958659
"44149","20074.16",44149,79102113,0.185646644092981
"44150","20074.16",44150,79102823,-0.294501249380949
"44151","20074.16",44151,79102862,-0.621787306895491
"44152","20074.16",44152,79104375,-0.147694727674494
"44153","20074.16",44153,79104622,-0.261232196297467
"44154","20074.16",44154,79105040,0.204950252345323
"44155","20074.16",44155,79106565,0.309953075716471
"44156","20074.16",44156,79109842,0.173399255455958
"44157","20074.16",44157,79110596,0.27706710055677
"44158","20074.16",44158,79113269,-0.309115164075423
"44159","20074.16",44159,79113481,-0.436586325692485
"44160","20074.16",44160,79114072,-0.653419088701495
"44161","20074.16",44161,79114375,-0.101686338970993
"44162","20074.16",44162,79114484,-0.476196135825934
"44163","20074.16",44163,79115931,0.458293605641482
"44164","20074.16",44164,79115961,-0.0185172197985395
"44165","20074.16",44165,79116504,0.0511815940122471
"44166","20074.16",44166,79117171,-1.01824175161812
"44167","20074.16",44167,79117304,-1.10276854078847
"44168","20074.16",44168,79117608,0.130776599833252
"44169","20074.16",44169,79118611,-0.727607028945548
"44170","20074.16",44170,79118985,0.54725856832605
"44171","20074.16",44171,79119069,0.757275813687978
"44172","20074.16",44172,79119600,0.336080614417564
"44173","20074.16",44173,79119978,0.568472820505517
"44174","20074.16",44174,79120295,-0.0405320043424187
"44175","20074.16",44175,79122220,-0.0734286514528693
"44176","20074.16",44176,79123576,0.00993134804692453
"44177","20074.16",44177,79125280,-0.345030358229014
"44178","20074.16",44178,79126023,0.11927455571813
"44179","20074.16",44179,79126512,0.0686225556506654
"44180","20074.16",44180,79126550,0.462690834724264
"44181","20074.16",44181,79126670,0.439145453982033
"44182","20074.16",44182,79128045,-0.282885509041793
"44183","20074.16",44183,79129691,0.243657246675391
"44184","20074.16",44184,79130574,0.523661183804518
"44185","20074.16",44185,79131293,-0.407213350664156
"44186","20074.16",44186,79131501,-0.356988617481404
"44187","20074.16",44187,79131738,0.922447876956194
"44188","20074.16",44188,79132339,-0.0779219937201932
"44189","20074.16",44189,79132410,0.0647169927404461
"44190","20074.16",44190,79135078,0.183592898689623
"44191","20074.16",44191,79136346,-0.430600165345363
"44192","20074.16",44192,79141670,-0.403353945064345
"44193","20074.16",44193,79141873,-0.104244462973225
"44194","20074.16",44194,79143655,0.409221062139363
"44195","20074.16",44195,79143983,0.306072128701779
"44196","20074.16",44196,79144159,0.20206253397369
"44197","20074.16",44197,79144856,0.244132217659385
"44198","20074.16",44198,79145382,0.420034340463256
"44199","20074.16",44199,79147467,0.684268653902225
"44200","20074.16",44200,79148117,-0.493066399138163
"44201","20074.16",44201,79148865,0.794865180639335
"44202","20074.16",44202,79149121,0.273629533188239
"44203","20074.16",44203,79149513,-0.165953271541265
"44204","20074.16",44204,79149623,0.0822031684900608
"44205","20074.16",44205,79149642,0.352406749167609
"44206","20074.16",44206,79151004,-0.134712417186848
"44207","20074.16",44207,79151988,0.66743638213863
"44208","20074.16",44208,79152187,0.488584978082158
"44209","20074.16",44209,79155751,1.32200120679239
"44210","20074.16",44210,79155861,0.808358668564991
"44211","20074.16",44211,79155875,0.467831075437757
"44212","20074.16",44212,79156222,-0.24654601738083
"44213","20074.16",44213,79157216,-1.0698902374942
"44214","20074.16",44214,79157754,-0.675245688709071
"44215","20074.16",44215,79158182,-0.699672300799043
"44216","20074.16",44216,79158451,0.267599935495883
"44217","20074.16",44217,79158648,-0.683334208399383
"44218","20074.16",44218,79158814,0.0244091257328103
"44219","20074.16",44219,79158825,-0.420774884861222
"44220","20074.16",44220,79159268,-0.540124154047644
"44221","20074.16",44221,79160701,-0.0491606444482775
"44222","20074.16",44222,79161212,-0.702168884892713
"44223","20074.16",44223,79161441,0.0630860942166036
"44224","20074.16",44224,79161532,0.484122437844607
"44225","20074.16",44225,79161550,-0.598043067703605
"44226","20074.16",44226,79164452,-0.211646563743503
"44227","20074.16",44227,79164820,0.17606685541185
"44228","20074.16",44228,79164851,0.308884999075954
"44229","20074.16",44229,79164946,-0.483008620177159
"44230","20074.16",44230,79167370,0.186661096842964
"44231","20074.16",44231,79167841,-0.250227002225602
"44232","20074.16",44232,79168399,0.345736679814869
"44233","20074.16",44233,79170438,-0.380040844647552
"44234","20074.16",44234,79170522,-0.915615458033628
"44235","20074.16",44235,79170920,0.297862270672229
"44236","20074.16",44236,79170951,-0.792329730180164
"44237","20074.16",44237,79171137,0.599568940998101
"44238","20074.16",44238,79171304,-0.238818901227051
"44239","20074.16",44239,79172065,-0.126624457288275
"44240","20074.16",44240,79172681,0.435557165875683
"44241","20074.16",44241,79173748,0.324768272493141
"44242","20074.16",44242,79175183,-0.292017355351775
"44243","20074.16",44243,79175411,0.391216090360916
"44244","20074.16",44244,79176337,0.554328053997343
"44245","20074.16",44245,79177293,0.574854733567904
"44246","20074.16",44246,79178695,-0.868540940131733
"44247","20074.16",44247,79180259,-0.177851483312781
"44248","20074.16",44248,79180767,0.152633741850648
"44249","20074.16",44249,79180923,0.335035393559319
"44250","20074.16",44250,79181051,0.251124092732977
"44251","20074.16",44251,79181113,0.526319092231724
"44252","20074.16",44252,79181942,0.664420528182235
"44253","20074.16",44253,79182383,-0.0143952261089764
"44254","20074.16",44254,79183352,0.39575837173826
"44255","20074.16",44255,79184460,-0.521736785686032
"44256","20074.16",44256,79185393,0.44830078749485
"44257","20074.16",44257,79185824,-0.240492907751438
"44258","20074.16",44258,79188548,-0.660046498150635
"44259","20074.16",44259,79189412,0.237268106266334
"44260","20074.16",44260,79189453,0.261065374337845
"44261","20074.16",44261,79189534,0.156259505597967
"44262","20074.16",44262,79189840,-0.875848808738443
"44263","20074.16",44263,79189985,-0.792159633176374
"44264","20074.16",44264,79190898,0.348759566786508
"44265","20074.16",44265,79191080,0.351573414284654
"44266","20074.16",44266,79191481,-0.171854969567877
"44267","20074.16",44267,79193351,-0.0652547130502041
"44268","20074.16",44268,79194138,0.138419345561556
"44269","20074.16",44269,79194524,0.104821899001934
"44270","20074.16",44270,79195033,1.11527238465198
"44271","20074.16",44271,79196598,-0.0848303804716606
"44272","20074.16",44272,79196789,0.313753442466077
"44273","20074.16",44273,79197304,0.00802167307641621
"44274","20074.16",44274,79197504,-0.621076167988173
"44275","20074.16",44275,79197958,-0.0410161420597452
"44276","20074.16",44276,79199110,-0.143792822713126
"44277","20074.16",44277,79199218,0.630251137821078
"44278","20074.16",44278,79199372,0.493631345168612
"44279","20074.16",44279,79199908,-0.0539179795512048
"44280","20074.16",44280,79200414,-0.686235326528458
"44281","20074.16",44281,79201179,-0.0484372392514221
"44282","20074.16",44282,79201902,-0.416871955322613
"44283","20074.16",44283,79202271,0.175048438128274
"44284","20074.16",44284,79202649,0.218829732073763
"44285","20074.16",44285,79205843,0.264953403978695
"44286","20074.16",44286,79206505,0.23991722117452
"44287","20074.16",44287,79206951,0.620525010905996
"44288","20074.16",44288,79208587,0.448686595060026
"44289","20074.16",44289,79208861,0.633888746804115
"44290","20074.16",44290,79209139,0.148739271230883
"44291","20074.16",44291,79209222,-0.311620955465611
"44292","20074.16",44292,79209767,0.652489049922385
"44293","20074.16",44293,79210530,0.771670018045529
"44294","20074.16",44294,79210547,-0.363595534272738
"44295","20074.16",44295,79210703,1.23393889747708
"44296","20074.16",44296,79210792,-0.755087347026747
"44297","20074.16",44297,79212872,-0.842053118569079
"44298","20074.16",44298,79213177,-0.198745081964993
"44299","20074.16",44299,79213239,0.713312031558558
"44300","20074.16",44300,79215085,0.251837755591413
"44301","20074.16",44301,79215504,0.370533486002169
"44302","20074.16",44302,79215530,-0.489436018377106
"44303","20074.16",44303,79215683,1.03593771230487
"44304","20074.16",44304,79216188,-0.376578468238393
"44305","20074.16",44305,79216221,1.50131557051928
"44306","20074.16",44306,79216279,-0.952939845914777
"44307","20074.16",44307,79216793,-0.0422216337867303
"44308","20074.16",44308,79217758,0.722550455002065
"44309","20074.16",44309,79220430,-0.171166769585024
"44310","20074.16",44310,79220553,0.999175482489018
"44311","20074.16",44311,79220681,0.1100158050892
"44312","20074.16",44312,79222287,0.233312302242707
"44313","20074.16",44313,79222393,0.367767919117486
"44314","20074.16",44314,79223012,-0.0396311964899283
"44315","20074.16",44315,79223075,0.196240450326241
"44316","20074.16",44316,79223136,0.402590891918041
"44317","20074.16",44317,79224467,-0.723040175747579
"44318","20074.16",44318,79227943,0.0914064959386582
"44319","20074.16",44319,79228051,0.348536104064558
"44320","20074.16",44320,79229231,-0.826714975693356
"44321","20074.16",44321,79229302,0.376777005760709
"44322","20074.16",44322,79229734,0.627720313649163
"44323","20074.16",44323,79229823,0.111191214368611
"44324","20074.16",44324,79230315,-0.0720139436210463
"44325","20074.16",44325,79231258,-0.541407685092994
"44326","20074.16",44326,79232446,0.35196557536315
"44327","20074.16",44327,79233322,-0.348781567571912
"44328","20074.16",44328,79233389,1.07263959776043
"44329","20074.16",44329,79236830,1.14207527265636
"44330","20074.16",44330,79236908,0.790136605609029
"44331","20074.16",44331,79237185,-0.00777392406124644
"44332","20074.16",44332,79237510,0.0663959782773595
"44333","20074.16",44333,79237587,0.210688791068899
"44334","20074.16",44334,79237608,-0.0113013053282351
"44335","20074.16",44335,79237901,0.828235828945403
"44336","20074.16",44336,79237990,-0.261093432858001
"44337","20074.16",44337,79238360,1.41920670998411
"44338","20074.16",44338,79238685,0.853769104463484
"44339","20074.16",44339,79238854,-0.00207339964521314
"44340","20074.16",44340,79238903,-0.302412920883047
"44341","20074.16",44341,79238966,0.536229145428083
"44342","20074.16",44342,79245820,0.114941942126568
"44343","20074.16",44343,79246141,-0.696207307454256
"44344","20074.16",44344,79246323,0.307176815358095
"44345","20074.16",44345,79246535,0.486776555947711
"44346","20074.16",44346,79246772,-0.0557619869431552
"44347","20074.16",44347,79247028,-0.404238399470158
"44348","20074.16",44348,79247062,0.594193298166608
"44349","20074.16",44349,79247488,0.14134552384434
"44350","20074.16",44350,79247590,1.28820679943507
"44351","20074.16",44351,79249342,0.123820621588457
"44352","20074.16",44352,79249478,-0.203270386387392
"44353","20074.16",44353,79249521,-0.0466030089448779
"44354","20074.16",44354,79249765,-0.381147028842888
"44355","20074.16",44355,79251509,0.409701977243048
"44356","20074.16",44356,79252507,0.554234036159959
"44357","20074.16",44357,79252651,0.804363398792552
"44358","20074.16",44358,79252878,-0.608415527382506
"44359","20074.16",44359,79252993,0.0513203209293449
"44360","20074.16",44360,79253719,-0.119139805487709
"44361","20074.16",44361,79254743,-0.122930868351443
"44362","20074.16",44362,79254881,0.351547969710947
"44363","20074.16",44363,79255075,-0.775662410390767
"44364","20074.16",44364,79258338,0.299882533161216
"44365","20074.16",44365,79260519,-0.124014747754162
"44366","20074.16",44366,79265248,0.592761929939116
"44367","20074.16",44367,79265686,-0.345253874189041
"44368","20074.16",44368,79266013,0.0101986991509131
"44369","20074.16",44369,79268886,0.348627098013824
"44370","20074.16",44370,79269859,0.563039987548126
"44371","20074.16",44371,79271549,0.626219583872829
"44372","20074.16",44372,79271815,0.224171565190071
"44373","20074.16",44373,79273263,-0.131582622190669
"44374","20074.16",44374,79273313,0.194330366868831
"44375","20074.16",44375,79273969,-0.071988386169787
"44376","20074.16",44376,79274125,0.0327741434303626
"44377","20074.16",44377,79274530,-0.63409224980987
"44378","20074.16",44378,79275255,0.534139550430278
"44379","20074.16",44379,79275350,-0.643002835128432
"44380","20074.16",44380,79279666,0.194426477996148
"44381","20074.16",44381,79281547,-0.399770372084925
"44382","20074.16",44382,79281581,-0.163889291581373
"44383","20074.16",44383,79282208,0.508054968144148
"44384","20074.16",44384,79282227,0.0681648023080008
"44385","20074.16",44385,79282256,0.42216558471772
"44386","20074.16",44386,79282344,0.033059499094958
"44387","20074.16",44387,79282657,-0.303073490453252
"44388","20074.16",44388,79288687,-0.290889679208898
"44389","20074.16",44389,79288709,0.224605402226816
"44390","20074.16",44390,79291806,1.02324275588337
"44391","20074.16",44391,79291820,0.667409439528819
"44392","20074.16",44392,79291950,-0.14175012190268
"44393","20074.16",44393,79293082,0.206757821243023
"44394","20074.16",44394,79299842,-0.444324426241674
"44395","20074.16",44395,79300657,-1.00198367096206
"44396","20074.16",44396,79300988,0.415763557758242
"44397","20074.16",44397,79301037,0.244486968830645
"44398","20074.16",44398,79301082,-0.85129653305903
"44399","20074.16",44399,79301154,0.898188459402301
"44400","20074.16",44400,79302185,-0.391266295561462
"44401","20074.16",44401,79304101,-1.13490103275395
"44402","20074.16",44402,79304761,0.93296739181002
"44403","20074.16",44403,79305577,0.353107063641617
"44404","20074.16",44404,79309491,-0.27759936460899
"44405","20074.16",44405,79312083,-0.323951542603254
"44406","20074.16",44406,79312146,0.178031513421724
"44407","20074.16",44407,79312606,0.377203651828631
"44408","20074.16",44408,79313018,0.470702130053023
"44409","20074.16",44409,79313089,-0.464696722768217
"44410","20074.16",44410,79316815,0.430002351557124
"44411","20074.16",44411,79317203,1.15216279332669
"44412","20074.16",44412,79317752,-0.0417793816564487
"44413","20074.16",44413,79318023,0.915234835803088
"44414","20074.16",44414,79318380,0.189701968147374
"44415","20074.16",44415,79318712,0.431862922215928
"44416","20074.16",44416,79319300,-0.30045210442313
"44417","20074.16",44417,79320670,-0.0466511432593082
"44418","20074.16",44418,79321517,0.29780112324308
"44419","20074.16",44419,79321820,0.423858032279438
"44420","20074.16",44420,79321836,-0.0156375093511709
"44421","20074.16",44421,79324930,0.964319404213467
"44422","20074.16",44422,79325519,0.102436998814022
"44423","20074.16",44423,79325890,0.503697754761995
"44424","20074.16",44424,79326418,-0.281028284703484
"44425","20074.16",44425,79329767,-0.229042695775123
"44426","20074.16",44426,79329788,-0.543504396694205
"44427","20074.16",44427,79329922,0.00736982271673092
"44428","20074.16",44428,79330005,0.74661879208802
"44429","20074.16",44429,79334060,-0.451141155993175
"44430","20074.16",44430,79334740,-0.14746926720914
"44431","20074.16",44431,79335233,0.0173949920601766
"44432","20074.16",44432,79335260,-0.733490992162301
"44433","20074.16",44433,79335351,0.17177334627262
"44434","20074.16",44434,79336647,0.89168641523686
"44435","20074.16",44435,79341575,0.024425584049343
"44436","20074.16",44436,79341954,0.785186220112341
"44437","20074.16",44437,79343805,-0.444416514118609
"44438","20074.16",44438,79344056,-0.647047880274254
"44439","20074.16",44439,79344513,0.607409305360156
"44440","20074.16",44440,79346276,0.421291599352366
"44441","20074.16",44441,79346523,-0.394759462409859
"44442","20074.16",44442,79346682,0.637755697792303
"44443","20074.16",44443,79346852,0.234635018002445
"44444","20074.16",44444,79347040,0.297014907873577
"44445","20074.16",44445,79347829,0.144500608754633
"44446","20074.16",44446,79348168,0.0371592965706657
"44447","20074.16",44447,79348278,-0.0840270305169328
"44448","20074.16",44448,79348840,0.188463984084397
"44449","20074.16",44449,79349367,0.549388792839886
"44450","20074.16",44450,79349483,-0.0693852716824193
"44451","20074.16",44451,79349533,-0.589879617554048
"44452","20074.16",44452,79350204,0.0267992427089156
"44453","20074.16",44453,79350362,0.445856464884064
"44454","20074.16",44454,79351872,-0.0950664891349735
"44455","20074.16",44455,79352274,0.18917745217196
"44456","20074.16",44456,79356518,0.549325615921087
"44457","20074.16",44457,79357112,-0.235714343355752
"44458","20074.16",44458,79358122,0.947708614487216
"44459","20074.16",44459,79358544,-0.0653000162232384
"44460","20074.16",44460,79360737,-0.145240756665935
"44461","20074.16",44461,79360803,0.0380195559647696
"44462","20074.16",44462,79361813,0.404775691502343
"44463","20074.16",44463,79361953,-0.475201155577497
"44464","20074.16",44464,79364842,-0.511288305052825
"44465","20074.16",44465,79365385,0.252505568661561
"44466","20074.16",44466,79365875,0.110927537404642
"44467","20074.16",44467,79366173,1.29688937191217
"44468","20074.16",44468,79366854,0.21988144717178
"44469","20074.16",44469,79369250,-0.749902309001059
"44470","20074.16",44470,79369897,-0.411586657276019
"44471","20074.16",44471,79371096,-0.274830070456814
"44472","20074.16",44472,79371183,0.213271914252676
"44473","20074.16",44473,79377524,0.815309078771857
"44474","20074.16",44474,79378355,-0.0530949483990169
"44475","20074.16",44475,79378778,-0.862127405320575
"44476","20074.16",44476,79379182,-0.116111668298763
"44477","20074.16",44477,79379197,0.0606382042456257
"44478","20074.16",44478,79379727,-0.128495169386937
"44479","20074.16",44479,79379903,-0.69083817254312
"44480","20074.16",44480,79381028,-0.09222849019765
"44481","20074.16",44481,79381110,0.734975336903722
"44482","20074.16",44482,79381686,0.27052215629013
"44483","20074.16",44483,79381786,-0.679204925286347
"44484","20074.16",44484,79384101,-0.0412981226312032
"44485","20074.16",44485,79385102,-0.297997289562081
"44486","20074.16",44486,79387872,0.541225172676161
"44487","20074.16",44487,79388209,0.301273433615349
"44488","20074.16",44488,79388253,-0.359316331090884
"44489","20074.16",44489,79388939,-0.930050698190893
"44490","20074.16",44490,79389047,-0.78962678468186
"44491","20074.16",44491,79389811,0.428713566053903
"44492","20074.16",44492,79390593,0.369591335607953
"44493","20074.16",44493,79391848,0.338261035691279
"44494","20074.16",44494,79391886,-0.064690190733164
"44495","20074.16",44495,79392691,0.065793254612462
"44496","20074.16",44496,79392886,0.225151243401613
"44497","20074.16",44497,79393107,0.89010723283327
"44498","20074.16",44498,79393564,0.481045743546372
"44499","20074.16",44499,79393593,0.12714547822656
"44500","20074.16",44500,79397129,-0.350631723669932
"44501","20074.16",44501,79398281,0.0634199964479958
"44502","20074.16",44502,79398454,0.489130006572688
"44503","20074.16",44503,79400422,0.127027787037275
"44504","20074.16",44504,79401031,-0.19056923010658
"44505","20074.16",44505,79401813,-1.0058647519436
"44506","20074.16",44506,79403884,0.298765764306595
"44507","20074.16",44507,79404133,0.219038592765521
"44508","20074.16",44508,79404317,-0.688712829847342
"44509","20074.16",44509,79404575,0.164507896049822
"44510","20074.16",44510,79406034,0.37936974287252
"44511","20074.16",44511,79406095,0.354949840358446
"44512","20074.16",44512,79406918,0.828448349371876
"44513","20074.16",44513,79407971,0.228465237433639
"44514","20074.16",44514,79411626,-0.0293696697790269
"44515","20074.16",44515,79412202,0.148827392831095
"44516","20074.16",44516,79413110,0.0964053515366263
"44517","20074.16",44517,79413355,-0.161441618384472
"44518","20074.16",44518,79413669,-0.377866654831861
"44519","20074.16",44519,79414295,-0.575806920595031
"44520","20074.16",44520,79414392,0.049293929572106
"44521","20074.16",44521,79416498,0.462875088335918
"44522","20074.16",44522,79416563,0.814093196773201
"44523","20074.16",44523,79416618,-0.969877832021124
"44524","20074.16",44524,79418303,0.911389217193116
"44525","20074.16",44525,79418935,-0.155703897397234
"44526","20074.16",44526,79421348,-0.344299983740571
"44527","20074.16",44527,79421360,0.19386592224436
"44528","20074.16",44528,79421837,-0.14790969485026
"44529","20074.16",44529,79422151,0.124097590745017
"44530","20074.16",44530,79424566,-0.240373770347371
"44531","20074.16",44531,79424902,0.113488994898042
"44532","20074.16",44532,79426776,0.348191155791775
"44533","20074.16",44533,79427879,1.43628133685618
"44534","20074.16",44534,79430622,0.461790796879778
"44535","20074.16",44535,79431311,0.377344626422388
"44536","20074.16",44536,79431853,0.377463041433651
"44537","20074.16",44537,79432588,-2.31399241525853
"44538","20074.16",44538,79432981,-0.338557812995502
"44539","20074.16",44539,79434399,0.594315966330114
"44540","20074.16",44540,79434506,0.509575909758094
"44541","20074.16",44541,79434700,-0.0853077622252512
"44542","20074.16",44542,79435934,0.5157934303612
"44543","20074.16",44543,79436940,0.149481714914628
"44544","20074.16",44544,79437045,0.384568737155122
"44545","20074.16",44545,79437168,0.19842205580828
"44546","20074.16",44546,79437814,-0.845490698255938
"44547","20074.16",44547,79439035,0.998792702580077
"44548","20074.16",44548,79439374,0.177298352365667
"44549","20074.16",44549,79439539,-0.020145849347597
"44550","20074.16",44550,79440932,0.799744396339926
"44551","20074.16",44551,79441318,1.02571452116738
"44552","20074.16",44552,79441816,-1.26755651761517
"44553","20074.16",44553,79441899,0.398532262633773
"44554","20074.16",44554,79444323,1.13619888781912
"44555","20074.16",44555,79444499,-0.021286475863767
"44556","20074.16",44556,79445086,0.660656488329278
"44557","20074.16",44557,79445141,0.561721996440693
"44558","20074.16",44558,79445175,0.300813186059387
"44559","20074.16",44559,79446017,-0.641148916044247
"44560","20074.16",44560,79446163,0.894412904189562
"44561","20074.16",44561,79446529,-0.143912084917534
"44562","20074.16",44562,79448778,0.171051233926573
"44563","20074.16",44563,79450598,-0.00152632719199186
"44564","20074.16",44564,79451166,-1.21851893895728
"44565","20074.16",44565,79451202,-0.2798125515753
"44566","20074.16",44566,79453355,0.577374389380622
"44567","20074.16",44567,79456044,-0.121653335230504
"44568","20074.16",44568,79456467,0.237117351441086
"44569","20074.16",44569,79456816,-0.262768417599684
"44570","20074.16",44570,79457361,0.0154946119562451
"44571","20074.16",44571,79457393,0.0187239967708575
"44572","20074.16",44572,79460198,0.892119388794971
"44573","20074.16",44573,79460392,0.831292938105196
"44574","20074.16",44574,79460567,0.210947386569644
"44575","20074.16",44575,79460626,0.743658760977842
"44576","20074.16",44576,79461295,-0.67677351889226
"44577","20074.16",44577,79461315,0.970222566299436
"44578","20074.16",44578,79461449,-0.213951478748005
"44579","20074.16",44579,79461893,0.919420165681736
"44580","20074.16",44580,79463665,-0.35812382037559
"44581","20074.16",44581,79463881,-0.480751920032585
"44582","20074.16",44582,79466547,-0.334781253323494
"44583","20074.16",44583,79466556,0.621129887350196
"44584","20074.16",44584,79467112,-0.81391828861874
"44585","20074.16",44585,79467703,-0.772610329766073
"44586","20074.16",44586,79469645,0.303552557069863
"44587","20074.16",44587,79470280,0.403961173570743
"44588","20074.16",44588,79470682,0.555548526781831
"44589","20074.16",44589,79470771,-0.54479794524506
"44590","20074.16",44590,79471714,0.60908898882679
"44591","20074.16",44591,79472220,-0.739351291734697
"44592","20074.16",44592,79472854,-0.276370566077194
"44593","20074.16",44593,79473888,0.481286227594707
"44594","20074.16",44594,79474742,-0.0645997783101162
"44595","20074.16",44595,79475669,0.783543515889073
"44596","20074.16",44596,79475739,0.337244513850977
"44597","20074.16",44597,79476162,0.321667786131482
"44598","20074.16",44598,79477483,-0.791052823802446
"44599","20074.16",44599,79482922,0.553745236464322
"44600","20074.16",44600,79485720,0.88084120205358
"44601","20074.16",44601,79486109,-0.476463221756077
"44602","20074.16",44602,79490479,0.328337738179099
"44603","20074.16",44603,79491195,-0.364850858934607
"44604","20074.16",44604,79491480,0.436125076751446
"44605","20074.16",44605,79492263,-0.12127353125165
"44606","20074.16",44606,79492277,-0.408326000407385
"44607","20074.16",44607,79492737,-0.0222095800069564
"44608","20074.16",44608,79493219,-0.0503931981999362
"44609","20074.16",44609,79494293,-0.117197298687368
"44610","20074.16",44610,79495388,-1.07178748227529
"44611","20074.16",44611,79495758,0.241099193341654
"44612","20074.16",44612,79496085,0.611223700193219
"44613","20074.16",44613,79497813,-0.180305444828146
"44614","20074.16",44614,79499586,0.343713921185246
"44615","20074.16",44615,79500474,-0.58369141248042
"44616","20074.16",44616,79500874,0.00425588778635699
"44617","20074.16",44617,79502609,0.396322389336457
"44618","20074.16",44618,79502743,0.0587439658161415
"44619","20074.16",44619,79505401,-1.76475673276004
"44620","20074.16",44620,79505657,0.799233877744782
"44621","20074.16",44621,79506001,0.400745242316455
"44622","20074.16",44622,79507025,-0.678048117745494
"44623","20074.16",44623,79507139,0.579906121783227
"44624","20074.16",44624,79507176,-0.383554786443826
"44625","20074.16",44625,79508163,0.552342531029075
"44626","20074.16",44626,79508171,-0.257905795220272
"44627","20074.16",44627,79509334,0.711581512266187
"44628","20074.16",44628,79509909,0.139397150901782
"44629","20074.16",44629,79510358,0.494796533051585
"44630","20074.16",44630,79512541,-0.294690704135034
"44631","20074.16",44631,79513017,-0.553333023541366
"44632","20074.16",44632,79513098,0.351577890299724
"44633","20074.16",44633,79514061,-0.303533199162159
"44634","20074.16",44634,79514155,0.119292783485375
"44635","20074.16",44635,79518409,0.430310711162293
"44636","20074.16",44636,79520476,0.132691984113953
"44637","20074.16",44637,79521323,-0.787028764653468
"44638","20074.16",44638,79522673,-0.0197495261708518
"44639","20074.16",44639,79524322,-0.807206824383157
"44640","20074.16",44640,79524700,0.398498813074922
"44641","20074.16",44641,79525159,-0.832970569407237
"44642","20074.16",44642,79525224,0.314338333533342
"44643","20074.16",44643,79525286,-0.202689326855647
"44644","20074.16",44644,79525379,0.152915230757672
"44645","20074.16",44645,79525694,-0.311653433530603
"44646","20074.16",44646,79526169,-0.0765516207795791
"44647","20074.16",44647,79526300,-0.400253701220513
"44648","20074.16",44648,79528171,-0.00243114752005447
"44649","20074.16",44649,79528188,-0.529874749028941
"44650","20074.16",44650,79528652,0.0593390419880544
"44651","20074.16",44651,79533329,-1.02979385628188
"44652","20074.16",44652,79539810,-0.612907694063147
"44653","20074.16",44653,79542033,0.123335486139009
"44654","20074.16",44654,79542428,-0.180228595408869
"44655","20074.16",44655,79544846,-0.481749330833731
"44656","20074.16",44656,79550727,0.0783464801785527
"44657","20074.16",44657,79551870,0.5390481301855
"44658","20074.16",44658,79552010,0.479042331293537
"44659","20074.16",44659,79552225,-0.0874012335285279
"44660","20074.16",44660,79552919,-0.196158124335802
"44661","20074.16",44661,79553091,0.432746195983056
"44662","20074.16",44662,79553233,-0.0902947062274633
"44663","20074.16",44663,79553995,0.0692193538055239
"44664","20074.16",44664,79554109,-0.207673680244215
"44665","20074.16",44665,79554129,0.448729856209806
"44666","20074.16",44666,79554195,0.178095902964041
"44667","20074.16",44667,79555485,-0.379743875766204
"44668","20074.16",44668,79560537,0.0684387617582924
"44669","20074.16",44669,79560678,0.209607346446791
"44670","20074.16",44670,79560991,-0.528805076933354
"44671","20074.16",44671,79561734,0.793925224990802
"44672","20074.16",44672,79565909,-0.166101722416333
"44673","20074.16",44673,79565943,-0.0604578737258725
"44674","20074.16",44674,79566041,0.197050634453579
"44675","20074.16",44675,79566150,-0.596862457690758
"44676","20074.16",44676,79566335,0.462255022492397
"44677","20074.16",44677,79566384,-0.0313986149538641
"44678","20074.16",44678,79566432,-0.445444105405753
"44679","20074.16",44679,79566585,1.67276191389091
"44680","20074.16",44680,79566854,0.106052579102649
"44681","20074.16",44681,79567213,0.98151867643262
"44682","20074.16",44682,79567790,0.0773709893218406
"44683","20074.16",44683,79568711,-0.408727379311178
"44684","20074.16",44684,79569081,0.62822643531209
"44685","20074.16",44685,79569810,0.237836095557481
"44686","20074.16",44686,79569849,0.655731283760887
"44687","20074.16",44687,79570138,1.31411327998388
"44688","20074.16",44688,79571063,0.806139231659682
"44689","20074.16",44689,79571322,-0.491275764555432
"44690","20074.16",44690,79571490,-0.090845117805471
"44691","20074.16",44691,79572233,-0.92475685684007
"44692","20074.16",44692,79572422,0.144693737706016
"44693","20074.16",44693,79573634,-0.0144274534398789
"44694","20074.16",44694,79574464,0.378819758415832
"44695","20074.16",44695,79576856,0.0669092917755201
"44696","20074.16",44696,79577159,-0.367169784320398
"44697","20074.16",44697,79577534,0.578830402224832
"44698","20074.16",44698,79578259,-0.250294562315996
"44699","20074.16",44699,79580668,-0.180610548754811
"44700","20074.16",44700,79580706,0.154402972325032
"44701","20074.16",44701,79580887,-0.0933101875362068
"44702","20074.16",44702,79582676,0.6047423905141
"44703","20074.16",44703,79582931,-0.490679017000161
"44704","20074.16",44704,79583615,-0.21363391790026
"44705","20074.16",44705,79583815,0.469477432150645
"44706","20074.16",44706,79586741,-1.29104855423708
"44707","20074.16",44707,79589827,-0.572374017622054
"44708","20074.16",44708,79590617,0.159396463249249
"44709","20074.16",44709,79591279,0.660763529216044
"44710","20074.16",44710,79591793,1.17780757753023
"44711","20074.16",44711,79591897,1.09856604725097
"44712","20074.16",44712,79591972,1.16301960541909
"44713","20074.16",44713,79592020,0.515276824358517
"44714","20074.16",44714,79595129,-0.597384923357313
"44715","20074.16",44715,79595556,0.215683316551073
"44716","20074.16",44716,79595870,0.196915888951181
"44717","20074.16",44717,79595936,0.34517452910502
"44718","20074.16",44718,79595961,0.40663925639891
"44719","20074.16",44719,79596437,-0.244322358106151
"44720","20074.16",44720,79596732,-0.41468357248042
"44721","20074.16",44721,79597075,-0.278116974051929
"44722","20074.16",44722,79598282,0.0314010507331624
"44723","20074.16",44723,79598399,-0.464610901965059
"44724","20074.16",44724,79598700,-1.1018783508688
"44725","20074.16",44725,79598790,0.438390057713504
"44726","20074.16",44726,79602183,-0.436153401261421
"44727","20074.16",44727,79602819,0.442282398180336
"44728","20074.16",44728,79605545,0.643745852918301
"44729","20074.16",44729,79605583,0.0566629045415521
"44730","20074.16",44730,79605670,-0.165797232851216
"44731","20074.16",44731,79608618,0.23962156011181
"44732","20074.16",44732,79608692,-0.543265322764894
"44733","20074.16",44733,79608831,0.00930278088444147
"44734","20074.16",44734,79609220,-0.373692026366252
"44735","20074.16",44735,79609857,-0.900508228934675
"44736","20074.16",44736,79610169,-0.186126215210004
"44737","20074.16",44737,79610336,0.176195346595621
"44738","20074.16",44738,79610966,-0.479811519572198
"44739","20074.16",44739,79610966,0.17571881880265
"44740","20074.16",44740,79611209,1.06070755237162
"44741","20074.16",44741,79612121,0.151399254070601
"44742","20074.16",44742,79612245,0.264909899661377
"44743","20074.16",44743,79614082,0.730098147707287
"44744","20074.16",44744,79614116,0.106699606747314
"44745","20074.16",44745,79614181,0.706727221867173
"44746","20074.16",44746,79615427,0.0711985710258247
"44747","20074.16",44747,79615600,0.484826725229904
"44748","20074.16",44748,79616381,0.511382419415095
"44749","20074.16",44749,79616625,0.293662600347038
"44750","20074.16",44750,79616881,0.945955883457862
"44751","20074.16",44751,79617729,0.429230313595395
"44752","20074.16",44752,79618512,0.0508680083819861
"44753","20074.16",44753,79618747,-0.84892077679263
"44754","20074.16",44754,79619569,1.13763777639509
"44755","20074.16",44755,79622274,-1.49884732247381
"44756","20074.16",44756,79623021,-0.0713549811854888
"44757","20074.16",44757,79623085,-0.519239360992002
"44758","20074.16",44758,79627282,0.240969382338609
"44759","20074.16",44759,79627536,0.319309221019659
"44760","20074.16",44760,79627772,0.272020731303482
"44761","20074.16",44761,79628585,-0.339599776103501
"44762","20074.16",44762,79631620,0.384352060064587
"44763","20074.16",44763,79636816,0.418421977065491
"44764","20074.16",44764,79640432,-0.596996325627368
"44765","20074.16",44765,79640929,0.125972949084622
"44766","20074.16",44766,79641175,0.184845832247752
"44767","20074.16",44767,79641256,0.240896299617458
"44768","20074.16",44768,79641309,0.271642393221444
"44769","20074.16",44769,79641363,0.515654520406939
"44770","20074.16",44770,79643493,-0.0118149551779716
"44771","20074.16",44771,79643852,0.304721639981444
"44772","20074.16",44772,79648152,-0.17292114954971
"44773","20074.16",44773,79648660,1.43010664260291
"44774","20074.16",44774,79648744,-0.513241348971315
"44775","20074.16",44775,79648987,-0.151900785469225
"44776","20074.16",44776,79649009,0.801220011639272
"44777","20074.16",44777,79649394,0.54039861442163
"44778","20074.16",44778,79651293,0.676786983508062
"44779","20074.16",44779,79651518,0.0629444997974646
"44780","20074.16",44780,79653081,-0.533211150578962
"44781","20074.16",44781,79654033,0.615432754565929
"44782","20074.16",44782,79654133,0.6659069525364
"44783","20074.16",44783,79655072,-0.126767958149782
"44784","20074.16",44784,79655323,0.193737606357485
"44785","20074.16",44785,79655334,-0.399133890828112
"44786","20074.16",44786,79656376,-0.308965756950704
"44787","20074.16",44787,79656673,0.321409702812415
"44788","20074.16",44788,79662726,0.0266898310715487
"44789","20074.16",44789,79662740,0.106174070263184
"44790","20074.16",44790,79663253,0.587906677661784
"44791","20074.16",44791,79663435,-0.24678408781698
"44792","20074.16",44792,79664119,-0.581267051001532
"44793","20074.16",44793,79667015,0.601636209187812
"44794","20074.16",44794,79668611,-0.0637259548647195
"44795","20074.16",44795,79670062,0.461343152289076
"44796","20074.16",44796,79670291,-0.312077261090515
"44797","20074.16",44797,79670324,0.524595080472726
"44798","20074.16",44798,79670407,-0.745813765030701
"44799","20074.16",44799,79671625,0.00890316639603661
"44800","20074.16",44800,79671769,-0.339606431951117
"44801","20074.16",44801,79674034,-0.431662693967515
"44802","20074.16",44802,79674892,-0.0950823130093355
"44803","20074.16",44803,79677127,0.434125838659042
"44804","20074.16",44804,79677167,0.577978334778499
"44805","20074.16",44805,79678371,-0.776697533018467
"44806","20074.16",44806,79679369,0.444260264127039
"44807","20074.16",44807,79680306,0.430503609725039
"44808","20074.16",44808,79680413,0.590865696074505
"44809","20074.16",44809,79683450,-0.0857279667531374
"44810","20074.16",44810,79683955,0.327264782182039
"44811","20074.16",44811,79686253,-0.340941194629516
"44812","20074.16",44812,79687003,0.826854464772647
"44813","20074.16",44813,79687920,0.522730920191985
"44814","20074.16",44814,79688490,0.339795525471648
"44815","20074.16",44815,79688676,-0.0396502984024085
"44816","20074.16",44816,79688965,0.559178284536377
"44817","20074.16",44817,79689130,0.268504703291677
"44818","20074.16",44818,79689471,0.63322046088317
"44819","20074.16",44819,79690084,0.109827260905451
"44820","20074.16",44820,79690170,0.477385091333338
"44821","20074.16",44821,79690274,-0.0451127078942575
"44822","20074.16",44822,79690368,-0.456879276951375
"44823","20074.16",44823,79690977,0.462774888686421
"44824","20074.16",44824,79691318,0.162745583986695
"44825","20074.16",44825,79692560,-0.772993908992139
"44826","20074.16",44826,79692668,0.917015627034265
"44827","20074.16",44827,79693522,-0.536832421826738
"44828","20074.16",44828,79694145,0.299470794030941
"44829","20074.16",44829,79696162,0.0673539690660352
"44830","20074.16",44830,79696818,-0.00470643864077136
"44831","20074.16",44831,79696897,-0.0689920968501063
"44832","20074.16",44832,79697940,0.424830876203248
"44833","20074.16",44833,79698089,0.334226422389928
"44834","20074.16",44834,79701074,0.0962348541159024
"44835","20074.16",44835,79701576,-0.0852462462641075
"44836","20074.16",44836,79701587,-0.304180561262407
"44837","20074.16",44837,79701719,-0.58068234775268
"44838","20074.16",44838,79701959,-0.446862040629831
"44839","20074.16",44839,79702324,0.434252375737249
"44840","20074.16",44840,79702573,0.88792889776924
"44841","20074.16",44841,79702950,0.0724315552135977
"44842","20074.16",44842,79703829,-0.198589987055242
"44843","20074.16",44843,79704412,0.567597815564121
"44844","20074.16",44844,79704915,0.618598315478354
"44845","20074.16",44845,79706624,-1.07637858478127
"44846","20074.16",44846,79712226,0.0291958523094431
"44847","20074.16",44847,79715436,-0.0353743647014575
"44848","20074.16",44848,79716082,0.28296300028263
"44849","20074.16",44849,79716202,-0.0265933601628685
"44850","20074.16",44850,79721362,0.0922769870837703
"44851","20074.16",44851,79723561,-0.543873264898823
"44852","20074.16",44852,79723931,-0.173453472708577
"44853","20074.16",44853,79729758,0.253600769138381
"44854","20074.16",44854,79731199,-0.242332269224717
"44855","20074.16",44855,79732175,0.187588943644532
"44856","20074.16",44856,79732525,-0.721092079319765
"44857","20074.16",44857,79734987,0.928035148620789
"44858","20074.16",44858,79735047,0.855466229734808
"44859","20074.16",44859,79735114,0.479503138857614
"44860","20074.16",44860,79735653,0.178575192457367
"44861","20074.16",44861,79738468,-0.378480387645901
"44862","20074.16",44862,79738513,-0.124047905337806
"44863","20074.16",44863,79738625,0.577467886401638
"44864","20074.16",44864,79738795,0.988537801777514
"44865","20074.16",44865,79738834,0.334735890510678
"44866","20074.16",44866,79738917,0.637012384350872
"44867","20074.16",44867,79739217,0.629321699165192
"44868","20074.16",44868,79740249,0.847182780502904
"44869","20074.16",44869,79740353,0.491841537887466
"44870","20074.16",44870,79741231,1.10205949369867
"44871","20074.16",44871,79741569,0.484334904659305
"44872","20074.16",44872,79742193,0.81144862649892
"44873","20074.16",44873,79742441,0.751737198046556
"44874","20074.16",44874,79742504,0.00350159613005552
"44875","20074.16",44875,79742862,-0.073095525965746
"44876","20074.16",44876,79743131,0.65108050421996
"44877","20074.16",44877,79743350,0.257511899426402
"44878","20074.16",44878,79743484,0.0373206721540926
"44879","20074.16",44879,79744548,0.288194758420452
"44880","20074.16",44880,79745313,0.777097816795783
"44881","20074.16",44881,79745487,0.779279854053432
"44882","20074.16",44882,79745606,0.628139342849031
"44883","20074.16",44883,79747885,0.636056980899391
"44884","20074.16",44884,79748535,-0.673654280033818
"44885","20074.16",44885,79749005,-0.051693094768698
"44886","20074.16",44886,79749080,-0.460612341287341
"44887","20074.16",44887,79749341,-0.114182160351132
"44888","20074.16",44888,79749353,-0.908211817102225
"44889","20074.16",44889,79749675,0.672391578045429
"44890","20074.16",44890,79750031,-0.786305653805226
"44891","20074.16",44891,79750512,-0.314712377837298
"44892","20074.16",44892,79750865,-0.456639614306242
"44893","20074.16",44893,79758481,-1.94465535961149
"44894","20074.16",44894,79758777,-2.15212585599139
"44895","20074.16",44895,79759516,0.712904951209311
"44896","20074.16",44896,79762067,0.430897703409669
"44897","20074.16",44897,79762315,0.161395095415329
"44898","20074.16",44898,79763047,0.043254689437962
"44899","20074.16",44899,79763721,-0.436963586448866
"44900","20074.16",44900,79765446,-0.0371487454410691
"44901","20074.16",44901,79765999,0.182306335363179
"44902","20074.16",44902,79766832,-0.476416880498083
"44903","20074.16",44903,79766952,0.400352843947043
"44904","20074.16",44904,79770064,0.0500415198310309
"44905","20074.16",44905,79770297,-1.0182568810516
"44906","20074.16",44906,79772402,-0.810705977806564
"44907","20074.16",44907,79772787,-0.107477162521463
"44908","20074.16",44908,79773109,0.0228828672659702
"44909","20074.16",44909,79773291,0.720631304170115
"44910","20074.16",44910,79775396,-0.0937185759647958
"44911","20074.16",44911,79776466,-0.487263890852562
"44912","20074.16",44912,79776686,0.204770783787799
"44913","20074.16",44913,79776741,0.24849508130763
"44914","20074.16",44914,79777617,-0.207085382909832
"44915","20074.16",44915,79780112,-0.749040999623935
"44916","20074.16",44916,79780536,0.64380192480876
"44917","20074.16",44917,79781759,-1.00935587734852
"44918","20074.16",44918,79782150,-0.282944263356845
"44919","20074.16",44919,79783889,-0.156522678856164
"44920","20074.16",44920,79784157,-0.283696362804775
"44921","20074.16",44921,79784328,0.546102616811155
"44922","20074.16",44922,79784426,0.196878544088181
"44923","20074.16",44923,79784626,0.644737704152042
"44924","20074.16",44924,79784666,-0.150569346161785
"44925","20074.16",44925,79788531,-0.571028530104946
"44926","20074.16",44926,79789308,-0.602276193533875
"44927","20074.16",44927,79791888,-0.271429247086269
"44928","20074.16",44928,79792370,0.568077763494848
"44929","20074.16",44929,79792809,1.03214880328914
"44930","20074.16",44930,79792914,1.04564302651334
"44931","20074.16",44931,79793261,-0.254832619496896
"44932","20074.16",44932,79793766,0.197583302720703
"44933","20074.16",44933,79794221,-0.539789335837614
"44934","20074.16",44934,79794366,-0.514499241343675
"44935","20074.16",44935,79794709,-0.367972887261122
"44936","20074.16",44936,79794798,-0.612892405260422
"44937","20074.16",44937,79797369,-0.217872713601088
"44938","20074.16",44938,79798511,-0.0469670710162697
"44939","20074.16",44939,79800084,0.53694882533068
"44940","20074.16",44940,79800597,0.167801090203615
"44941","20074.16",44941,79800662,-0.217995359255965
"44942","20074.16",44942,79800762,-0.0131838162160722
"44943","20074.16",44943,79800775,1.07466286643372
"44944","20074.16",44944,79800861,0.677717389302678
"44945","20074.16",44945,79800879,-0.068039427609147
"44946","20074.16",44946,79801066,0.549066186362158
"44947","20074.16",44947,79801161,-0.101473992640373
"44948","20074.16",44948,79802202,0.454266826028921
"44949","20074.16",44949,79802346,0.159465813423041
"44950","20074.16",44950,79802663,-0.0897980766872344
"44951","20074.16",44951,79802856,-0.0389888295377689
"44952","20074.16",44952,79802981,-0.15984685645326
"44953","20074.16",44953,79803043,-0.0101937012574762
"44954","20074.16",44954,79803224,-0.531302784895214
"44955","20074.16",44955,79806299,0.468216560338585
"44956","20074.16",44956,79806352,0.699241584332857
"44957","20074.16",44957,79808115,0.526789587002452
"44958","20074.16",44958,79809180,0.207194869788647
"44959","20074.16",44959,79809655,-0.354657422173722
"44960","20074.16",44960,79809729,0.029693303035069
"44961","20074.16",44961,79812096,-1.01109651529518
"44962","20074.16",44962,79812944,0.508387585347582
"44963","20074.16",44963,79813230,0.719877938472506
"44964","20074.16",44964,79813354,0.362209037798528
"44965","20074.16",44965,79813439,0.454252783676426
"44966","20074.16",44966,79813565,0.0488867268715509
"44967","20074.16",44967,79816183,0.482396854774872
"44968","20074.16",44968,79816347,-0.142513731746543
"44969","20074.16",44969,79819248,0.46480999780833
"44970","20074.16",44970,79819409,-0.607924123585733
"44971","20074.16",44971,79822207,0.568877294101612
"44972","20074.16",44972,79822444,0.109491702809889
"44973","20074.16",44973,79823387,0.349490495657894
"44974","20074.16",44974,79823804,-0.112754626111512
"44975","20074.16",44975,79824229,0.622231480442273
"44976","20074.16",44976,79824289,-0.0960431080720427
"44977","20074.16",44977,79824619,-0.40468434391044
"44978","20074.16",44978,79824781,-0.0742075257238675
"44979","20074.16",44979,79827653,0.336320725636795
"44980","20074.16",44980,79827901,0.445990819930089
"44981","20074.16",44981,79828775,1.02362387023371
"44982","20074.16",44982,79831328,0.891503393814204
"44983","20074.16",44983,79831506,1.04920946573302
"44984","20074.16",44984,79836244,0.216669932243062
"44985","20074.16",44985,79836276,0.526149975768225
"44986","20074.16",44986,79838311,-0.191269263689854
"44987","20074.16",44987,79838412,-0.425827609955901
"44988","20074.16",44988,79838673,0.00947598921861026
"44989","20074.16",44989,79838723,0.937847263961205
"44990","20074.16",44990,79838763,0.255075273994206
"44991","20074.16",44991,79841092,1.16702695404422
"44992","20074.16",44992,79841505,1.01519372117243
"44993","20074.16",44993,79841752,0.239004357696178
"44994","20074.16",44994,79842304,0.151262361671702
"44995","20074.16",44995,79844864,-0.0882893319983289
"44996","20074.16",44996,79845969,0.468630596537612
"44997","20074.16",44997,79846962,-0.0117523977643517
"44998","20074.16",44998,79847142,1.0951154554407
"44999","20074.16",44999,79847780,-0.0512775102770764
"45000","20074.16",45000,79849345,0.356714813168858
"45001","20074.16",45001,79850518,-0.421505015119732
"45002","20074.16",45002,79856467,-0.201015719263117
"45003","20074.16",45003,79858627,0.308461268920717
"45004","20074.16",45004,79858751,-0.121471852119555
"45005","20074.16",45005,79860357,0.466482835835342
"45006","20074.16",45006,79860514,-0.211535297867722
"45007","20074.16",45007,79861055,-0.0749267209995859
"45008","20074.16",45008,79867193,-0.601377930083554
"45009","20074.16",45009,79867486,0.0192149553445331
"45010","20074.16",45010,79868342,0.436680443188339
"45011","20074.16",45011,79868499,0.418644010332314
"45012","20074.16",45012,79868749,0.0330336812075185
"45013","20074.16",45013,79868831,-0.68984885349673
"45014","20074.16",45014,79869825,0.882184952121773
"45015","20074.16",45015,79872459,0.810505589678018
"45016","20074.16",45016,79875840,1.12608899060929
"45017","20074.16",45017,79875926,-0.48860705020348
"45018","20074.16",45018,79876914,-0.388632394613682
"45019","20074.16",45019,79877167,-0.339111022184542
"45020","20074.16",45020,79877244,-0.563321532000677
"45021","20074.16",45021,79877596,0.309419508999915
"45022","20074.16",45022,79877640,0.22968392489515
"45023","20074.16",45023,79877784,0.220259189722062
"45024","20074.16",45024,79878570,0.133555900135628
"45025","20074.16",45025,79879274,0.0610059446980555
"45026","20074.16",45026,79879453,0.270236841909919
"45027","20074.16",45027,79879479,0.387162510743381
"45028","20074.16",45028,79879872,-0.659735839778303
"45029","20074.16",45029,79880394,-0.258838552823681
"45030","20074.16",45030,79880426,0.235220230724352
"45031","20074.16",45031,79882250,-0.693082710869452
"45032","20074.16",45032,79882754,0.600156541087972
"45033","20074.16",45033,79882769,-0.662023640149643
"45034","20074.16",45034,79883076,-0.32742584221719
"45035","20074.16",45035,79884977,0.132370221552424
"45036","20074.16",45036,79885101,-0.22003315830341
"45037","20074.16",45037,79886196,0.321454439549957
"45038","20074.16",45038,79889153,0.21649300191502
"45039","20074.16",45039,79889263,-0.472948145994356
"45040","20074.16",45040,79889528,0.312996815353826
"45041","20074.16",45041,79889959,-0.0437996071404569
"45042","20074.16",45042,79890637,-0.0843517864175638
"45043","20074.16",45043,79893645,-0.426145909567951
"45044","20074.16",45044,79893828,0.202040556219293
"45045","20074.16",45045,79894902,-0.374952891717752
"45046","20074.16",45046,79894964,-0.205541108307157
"45047","20074.16",45047,79895068,-0.0528224956236789
"45048","20074.16",45048,79895147,0.701172686793435
"45049","20074.16",45049,79895493,0.522641732383375
"45050","20074.16",45050,79897087,-0.424653804256803
"45051","20074.16",45051,79897401,0.514116580113162
"45052","20074.16",45052,79897420,0.515094504116129
"45053","20074.16",45053,79897512,0.197318493715454
"45054","20074.16",45054,79897547,-0.398896094171766
"45055","20074.16",45055,79897607,0.0750434211962085
"45056","20074.16",45056,79897653,0.83703133396679
"45057","20074.16",45057,79899604,-0.307107043358242
"45058","20074.16",45058,79899727,1.06266640574876
"45059","20074.16",45059,79900137,-0.276972188493869
"45060","20074.16",45060,79900665,-0.4635273940332
"45061","20074.16",45061,79901515,-0.126549928322932
"45062","20074.16",45062,79901564,-0.35762770119715
"45063","20074.16",45063,79901637,0.0503929187853798
"45064","20074.16",45064,79901831,0.878835811175755
"45065","20074.16",45065,79902218,-0.688109573622363
"45066","20074.16",45066,79904029,0.274556508391787
"45067","20074.16",45067,79904046,0.443506339191003
"45068","20074.16",45068,79904159,-0.0508917938579758
"45069","20074.16",45069,79904225,0.150618422449516
"45070","20074.16",45070,79904247,-0.0501206723913574
"45071","20074.16",45071,79904347,0.442311067797744
"45072","20074.16",45072,79904614,-1.07797458461505
"45073","20074.16",45073,79904659,-0.391241607395569
"45074","20074.16",45074,79904754,0.0973934080929473
"45075","20074.16",45075,79906206,-0.0551340364658888
"45076","20074.16",45076,79908672,-0.304154864762836
"45077","20074.16",45077,79908889,0.417503511832598
"45078","20074.16",45078,79909037,0.444636274536239
"45079","20074.16",45079,79909192,0.119992274033641
"45080","20074.16",45080,79909298,-0.515339740758243
"45081","20074.16",45081,79909435,0.23004393965995
"45082","20074.16",45082,79910465,-0.308506857845249
"45083","20074.16",45083,79911207,-0.723586707336276
"45084","20074.16",45084,79911272,0.170865936597874
"45085","20074.16",45085,79911294,-0.274400163308956
"45086","20074.16",45086,79913022,0.0577902604869536
"45087","20074.16",45087,79913206,0.337290345669543
"45088","20074.16",45088,79914865,-0.93309566905125
"45089","20074.16",45089,79914895,0.142655006670979
"45090","20074.16",45090,79914909,-0.183033920363477
"45091","20074.16",45091,79914940,-0.0611735990821529
"45092","20074.16",45092,79916843,-0.375654536610024
"45093","20074.16",45093,79916858,-0.337957196947801
"45094","20074.16",45094,79916991,0.24522055129671
"45095","20074.16",45095,79917135,0.823008095526316
"45096","20074.16",45096,79917302,-0.0766421983791643
"45097","20074.16",45097,79917395,-0.459957520699763
"45098","20074.16",45098,79919551,-0.54831188052275
"45099","20074.16",45099,79919803,0.72977895559807
"45100","20074.16",45100,79919925,-0.230932740295317
"45101","20074.16",45101,79920013,0.229342620758426
"45102","20074.16",45102,79920472,0.343528060805281
"45103","20074.16",45103,79921177,-0.127823547473457
"45104","20074.16",45104,79921232,0.472038731484218
"45105","20074.16",45105,79921520,0.0690522463730261
"45106","20074.16",45106,79921797,-0.368067212779295
"45107","20074.16",45107,79921873,0.527335231921234
"45108","20074.16",45108,79922196,-0.467695967328597
"45109","20074.16",45109,79922256,-0.140546608986996
"45110","20074.16",45110,79922617,0.377749872581604
"45111","20074.16",45111,79922639,0.381968072700709
"45112","20074.16",45112,79922984,-0.551699797186036
"45113","20074.16",45113,79923310,-0.313758242354327
"45114","20074.16",45114,79924724,0.399965099937817
"45115","20074.16",45115,79924857,-0.488696904270028
"45116","20074.16",45116,79925058,-1.53728017821906
"45117","20074.16",45117,79926101,0.564973657773355
"45118","20074.16",45118,79926782,0.352087184035242
"45119","20074.16",45119,79926830,-0.180859927579033
"45120","20074.16",45120,79926869,0.996385735524478
"45121","20074.16",45121,79927146,-1.53179247134927
"45122","20074.16",45122,79930339,-0.291096330372703
"45123","20074.16",45123,79930647,-0.92140587852181
"45124","20074.16",45124,79935596,0.584918086587874
"45125","20074.16",45125,79936791,0.168566424303264
"45126","20074.16",45126,79937201,0.288676364561732
"45127","20074.16",45127,79937357,-0.0256448249491985
"45128","20074.16",45128,79937906,-0.0216784346714505
"45129","20074.16",45129,79939049,0.249206162880967
"45130","20074.16",45130,79939123,-0.89503354931721
"45131","20074.16",45131,79939666,0.235585713634688
"45132","20074.16",45132,79941572,0.315209406112634
"45133","20074.16",45133,79942149,-0.475595126860465
"45134","20074.16",45134,79942372,0.0270615407794033
"45135","20074.16",45135,79943873,0.590671697846463
"45136","20074.16",45136,79944259,-0.670556845923894
"45137","20074.16",45137,79945421,-0.605235838350628
"45138","20074.16",45138,79946115,-0.581256132390956
"45139","20074.16",45139,79948929,-0.551598689253528
"45140","20074.16",45140,79949348,0.0579490260807676
"45141","20074.16",45141,79950019,-0.0781852594123524
"45142","20074.16",45142,79950398,0.802594510105023
"45143","20074.16",45143,79950712,0.616711800536028
"45144","20074.16",45144,79952362,-0.256462598946586
"45145","20074.16",45145,79952959,-0.234558539190045
"45146","20074.16",45146,79953107,0.417557339233617
"45147","20074.16",45147,79954250,0.289615326917994
"45148","20074.16",45148,79956126,-0.428731292476535
"45149","20074.16",45149,79956608,0.59607451099651
"45150","20074.16",45150,79959674,0.277239974790677
"45151","20074.16",45151,79962545,-0.314643129850521
"45152","20074.16",45152,79965489,0.507051129263815
"45153","20074.16",45153,79965943,-0.478142856529069
"45154","20074.16",45154,79969099,0.139197461118601
"45155","20074.16",45155,79969123,1.1979057682703
"45156","20074.16",45156,79969199,0.091881583803298
"45157","20074.16",45157,79969680,-0.119479681383122
"45158","20074.16",45158,79970078,-0.527115984128467
"45159","20074.16",45159,79970147,-0.158231375883997
"45160","20074.16",45160,79970578,-0.472118762401371
"45161","20074.16",45161,79971041,-0.281594748629608
"45162","20074.16",45162,79971200,0.742972110702499
"45163","20074.16",45163,79972525,0.538222686070653
"45164","20074.16",45164,79972677,-0.509427180394084
"45165","20074.16",45165,79972816,-0.597592977134494
"45166","20074.16",45166,79972847,0.296793728913308
"45167","20074.16",45167,79972948,-0.0853405443850823
"45168","20074.16",45168,79973337,0.214043500923555
"45169","20074.16",45169,79973539,0.70217274453578
"45170","20074.16",45170,79973709,0.659191386617768
"45171","20074.16",45171,79973895,0.390332103944581
"45172","20074.16",45172,79974309,0.453484084294813
"45173","20074.16",45173,79974548,0.575582980730048
"45174","20074.16",45174,79974587,-0.0838654814472122
"45175","20074.16",45175,79976222,0.536579812531323
"45176","20074.16",45176,79976645,-0.0382082420295129
"45177","20074.16",45177,79976907,-0.878399551015125
"45178","20074.16",45178,79977386,-0.0819025573277461
"45179","20074.16",45179,79977620,0.092438740385579
"45180","20074.16",45180,79979713,0.348111245591386
"45181","20074.16",45181,79979756,-0.0417392715999689
"45182","20074.16",45182,79980410,0.101376989425709
"45183","20074.16",45183,79980477,-0.186305005865552
"45184","20074.16",45184,79980883,-0.603466495058784
"45185","20074.16",45185,79980968,-0.265456469593288
"45186","20074.16",45186,79981082,0.582641059710741
"45187","20074.16",45187,79981129,0.0507074651188235
"45188","20074.16",45188,79981716,0.155706550489679
"45189","20074.16",45189,79984561,-0.263965761096189
"45190","20074.16",45190,79984618,0.65651768695339
"45191","20074.16",45191,79986220,-0.359107870736778
"45192","20074.16",45192,79986794,-0.667869634084354
"45193","20074.16",45193,79987130,0.26540717089456
"45194","20074.16",45194,79987254,-0.306749431781883
"45195","20074.16",45195,79987278,-0.309395020816892
"45196","20074.16",45196,79989433,0.39644015814843
"45197","20074.16",45197,79990811,0.0239822815716231
"45198","20074.16",45198,79991016,0.0526750602092303
"45199","20074.16",45199,79992877,-0.217273134509184
"45200","20074.16",45200,79993227,0.21680774842403
"45201","20074.16",45201,79993593,0.314201661900852
"45202","20074.16",45202,79993886,0.349284990961301
"45203","20074.16",45203,79993936,0.297134313389061
"45204","20074.16",45204,79994200,-0.104351517468875
"45205","20074.16",45205,79994243,-0.447683557443604
"45206","20074.16",45206,79995870,-0.177247789841915
"45207","20074.16",45207,79998799,-2.28455158587114
"45208","20074.16",45208,80000283,0.704930342780464
"45209","20074.16",45209,80000620,0.105030724477801
"45210","20074.16",45210,80001157,-0.523964706869152
"45211","20074.16",45211,80002323,-0.609238551766341
"45212","20074.16",45212,80003476,0.0957078616437794
"45213","20074.16",45213,80003522,-0.214873378171463
"45214","20074.16",45214,80003636,-0.868960500314237
"45215","20074.16",45215,80005848,-0.104646106808137
"45216","20074.16",45216,80005900,0.278681640357989
"45217","20074.16",45217,80005967,0.563622614902765
"45218","20074.16",45218,80005995,0.966936383399582
"45219","20074.16",45219,80006203,-0.525646891858655
"45220","20074.16",45220,80006534,0.596032001285757
"45221","20074.16",45221,80007487,0.79382560401658
"45222","20074.16",45222,80013110,0.22960828190809
"45223","20074.16",45223,80013609,0.253527477191109
"45224","20074.16",45224,80014006,0.0494289767682172
"45225","20074.16",45225,80014177,-0.65189364110406
"45226","20074.16",45226,80014914,0.256958215750431
"45227","20074.16",45227,80015341,0.250449739087293
"45228","20074.16",45228,80016658,-0.111265559679517
"45229","20074.16",45229,80019032,-0.480801846367083
"45230","20074.16",45230,80020901,0.500279119078518
"45231","20074.16",45231,80022802,0.199445882588284
"45232","20074.16",45232,80023074,0.585723048747684
"45233","20074.16",45233,80023465,0.432399436057943
"45234","20074.16",45234,80023550,-0.89069946328797
"45235","20074.16",45235,80023869,0.309517171771946
"45236","20074.16",45236,80023900,-0.0453183749883062
"45237","20074.16",45237,80024839,0.0227482769914271
"45238","20074.16",45238,80025027,-0.868199274202799
"45239","20074.16",45239,80025366,1.02191292768303
"45240","20074.16",45240,80027149,0.579661298164223
"45241","20074.16",45241,80028040,-0.0969831862939712
"45242","20074.16",45242,80028121,0.258797440236408
"45243","20074.16",45243,80031695,0.469138158978935
"45244","20074.16",45244,80032137,0.781666960689443
"45245","20074.16",45245,80032235,-0.471739707733701
"45246","20074.16",45246,80032531,-0.252771386096033
"45247","20074.16",45247,80034203,0.280032593437615
"45248","20074.16",45248,80035498,-0.644151004463455
"45249","20074.16",45249,80036298,-0.195626145103736
"45250","20074.16",45250,80036384,-0.14356015691761
"45251","20074.16",45251,80038459,0.0888728206149478
"45252","20074.16",45252,80038715,0.301965838774099
"45253","20074.16",45253,80039207,-0.77417821774934
"45254","20074.16",45254,80040227,-0.168409146259167
"45255","20074.16",45255,80042989,-1.11110971080187
"45256","20074.16",45256,80043138,-0.780630473365373
"45257","20074.16",45257,80050661,0.246304864864075
"45258","20074.16",45258,80050697,-0.154622466845773
"45259","20074.16",45259,80052863,-0.339135714923266
"45260","20074.16",45260,80052966,0.856219138761051
"45261","20074.16",45261,80053555,0.553838539546125
"45262","20074.16",45262,80053692,-0.970229034521584
"45263","20074.16",45263,80053916,0.46233795679409
"45264","20074.16",45264,80054576,-0.685725948553739
"45265","20074.16",45265,80054665,0.712046825667195
"45266","20074.16",45266,80054863,0.881264126937645
"45267","20074.16",45267,80054987,0.454250398083436
"45268","20074.16",45268,80055004,-0.107785847087375
"45269","20074.16",45269,80055349,0.603211772867872
"45270","20074.16",45270,80055545,-0.725131635613145
"45271","20074.16",45271,80056186,0.993517155271925
"45272","20074.16",45272,80057803,0.666793920828735
"45273","20074.16",45273,80058041,-0.202534926103195
"45274","20074.16",45274,80058237,-0.351881735397048
"45275","20074.16",45275,80058904,0.620751518101977
"45276","20074.16",45276,80059524,-1.16211214988118
"45277","20074.16",45277,80060221,0.482715245228188
"45278","20074.16",45278,80060630,-0.193859137655627
"45279","20074.16",45279,80063069,0.0903377657554927
"45280","20074.16",45280,80063431,0.12012798632591
"45281","20074.16",45281,80063680,0.445652232510548
"45282","20074.16",45282,80063745,-0.28559599074371
"45283","20074.16",45283,80063824,-0.589672238245963
"45284","20074.16",45284,80068020,-0.10059894757168
"45285","20074.16",45285,80068399,0.469392230798987
"45286","20074.16",45286,80068414,0.474614976663896
"45287","20074.16",45287,80069021,-0.266014457072457
"45288","20074.16",45288,80069528,0.666573419908896
"45289","20074.16",45289,80069833,0.561135385766463
"45290","20074.16",45290,80069915,0.258590391735768
"45291","20074.16",45291,80070794,-0.532207912136242
"45292","20074.16",45292,80071103,-0.609748749327376
"45293","20074.16",45293,80072659,0.0957634599240649
"45294","20074.16",45294,80074144,-0.342221407444153
"45295","20074.16",45295,80075139,-0.0947786979621483
"45296","20074.16",45296,80075205,-0.0435821658746676
"45297","20074.16",45297,80075396,0.99907631496789
"45298","20074.16",45298,80076378,-0.0607945738060875
"45299","20074.16",45299,80077002,0.252809913194521
"45300","20074.16",45300,80078566,-1.56817224563886
"45301","20074.16",45301,80082149,0.993018894804798
"45302","20074.16",45302,80082395,0.102910073502719
"45303","20074.16",45303,80083457,-0.265149233245262
"45304","20074.16",45304,80084037,-0.329205121728186
"45305","20074.16",45305,80087601,-0.735257475917015
"45306","20074.16",45306,80090643,-1.48272506444703
"45307","20074.16",45307,80091132,-0.133655244645038
"45308","20074.16",45308,80091368,0.527590761967448
"45309","20074.16",45309,80092121,0.329017530045804
"45310","20074.16",45310,80096832,0.245989319379604
"45311","20074.16",45311,80098249,0.246877452602029
"45312","20074.16",45312,80099200,0.099564467471497
"45313","20074.16",45313,80099657,0.0982667165248428
"45314","20074.16",45314,80100312,-0.710880197230174
"45315","20074.16",45315,80100512,0.518387160439002
"45316","20074.16",45316,80101087,0.34205646159771
"45317","20074.16",45317,80101998,-0.136169220481965
"45318","20074.16",45318,80102633,0.399212762606008
"45319","20074.16",45319,80103916,0.842101572575246
"45320","20074.16",45320,80104131,0.429275869989556
"45321","20074.16",45321,80104885,0.17041645963914
"45322","20074.16",45322,80105502,-0.839022058919472
"45323","20074.16",45323,80105866,0.723623200945092
"45324","20074.16",45324,80108700,0.429295603963907
"45325","20074.16",45325,80108831,0.387310784242252
"45326","20074.16",45326,80110155,0.129232926850706
"45327","20074.16",45327,80110246,0.562782559854376
"45328","20074.16",45328,80110427,0.279349240186096
"45329","20074.16",45329,80110460,0.174933026119641
"45330","20074.16",45330,80110500,0.429590316493978
"45331","20074.16",45331,80110768,-0.168005458790227
"45332","20074.16",45332,80111981,0.257996764542354
"45333","20074.16",45333,80114097,-0.0806250195403573
"45334","20074.16",45334,80114349,-0.242791005822131
"45335","20074.16",45335,80114385,0.492911691050188
"45336","20074.16",45336,80114523,-0.491005879491479
"45337","20074.16",45337,80117874,0.127974338702546
"45338","20074.16",45338,80119316,-0.990690633289622
"45339","20074.16",45339,80119659,-0.475061626962884
"45340","20074.16",45340,80126717,0.981940223947253
"45341","20074.16",45341,80126794,-0.0847851133239086
"45342","20074.16",45342,80126843,-0.086199075478877
"45343","20074.16",45343,80127326,-0.657759419948601
"45344","20074.16",45344,80130445,-0.201907738471848
"45345","20074.16",45345,80130626,-0.993846678514725
"45346","20074.16",45346,80130787,0.185270743628188
"45347","20074.16",45347,80131517,0.581164824780653
"45348","20074.16",45348,80132109,0.13066004711631
"45349","20074.16",45349,80132576,0.506482979422215
"45350","20074.16",45350,80134502,-0.0452074506644689
"45351","20074.16",45351,80135108,-0.102738243229459
"45352","20074.16",45352,80136031,0.580429808145554
"45353","20074.16",45353,80137935,-0.464557632898848
"45354","20074.16",45354,80137957,-0.705823172910562
"45355","20074.16",45355,80138134,0.614491558797943
"45356","20074.16",45356,80141367,0.133756981008563
"45357","20074.16",45357,80141608,0.0899849495003737
"45358","20074.16",45358,80142214,-0.284892247918346
"45359","20074.16",45359,80142560,0.461212701836966
"45360","20074.16",45360,80151617,0.314207836381573
"45361","20074.16",45361,80151666,-0.372253627458134
"45362","20074.16",45362,80151779,0.486924992962245
"45363","20074.16",45363,80151927,0.715984810821353
"45364","20074.16",45364,80152280,0.192664638083753
"45365","20074.16",45365,80152575,-0.339931183188678
"45366","20074.16",45366,80152667,-0.179588259860988
"45367","20074.16",45367,80153015,0.791463974205112
"45368","20074.16",45368,80153709,0.968695347559751
"45369","20074.16",45369,80154506,0.242861029721531
"45370","20074.16",45370,80154520,1.12873699341096
"45371","20074.16",45371,80154757,1.04293735256497
"45372","20074.16",45372,80155183,0.406531099196235
"45373","20074.16",45373,80155851,-1.4902456321241
"45374","20074.16",45374,80156675,0.604233829344566
"45375","20074.16",45375,80156697,0.379939631807507
"45376","20074.16",45376,80156780,-0.0402846446854195
"45377","20074.16",45377,80156829,-0.564091440747281
"45378","20074.16",45378,80156963,0.710481517236269
"45379","20074.16",45379,80157024,0.565918921132311
"45380","20074.16",45380,80159229,-0.404224135089847
"45381","20074.16",45381,80159526,0.584025026764279
"45382","20074.16",45382,80159559,0.484651547968316
"45383","20074.16",45383,80159704,0.284315736358061
"45384","20074.16",45384,80159913,0.922973603471346
"45385","20074.16",45385,80160016,-0.524026644448997
"45386","20074.16",45386,80160161,0.0124419683449473
"45387","20074.16",45387,80160214,0.627916394413734
"45388","20074.16",45388,80161919,0.0191371319272511
"45389","20074.16",45389,80162607,-0.331476772703792
"45390","20074.16",45390,80162650,0.428614973901095
"45391","20074.16",45391,80162895,0.095469875384354
"45392","20074.16",45392,80163354,0.350326289263735
"45393","20074.16",45393,80163809,0.91431437280754
"45394","20074.16",45394,80164635,-0.186147045042233
"45395","20074.16",45395,80165116,-0.106144807432229
"45396","20074.16",45396,80165434,0.85946293548441
"45397","20074.16",45397,80165483,0.334695318589564
"45398","20074.16",45398,80166067,-0.50371688631598
"45399","20074.16",45399,80166605,-1.52242595904141
"45400","20074.16",45400,80170485,-0.215873164120829
"45401","20074.16",45401,80176331,0.4317746489529
"45402","20074.16",45402,80176508,1.08551978240514
"45403","20074.16",45403,80177201,-0.619540127610495
"45404","20074.16",45404,80177339,1.16487768966103
"45405","20074.16",45405,80178179,0.579126250752831
"45406","20074.16",45406,80178404,-0.558745243037079
"45407","20074.16",45407,80178597,1.19316787578959
"45408","20074.16",45408,80179619,0.265303302480421
"45409","20074.16",45409,80179721,-0.703603127769777
"45410","20074.16",45410,80181833,0.102107664057995
"45411","20074.16",45411,80185898,0.348774568966344
"45412","20074.16",45412,80189059,0.398587178249179
"45413","20074.16",45413,80189487,0.274759920888537
"45414","20074.16",45414,80190849,-0.868396445356952
"45415","20074.16",45415,80191821,-0.114848989951668
"45416","20074.16",45416,80192605,0.0742182878171302
"45417","20074.16",45417,80192804,0.319325881559622
"45418","20074.16",45418,80192952,0.275232508635621
"45419","20074.16",45419,80193030,0.189911563345653
"45420","20074.16",45420,80194182,-0.496792032058983
"45421","20074.16",45421,80194220,1.08799482113603
"45422","20074.16",45422,80196592,-0.0188611901361755
"45423","20074.16",45423,80196620,0.579598952895169
"45424","20074.16",45424,80199985,-0.0415339831607566
"45425","20074.16",45425,80200972,-0.0207023781129072
"45426","20074.16",45426,80201174,-0.058019028838344
"45427","20074.16",45427,80202804,0.737242564051377
"45428","20074.16",45428,80202850,0.28957623839647
"45429","20074.16",45429,80202936,0.895386844576048
"45430","20074.16",45430,80203540,0.0115524901619848
"45431","20074.16",45431,80203882,0.395876609329219
"45432","20074.16",45432,80204324,-0.10299080251119
"45433","20074.16",45433,80209380,-0.0841908815820682
"45434","20074.16",45434,80209443,0.639281358727973
"45435","20074.16",45435,80211257,-1.36360217919091
"45436","20074.16",45436,80212781,0.342204753030493
"45437","20074.16",45437,80212991,0.0512527041022377
"45438","20074.16",45438,80214075,-0.324931648656594
"45439","20074.16",45439,80216184,-1.21191266486488
"45440","20074.16",45440,80217703,-0.254086716990396
"45441","20074.16",45441,80217906,0.769612865864949
"45442","20074.16",45442,80218291,-0.652161955136346
"45443","20074.16",45443,80219347,0.0426935338091399
"45444","20074.16",45444,80219878,-0.2023163065546
"45445","20074.16",45445,80220495,0.276423008826268
"45446","20074.16",45446,80221306,-0.527832738179462
"45447","20074.16",45447,80223163,0.319269817893249
"45448","20074.16",45448,80224110,0.163898019807749
"45449","20074.16",45449,80224963,-0.771382164946339
"45450","20074.16",45450,80225859,-0.53771479173827
"45451","20074.16",45451,80227628,-0.26782338645478
"45452","20074.16",45452,80228521,-0.359909295605602
"45453","20074.16",45453,80232011,0.622458059723511
"45454","20074.16",45454,80232062,0.698887490000742
"45455","20074.16",45455,80232294,-0.267061711736727
"45456","20074.16",45456,80232469,-0.583344900887488
"45457","20074.16",45457,80233105,-0.287955367621145
"45458","20074.16",45458,80233126,0.914920481456774
"45459","20074.16",45459,80233141,0.252871188762874
"45460","20074.16",45460,80234264,0.2425239597248
"45461","20074.16",45461,80235649,0.549027548453712
"45462","20074.16",45462,80235768,-0.22326183838751
"45463","20074.16",45463,80236083,0.149823417878381
"45464","20074.16",45464,80237726,0.221622979837771
"45465","20074.16",45465,80238378,-0.0116654805615291
"45466","20074.16",45466,80239181,0.0990430556007018
"45467","20074.16",45467,80240329,0.247137429517744
"45468","20074.16",45468,80241951,0.470432493352038
"45469","20074.16",45469,80243012,-0.502833924649153
"45470","20074.16",45470,80243096,-0.880186200830602
"45471","20074.16",45471,80243914,0.598719916798365
"45472","20074.16",45472,80244120,-0.96882698895386
"45473","20074.16",45473,80244791,-0.294015881632868
"45474","20074.16",45474,80245950,0.118029772213766
"45475","20074.16",45475,80246388,0.243617792223701
"45476","20074.16",45476,80246643,0.246307635001309
"45477","20074.16",45477,80246910,0.0578632393762399
"45478","20074.16",45478,80247063,-0.0266798306039542
"45479","20074.16",45479,80247887,0.0874176978458978
"45480","20074.16",45480,80248426,-0.499470537052833
"45481","20074.16",45481,80250054,0.258390356874897
"45482","20074.16",45482,80250971,-0.56780291521322
"45483","20074.16",45483,80251050,-0.57849450167044
"45484","20074.16",45484,80251207,-0.0507410795583869
"45485","20074.16",45485,80251265,0.207610045171161
"45486","20074.16",45486,80251471,-0.291515075547133
"45487","20074.16",45487,80251553,-0.0744286022765142
"45488","20074.16",45488,80251756,-0.481079835919436
"45489","20074.16",45489,80252459,-0.0496993688607112
"45490","20074.16",45490,80252504,0.595079729012276
"45491","20074.16",45491,80252538,0.489958070758585
"45492","20074.16",45492,80252871,0.697219428293384
"45493","20074.16",45493,80252937,0.347338853166254
"45494","20074.16",45494,80253077,0.322374798094892
"45495","20074.16",45495,80253474,-0.463307236746082
"45496","20074.16",45496,80260065,-0.217398041499007
"45497","20074.16",45497,80260420,0.805354263199992
"45498","20074.16",45498,80260528,0.312500638137931
"45499","20074.16",45499,80260741,-0.215066277721737
"45500","20074.16",45500,80263700,0.639522465517202
"45501","20074.16",45501,80265765,0.218305724756827
"45502","20074.16",45502,80265836,-0.111409927827038
"45503","20074.16",45503,80268320,-0.397223888698967
"45504","20074.16",45504,80269307,0.101807645303127
"45505","20074.16",45505,80269473,1.23164969203114
"45506","20074.16",45506,80270067,0.0999073910096726
"45507","20074.16",45507,80270313,0.745608428824675
"45508","20074.16",45508,80270372,-0.687907974429504
"45509","20074.16",45509,80273498,-0.129471033182705
"45510","20074.16",45510,80280381,-0.72292052430967
"45511","20074.16",45511,80281909,-0.145908422938905
"45512","20074.16",45512,80284557,0.330056318692987
"45513","20074.16",45513,80284607,-0.180921885480986
"45514","20074.16",45514,80284648,-0.0351764374524546
"45515","20074.16",45515,80285422,0.0755323231786855
"45516","20074.16",45516,80286369,-0.35411160914814
"45517","20074.16",45517,80287180,-0.272899269954565
"45518","20074.16",45518,80287253,-0.270857538844594
"45519","20074.16",45519,80289541,0.943135265502165
"45520","20074.16",45520,80289922,0.308185260163662
"45521","20074.16",45521,80292353,0.249065018791238
"45522","20074.16",45522,80292785,-0.506765636911308
"45523","20074.16",45523,80293145,1.08188740773435
"45524","20074.16",45524,80293403,-0.877982998267658
"45525","20074.16",45525,80295361,-0.929525210540716
"45526","20074.16",45526,80295457,0.126812673416779
"45527","20074.16",45527,80295470,-0.040131075973842
"45528","20074.16",45528,80298806,-0.341767666051947
"45529","20074.16",45529,80299843,-0.203697726846918
"45530","20074.16",45530,80300001,0.128871277343001
"45531","20074.16",45531,80300275,0.911454329715094
"45532","20074.16",45532,80303534,-1.32221526415696
"45533","20074.16",45533,80305551,1.17573060989076
"45534","20074.16",45534,80306615,0.857217443947648
"45535","20074.16",45535,80307756,-0.789377133569166
"45536","20074.16",45536,80308484,-0.0765436466561162
"45537","20074.16",45537,80308732,0.0714119922729823
"45538","20074.16",45538,80310039,-0.157296158219265
"45539","20074.16",45539,80310722,-0.370091771808726
"45540","20074.16",45540,80311640,0.451997459084253
"45541","20074.16",45541,80312994,-1.18715918666915
"45542","20074.16",45542,80313104,1.18826555880349
"45543","20074.16",45543,80313324,0.81782137764257
"45544","20074.16",45544,80313571,0.461341456488534
"45545","20074.16",45545,80313843,0.0102331854085866
"45546","20074.16",45546,80319144,-0.0332274769457506
"45547","20074.16",45547,80321018,0.00573865380571892
"45548","20074.16",45548,80321673,-1.61804894326475
"45549","20074.16",45549,80323378,1.06020375839973
"45550","20074.16",45550,80324802,0.406277264827115
"45551","20074.16",45551,80325269,0.524252039320875
"45552","20074.16",45552,80325479,-0.203151939801668
"45553","20074.16",45553,80325546,-0.07956934005652
"45554","20074.16",45554,80329462,0.953565852926482
"45555","20074.16",45555,80329566,0.5108399355423
"45556","20074.16",45556,80331111,0.110152610291714
"45557","20074.16",45557,80332274,0.544247907279916
"45558","20074.16",45558,80332490,0.325891684155692
"45559","20074.16",45559,80332566,0.733448039106809
"45560","20074.16",45560,80332606,0.890919111669802
"45561","20074.16",45561,80332941,0.66516004284204
"45562","20074.16",45562,80333009,-0.454084628785356
"45563","20074.16",45563,80333233,0.832498628455657
"45564","20074.16",45564,80333260,0.81199218862002
"45565","20074.16",45565,80333315,0.60108810024875
"45566","20074.16",45566,80333542,-0.139640247575286
"45567","20074.16",45567,80333590,-0.303851591781934
"45568","20074.16",45568,80334010,1.2720596121666
"45569","20074.16",45569,80334160,0.199629981107251
"45570","20074.16",45570,80334207,0.584891585915959
"45571","20074.16",45571,80334659,-0.640071720658437
"45572","20074.16",45572,80334928,0.662499501611014
"45573","20074.16",45573,80335253,0.569873696215937
"45574","20074.16",45574,80335572,0.509709537102562
"45575","20074.16",45575,80335637,-0.204065555411336
"45576","20074.16",45576,80335933,0.311589777213935
"45577","20074.16",45577,80336020,-1.15111952141428
"45578","20074.16",45578,80336716,0.355155651030567
"45579","20074.16",45579,80337633,0.225501579980009
"45580","20074.16",45580,80337904,0.0835727413539677
"45581","20074.16",45581,80338117,0.032651167918698
"45582","20074.16",45582,80338187,-0.545723923545137
"45583","20074.16",45583,80338398,0.481857794917041
"45584","20074.16",45584,80339245,-0.00984950806720963
"45585","20074.16",45585,80339304,-0.099194289643762
"45586","20074.16",45586,80339728,-0.5404787293108
"45587","20074.16",45587,80339885,0.248476631732648
"45588","20074.16",45588,80339911,0.359833639468989
"45589","20074.16",45589,80340494,-0.920680333498713
"45590","20074.16",45590,80340553,0.437591642070186
"45591","20074.16",45591,80340733,0.315168252242217
"45592","20074.16",45592,80341115,-0.0243925052516882
"45593","20074.16",45593,80346925,0.15408705996556
"45594","20074.16",45594,80348231,0.108936311510509
"45595","20074.16",45595,80348290,0.276958771949423
"45596","20074.16",45596,80348392,0.331200298186116
"45597","20074.16",45597,80348800,0.350861412801904
"45598","20074.16",45598,80349539,0.0676056443081228
"45599","20074.16",45599,80349645,0.0409840779273871
"45600","20074.16",45600,80350637,0.279639714307796
"45601","20074.16",45601,80352195,0.756415890746815
"45602","20074.16",45602,80352274,0.334148720359871
"45603","20074.16",45603,80352559,0.126191856333336
"45604","20074.16",45604,80352628,-0.508748347659077
"45605","20074.16",45605,80353026,0.0265170011453071
"45606","20074.16",45606,80353515,-0.0100622806041235
"45607","20074.16",45607,80353828,0.466029705166009
"45608","20074.16",45608,80355368,0.0826171974482772
"45609","20074.16",45609,80355829,0.0139874754294516
"45610","20074.16",45610,80355863,0.411324573624396
"45611","20074.16",45611,80357453,-0.33091368133522
"45612","20074.16",45612,80357658,0.0366827102136176
"45613","20074.16",45613,80357860,-1.09107892322656
"45614","20074.16",45614,80357872,-0.222776172420994
"45615","20074.16",45615,80358012,0.381046293685743
"45616","20074.16",45616,80358157,0.0792555467740188
"45617","20074.16",45617,80360226,0.000660724044394101
"45618","20074.16",45618,80360476,0.0603750419813824
"45619","20074.16",45619,80362303,0.15925658333167
"45620","20074.16",45620,80362446,-0.218879383724977
"45621","20074.16",45621,80362480,0.461604944016885
"45622","20074.16",45622,80362510,0.523117781163267
"45623","20074.16",45623,80362578,0.157598598069999
"45624","20074.16",45624,80362669,0.71285620262308
"45625","20074.16",45625,80362696,0.00141068007832956
"45626","20074.16",45626,80363138,0.532867265506789
"45627","20074.16",45627,80363177,-0.362962078874043
"45628","20074.16",45628,80363229,-0.431211720645286
"45629","20074.16",45629,80364202,-0.372297800718555
"45630","20074.16",45630,80364267,1.06645145173066
"45631","20074.16",45631,80364611,1.12651693429866
"45632","20074.16",45632,80364944,0.314986170437256
"45633","20074.16",45633,80365265,-0.984513626919626
"45634","20074.16",45634,80365305,-0.0455915612859004
"45635","20074.16",45635,80365687,0.505549749968433
"45636","20074.16",45636,80366675,-0.0618738484752779
"45637","20074.16",45637,80367005,-0.85012493349486
"45638","20074.16",45638,80367434,0.63059375043298
"45639","20074.16",45639,80367948,-0.247760457807196
"45640","20074.16",45640,80369086,-0.117729292836407
"45641","20074.16",45641,80369269,0.167719643346363
"45642","20074.16",45642,80369307,0.629845547177077
"45643","20074.16",45643,80369447,-0.656788194674016
"45644","20074.16",45644,80372315,-0.531279397314555
"45645","20074.16",45645,80373577,-0.0341210300629475
"45646","20074.16",45646,80374311,-0.543670944137062
"45647","20074.16",45647,80374473,-0.85345619004369
"45648","20074.16",45648,80374760,-0.0391864472087793
"45649","20074.16",45649,80375633,-0.184336881556978
"45650","20074.16",45650,80376022,-0.334089511114354
"45651","20074.16",45651,80376255,0.346209150920601
"45652","20074.16",45652,80378204,0.242068837157048
"45653","20074.16",45653,80378437,-0.704835685668775
"45654","20074.16",45654,80378688,-1.24039916270092
"45655","20074.16",45655,80382039,0.050718382552807
"45656","20074.16",45656,80382626,0.107939401358808
"45657","20074.16",45657,80383827,0.773646308553578
"45658","20074.16",45658,80384024,0.0668572175043396
"45659","20074.16",45659,80384203,-0.867076506180844
"45660","20074.16",45660,80386130,-0.280982535845423
"45661","20074.16",45661,80386240,0.125537438632068
"45662","20074.16",45662,80386315,-0.37083418352807
"45663","20074.16",45663,80386450,-0.589178720648349
"45664","20074.16",45664,80387490,-0.0160245698579233
"45665","20074.16",45665,80387556,-0.487909650763982
"45666","20074.16",45666,80387671,-0.285751094289841
"45667","20074.16",45667,80388553,0.120095991085891
"45668","20074.16",45668,80390908,0.747824477279232
"45669","20074.16",45669,80391039,0.108885538051906
"45670","20074.16",45670,80391308,-1.73537631217476
"45671","20074.16",45671,80392158,-0.263257682836547
"45672","20074.16",45672,80392899,-0.239660817362378
"45673","20074.16",45673,80393168,0.250160168404968
"45674","20074.16",45674,80393378,0.0595997013910319
"45675","20074.16",45675,80393462,0.517733500440612
"45676","20074.16",45676,80393672,0.216710980006128
"45677","20074.16",45677,80398722,-0.563363005836822
"45678","20074.16",45678,80399555,0.245251222493763
"45679","20074.16",45679,80399660,0.418038507334814
"45680","20074.16",45680,80399712,0.213105422282596
"45681","20074.16",45681,80400254,-0.330219262158983
"45682","20074.16",45682,80403296,-0.75279946670742
"45683","20074.16",45683,80405010,-0.281831124687528
"45684","20074.16",45684,80408261,-0.0983379125836414
"45685","20074.16",45685,80408740,-0.185669765090747
"45686","20074.16",45686,80409383,0.340526837146371
"45687","20074.16",45687,80409835,0.10644775527111
"45688","20074.16",45688,80409855,-0.595961215922404
"45689","20074.16",45689,80413294,0.436562104575684
"45690","20074.16",45690,80414041,0.304710117731333
"45691","20074.16",45691,80414937,-0.387926244693653
"45692","20074.16",45692,80415330,-0.252676832560988
"45693","20074.16",45693,80415759,0.511988146571546
"45694","20074.16",45694,80415871,-0.106053226916976
"45695","20074.16",45695,80415890,1.20116471913324
"45696","20074.16",45696,80416090,0.54534467808953
"45697","20074.16",45697,80419538,0.709675233811697
"45698","20074.16",45698,80420917,0.0524030679481111
"45699","20074.16",45699,80420941,-0.639264847885154
"45700","20074.16",45700,80423384,-0.394553110998885
"45701","20074.16",45701,80423415,0.848040711507049
"45702","20074.16",45702,80423723,-0.0102038809326244
"45703","20074.16",45703,80424178,0.145599434822491
"45704","20074.16",45704,80424384,-0.402469825254012
"45705","20074.16",45705,80424675,-0.258227838802067
"45706","20074.16",45706,80424905,-0.0472490786682389
"45707","20074.16",45707,80425593,0.562986202163372
"45708","20074.16",45708,80425703,0.262253897685903
"45709","20074.16",45709,80425832,0.205397513815288
"45710","20074.16",45710,80426460,-0.668817933593128
"45711","20074.16",45711,80426861,0.592778286390421
"45712","20074.16",45712,80427047,0.324977458118531
"45713","20074.16",45713,80429926,0.141067470132508
"45714","20074.16",45714,80430732,-0.467745109727295
"45715","20074.16",45715,80432466,-0.610254412708969
"45716","20074.16",45716,80433265,1.02620183793613
"45717","20074.16",45717,80434491,0.292336163432274
"45718","20074.16",45718,80434932,0.79696515149899
"45719","20074.16",45719,80435121,0.074578651666437
"45720","20074.16",45720,80436449,0.571568583330591
"45721","20074.16",45721,80437222,-0.625215203079279
"45722","20074.16",45722,80437874,-0.54914891128333
"45723","20074.16",45723,80445078,-0.49558647989396
"45724","20074.16",45724,80448289,0.333545973077569
"45725","20074.16",45725,80448879,0.168869862442182
"45726","20074.16",45726,80449083,-0.933326582149647
"45727","20074.16",45727,80449240,-0.662207089189115
"45728","20074.16",45728,80449240,-0.361982447134258
"45729","20074.16",45729,80452002,-0.594768277741808
"45730","20074.16",45730,80454452,-0.480502049601082
"45731","20074.16",45731,80455596,0.84495921873287
"45732","20074.16",45732,80456274,0.336527569800402
"45733","20074.16",45733,80456403,1.09471153510527
"45734","20074.16",45734,80456499,-0.0351293387491527
"45735","20074.16",45735,80456610,-0.792106648778288
"45736","20074.16",45736,80456684,0.918403036771289
"45737","20074.16",45737,80456733,0.00524821045591572
"45738","20074.16",45738,80457546,0.0175745238619438
"45739","20074.16",45739,80458518,-0.404791284970947
"45740","20074.16",45740,80458913,-1.21694585019074
"45741","20074.16",45741,80459551,-0.584973584761773
"45742","20074.16",45742,80459551,0.126998531295082
"45743","20074.16",45743,80462352,1.0866707954136
"45744","20074.16",45744,80462603,0.532445025085756
"45745","20074.16",45745,80462765,0.567189651996713
"45746","20074.16",45746,80462960,0.10328489118211
"45747","20074.16",45747,80464142,0.123317143198025
"45748","20074.16",45748,80465139,0.212953775242774
"45749","20074.16",45749,80465748,-0.220813446829386
"45750","20074.16",45750,80466601,0.253918857552283
"45751","20074.16",45751,80467592,-0.0346990963974942
"45752","20074.16",45752,80468144,0.0264372074180788
"45753","20074.16",45753,80468449,0.678555888794077
"45754","20074.16",45754,80469207,0.420667849333474
"45755","20074.16",45755,80469470,0.922715704337628
"45756","20074.16",45756,80472107,0.652852334165286
"45757","20074.16",45757,80472545,-0.136547285918897
"45758","20074.16",45758,80472562,0.97149032860611
"45759","20074.16",45759,80473018,0.475167617421605
"45760","20074.16",45760,80473066,-0.00639392297578834
"45761","20074.16",45761,80474518,-0.540422581071224
"45762","20074.16",45762,80475503,-1.26031922874841
"45763","20074.16",45763,80475693,0.258576940835856
"45764","20074.16",45764,80475990,0.622353231941196
"45765","20074.16",45765,80476612,0.675321328108583
"45766","20074.16",45766,80477936,-0.210664907503942
"45767","20074.16",45767,80478279,-0.0114014489344232
"45768","20074.16",45768,80481277,0.635610459119898
"45769","20074.16",45769,80483575,0.369580950139794
"45770","20074.16",45770,80484204,-0.152765205253649
"45771","20074.16",45771,80484811,0.7359460573078
"45772","20074.16",45772,80485837,0.0779948175284666
"45773","20074.16",45773,80486041,0.27159641290124
"45774","20074.16",45774,80486522,0.0459841508902326
"45775","20074.16",45775,80488930,0.0608316735541319
"45776","20074.16",45776,80489564,-0.331300913821973
"45777","20074.16",45777,80489718,0.303856850528081
"45778","20074.16",45778,80491318,0.198511717956918
"45779","20074.16",45779,80491887,-0.0153902039563913
"45780","20074.16",45780,80492632,0.430304269462908
"45781","20074.16",45781,80492678,-0.21569488868067
"45782","20074.16",45782,80492825,0.561241959345494
"45783","20074.16",45783,80494246,-0.314649036797451
"45784","20074.16",45784,80494374,0.0333185498579232
"45785","20074.16",45785,80496407,0.168855545607714
"45786","20074.16",45786,80497460,0.185353966081072
"45787","20074.16",45787,80497601,0.697157342759486
"45788","20074.16",45788,80497702,0.676275287330246
"45789","20074.16",45789,80498094,0.134064892937728
"45790","20074.16",45790,80498420,0.925093116896211
"45791","20074.16",45791,80498910,0.765432599996704
"45792","20074.16",45792,80499208,0.0469394812721449
"45793","20074.16",45793,80499240,-0.193991365757122
"45794","20074.16",45794,80501111,-0.78352282853818
"45795","20074.16",45795,80501281,0.311365262859739
"45796","20074.16",45796,80501800,0.405312043546545
"45797","20074.16",45797,80502027,0.74718058784955
"45798","20074.16",45798,80502160,-0.55663945903633
"45799","20074.16",45799,80502550,-0.256817517339088
"45800","20074.16",45800,80502786,0.0642825119651498
"45801","20074.16",45801,80503223,-0.4922607511313
"45802","20074.16",45802,80509505,-0.304313800097846
"45803","20074.16",45803,80509983,0.695761825562657
"45804","20074.16",45804,80510289,-0.183125958474703
"45805","20074.16",45805,80510364,-0.443756638495161
"45806","20074.16",45806,80511649,-0.360837222987627
"45807","20074.16",45807,80511907,-1.37805856202746
"45808","20074.16",45808,80513030,0.621603077643013
"45809","20074.16",45809,80513546,0.103914278024219
"45810","20074.16",45810,80513762,-0.463098186483863
"45811","20074.16",45811,80518496,0.858814221455712
"45812","20074.16",45812,80519879,0.275908862253046
"45813","20074.16",45813,80520489,-0.516561485299557
"45814","20074.16",45814,80523964,0.615180921688906
"45815","20074.16",45815,80524625,0.12212749287458
"45816","20074.16",45816,80525369,0.362293416788162
"45817","20074.16",45817,80525710,0.293336465670712
"45818","20074.16",45818,80526470,1.02270834669051
"45819","20074.16",45819,80528213,0.038948889773315
"45820","20074.16",45820,80529235,-0.4949623603443
"45821","20074.16",45821,80532459,-0.0450421368408573
"45822","20074.16",45822,80532726,-0.467324921353243
"45823","20074.16",45823,80533636,-0.40974703288127
"45824","20074.16",45824,80534580,-0.187559651015402
"45825","20074.16",45825,80535215,0.0596939871169955
"45826","20074.16",45826,80535458,0.412764275823975
"45827","20074.16",45827,80538285,-0.449064466847607
"45828","20074.16",45828,80541895,-0.846539999486417
"45829","20074.16",45829,80543688,0.299436171487865
"45830","20074.16",45830,80544187,-0.0987837064533696
"45831","20074.16",45831,80546183,0.582701260633784
"45832","20074.16",45832,80546497,1.32535887221875
"45833","20074.16",45833,80546571,-0.914827589147178
"45834","20074.16",45834,80549258,-0.0418511029818678
"45835","20074.16",45835,80550687,0.794437148418901
"45836","20074.16",45836,80551145,-0.279493250668757
"45837","20074.16",45837,80552678,0.0912582940264342
"45838","20074.16",45838,80553742,0.135956888908177
"45839","20074.16",45839,80553903,0.0477403276237203
"45840","20074.16",45840,80554948,1.01083161242305
"45841","20074.16",45841,80555032,0.264240946333373
"45842","20074.16",45842,80555160,-0.0660314405544353
"45843","20074.16",45843,80555993,0.00561706326544886
"45844","20074.16",45844,80561703,-0.132912411273201
"45845","20074.16",45845,80561781,-0.898749120462297
"45846","20074.16",45846,80562975,-0.941037506486632
"45847","20074.16",45847,80567536,-0.0609060155621401
"45848","20074.16",45848,80570241,0.182505675768747
"45849","20074.16",45849,80570316,0.293621887077934
"45850","20074.16",45850,80571101,0.10169372179034
"45851","20074.16",45851,80572538,0.352308924150251
"45852","20074.16",45852,80572818,-0.606694672340655
"45853","20074.16",45853,80572964,0.643884389632833
"45854","20074.16",45854,80573024,0.443073926331372
"45855","20074.16",45855,80573211,0.441626036986215
"45856","20074.16",45856,80573225,0.582077427141365
"45857","20074.16",45857,80573244,-0.35490739432255
"45858","20074.16",45858,80573300,0.293501965887056
"45859","20074.16",45859,80574886,0.172187026440985
"45860","20074.16",45860,80579062,-0.20678060050184
"45861","20074.16",45861,80579098,-0.165257434092251
"45862","20074.16",45862,80580879,0.653673338848788
"45863","20074.16",45863,80581314,-0.306972561295216
"45864","20074.16",45864,80581547,0.543045481017294
"45865","20074.16",45865,80581580,0.625184073534579
"45866","20074.16",45866,80581631,0.656207966920193
"45867","20074.16",45867,80584127,0.220429529766657
"45868","20074.16",45868,80585079,1.15753311716645
"45869","20074.16",45869,80586554,-0.311498108125316
"45870","20074.16",45870,80586588,0.714108448612932
"45871","20074.16",45871,80586664,-0.0138647073575973
"45872","20074.16",45872,80586720,0.868964184522892
"45873","20074.16",45873,80591370,0.0243617076001241
"45874","20074.16",45874,80591385,0.14686096907301
"45875","20074.16",45875,80593053,-0.209131519333781
"45876","20074.16",45876,80593230,-0.162990832521409
"45877","20074.16",45877,80593426,-0.82756607892022
"45878","20074.16",45878,80595177,0.0255599715560999
"45879","20074.16",45879,80595343,0.737466157371377
"45880","20074.16",45880,80595502,0.64241344521636
"45881","20074.16",45881,80596018,0.718573858249708
"45882","20074.16",45882,80596945,0.500426445544174
"45883","20074.16",45883,80597066,0.168510869968206
"45884","20074.16",45884,80605435,0.499686306154332
"45885","20074.16",45885,80605482,-0.385930043049199
"45886","20074.16",45886,80606531,0.106814764869884
"45887","20074.16",45887,80606982,-0.555473666693469
"45888","20074.16",45888,80607434,-0.62203883426155
"45889","20074.16",45889,80608680,0.316302121042299
"45890","20074.16",45890,80612059,0.144044259484997
"45891","20074.16",45891,80614415,-0.182724744594847
"45892","20074.16",45892,80614469,0.112940281847392
"45893","20074.16",45893,80614791,-0.846814894198546
"45894","20074.16",45894,80614820,0.934348023377459
"45895","20074.16",45895,80615403,0.00266327594171489
"45896","20074.16",45896,80617057,-0.0123773267368881
"45897","20074.16",45897,80617473,-0.0536652145781638
"45898","20074.16",45898,80617581,0.526501849140625
"45899","20074.16",45899,80617613,1.33626288326801
"45900","20074.16",45900,80617693,0.467150331913081
"45901","20074.16",45901,80617867,-0.798402744152884
"45902","20074.16",45902,80618290,-0.434857466207839
"45903","20074.16",45903,80621442,-0.0231246668566527
"45904","20074.16",45904,80622675,-0.176200108212127
"45905","20074.16",45905,80622841,0.393747515571309
"45906","20074.16",45906,80623032,0.209943857390233
"45907","20074.16",45907,80623262,0.344217248261026
"45908","20074.16",45908,80623306,0.642258913361657
"45909","20074.16",45909,80624804,0.412707420424872
"45910","20074.16",45910,80627249,-0.664082251281487
"45911","20074.16",45911,80627261,0.224547111097261
"45912","20074.16",45912,80631421,0.964959809470703
"45913","20074.16",45913,80632290,0.511564188889712
"45914","20074.16",45914,80632611,0.132974917973958
"45915","20074.16",45915,80636184,-1.51688777018873
"45916","20074.16",45916,80640278,-0.0330027460712801
"45917","20074.16",45917,80640444,0.278653302404334
"45918","20074.16",45918,80643331,-0.290819777038783
"45919","20074.16",45919,80643957,-0.372901614930079
"45920","20074.16",45920,80644373,0.195373420330748
"45921","20074.16",45921,80644692,0.34175165214107
"45922","20074.16",45922,80645000,0.0469883257708048
"45923","20074.16",45923,80645169,0.624015364893958
"45924","20074.16",45924,80645301,0.0871017721437983
"45925","20074.16",45925,80645414,-0.24700827663234
"45926","20074.16",45926,80646592,0.117316035268169
"45927","20074.16",45927,80647065,-0.27409112195983
"45928","20074.16",45928,80647354,-0.953254689159386
"45929","20074.16",45929,80647384,0.445110007850324
"45930","20074.16",45930,80647399,0.401920428924952
"45931","20074.16",45931,80647550,0.321700904633043
"45932","20074.16",45932,80648089,0.138833340653127
"45933","20074.16",45933,80650768,0.385641431198407
"45934","20074.16",45934,80650805,0.277252982836996
"45935","20074.16",45935,80651109,0.760463428801233
"45936","20074.16",45936,80651726,0.327139285769612
"45937","20074.16",45937,80652111,-0.058344815197918
"45938","20074.16",45938,80652246,-0.200643270430207
"45939","20074.16",45939,80655559,0.235732584479753
"45940","20074.16",45940,80655883,-0.113699359927091
"45941","20074.16",45941,80656015,0.0680991924362004
"45942","20074.16",45942,80656966,0.308020823239041
"45943","20074.16",45943,80657421,-0.363223283791398
"45944","20074.16",45944,80657544,1.32707452488946
"45945","20074.16",45945,80657704,-0.972859198391348
"45946","20074.16",45946,80657754,0.173070794482233
"45947","20074.16",45947,80657772,0.396871791513219
"45948","20074.16",45948,80660292,-0.352535238749517
"45949","20074.16",45949,80662881,0.383499721235052
"45950","20074.16",45950,80663046,0.753042359940355
"45951","20074.16",45951,80663105,-0.1734036553481
"45952","20074.16",45952,80663665,0.370352986735047
"45953","20074.16",45953,80665794,-1.31946737509222
"45954","20074.16",45954,80666221,0.695532436202003
"45955","20074.16",45955,80666389,0.123334014187026
"45956","20074.16",45956,80666779,0.349321964450019
"45957","20074.16",45957,80672430,0.166622786217255
"45958","20074.16",45958,80672704,0.241872341951091
"45959","20074.16",45959,80675135,0.0793351005895646
"45960","20074.16",45960,80675855,-0.480146580329935
"45961","20074.16",45961,80687511,-0.246646167258785
"45962","20074.16",45962,80687642,-0.151101619786224
"45963","20074.16",45963,80688221,-0.620775236791341
"45964","20074.16",45964,80690134,0.238829990518135
"45965","20074.16",45965,80690171,-0.000404759668265697
"45966","20074.16",45966,80690432,-0.443229942560535
"45967","20074.16",45967,80692381,-0.624226759178993
"45968","20074.16",45968,80694253,0.0152474278472052
"45969","20074.16",45969,80694691,0.231746307263721
"45970","20074.16",45970,80697149,-0.377968585172032
"45971","20074.16",45971,80697219,-0.469341130200212
"45972","20074.16",45972,80697917,0.30949195018582
"45973","20074.16",45973,80698583,-0.724330681405474
"45974","20074.16",45974,80698723,0.558668574291471
"45975","20074.16",45975,80698866,0.721476349519514
"45976","20074.16",45976,80698896,0.553768845273521
"45977","20074.16",45977,80700322,0.27364950546704
"45978","20074.16",45978,80700907,0.533394251900327
"45979","20074.16",45979,80701019,-0.299284760178794
"45980","20074.16",45980,80707391,0.283903193566805
"45981","20074.16",45981,80707848,-0.328987833719019
"45982","20074.16",45982,80713459,0.0864547403579081
"45983","20074.16",45983,80714034,0.205802940066852
"45984","20074.16",45984,80715515,-0.753608501462149
"45985","20074.16",45985,80716250,0.540891121245143
"45986","20074.16",45986,80717459,0.411524422842603
"45987","20074.16",45987,80719021,-0.0580542316395132
"45988","20074.16",45988,80719086,0.275951987900858
"45989","20074.16",45989,80719574,0.284190773496916
"45990","20074.16",45990,80719766,0.756453363781014
"45991","20074.16",45991,80719871,-0.241312049350149
"45992","20074.16",45992,80720000,-0.568261347354719
"45993","20074.16",45993,80721638,0.0874015400851205
"45994","20074.16",45994,80722556,0.429045175960462
"45995","20074.16",45995,80723128,-0.474723254805685
"45996","20074.16",45996,80724138,0.408189389396722
"45997","20074.16",45997,80728837,-0.0555228372748138
"45998","20074.16",45998,80728979,-0.218802806769071
"45999","20074.16",45999,80737969,-0.657202388575144
"46000","20074.16",46000,80738305,-0.0766841019375084
"46001","20074.16",46001,80738462,-0.298943003612957
"46002","20074.16",46002,80738951,-0.065774820308234
"46003","20074.16",46003,80743388,0.693154972647329
"46004","20074.16",46004,80743431,0.362847127678354
"46005","20074.16",46005,80744248,0.399175468876206
"46006","20074.16",46006,80744518,-0.176871195091356
"46007","20074.16",46007,80744950,0.629360791928204
"46008","20074.16",46008,80745775,-0.228962920905561
"46009","20074.16",46009,80747013,-0.696429692001742
"46010","20074.16",46010,80747194,-0.593834821813816
"46011","20074.16",46011,80747410,-0.784758704599852
"46012","20074.16",46012,80747757,-0.0343366445083957
"46013","20074.16",46013,80748049,0.791800536514233
"46014","20074.16",46014,80748822,0.334845224864819
"46015","20074.16",46015,80748868,0.32601277614422
"46016","20074.16",46016,80749207,-0.93340399936796
"46017","20074.16",46017,80749260,0.0956475264466263
"46018","20074.16",46018,80749986,-0.168596925803503
"46019","20074.16",46019,80754256,-0.139474712798908
"46020","20074.16",46020,80754387,0.268428741464171
"46021","20074.16",46021,80755113,0.235823549929321
"46022","20074.16",46022,80755317,0.208879866051811
"46023","20074.16",46023,80756615,-0.411274825693986
"46024","20074.16",46024,80756736,-0.047737375799711
"46025","20074.16",46025,80758756,-0.849656777600487
"46026","20074.16",46026,80759224,0.119076567878803
"46027","20074.16",46027,80759347,0.328440365127771
"46028","20074.16",46028,80759656,-0.665029953229308
"46029","20074.16",46029,80759660,0.250040938380752
"46030","20074.16",46030,80760125,0.338795350582726
"46031","20074.16",46031,80768727,0.780981310355185
"46032","20074.16",46032,80769108,-0.168026268125902
"46033","20074.16",46033,80769257,-1.19273388446834
"46034","20074.16",46034,80769567,-0.109684553997495
"46035","20074.16",46035,80770070,0.566745833237255
"46036","20074.16",46036,80770289,0.93243622331625
"46037","20074.16",46037,80771100,0.222022771324937
"46038","20074.16",46038,80772588,-0.0184795107588327
"46039","20074.16",46039,80773425,-0.254115342330551
"46040","20074.16",46040,80774963,-1.05813118673355
"46041","20074.16",46041,80775294,-0.233182100836962
"46042","20074.16",46042,80775670,0.326562236712191
"46043","20074.16",46043,80775682,-0.563901571893555
"46044","20074.16",46044,80777294,0.314923630587363
"46045","20074.16",46045,80778305,0.501620668629383
"46046","20074.16",46046,80778707,0.515033510728204
"46047","20074.16",46047,80779076,-0.804569947423152
"46048","20074.16",46048,80779181,-0.0807113845909466
"46049","20074.16",46049,80779197,0.321535858372356
"46050","20074.16",46050,80779331,0.0568969155565471
"46051","20074.16",46051,80779563,-0.0517009181340145
"46052","20074.16",46052,80781352,-0.468740814422645
"46053","20074.16",46053,80783809,-0.717480098974146
"46054","20074.16",46054,80785448,-0.421187603509172
"46055","20074.16",46055,80785794,-0.726762141157439
"46056","20074.16",46056,80787134,-1.1260282099664
"46057","20074.16",46057,80787709,-0.391444939863861
"46058","20074.16",46058,80788252,-0.21947498164468
"46059","20074.16",46059,80788309,0.293052204960646
"46060","20074.16",46060,80788323,0.858290769948264
"46061","20074.16",46061,80788568,0.022828866398438
"46062","20074.16",46062,80789386,-0.450371990239378
"46063","20074.16",46063,80789562,0.284728815604654
"46064","20074.16",46064,80796114,-0.443166095291693
"46065","20074.16",46065,80796394,0.963864907902535
"46066","20074.16",46066,80799874,0.416697582456163
"46067","20074.16",46067,80800061,0.192431632922951
"46068","20074.16",46068,80802048,-0.253877721791159
"46069","20074.16",46069,80803117,0.347540354533103
"46070","20074.16",46070,80803351,-0.173797945645791
"46071","20074.16",46071,80803581,0.184871811135435
"46072","20074.16",46072,80807277,-0.00589198271529945
"46073","20074.16",46073,80807663,-0.103768282809323
"46074","20074.16",46074,80811361,-0.555207462853859
"46075","20074.16",46075,80813166,0.434563381464161
"46076","20074.16",46076,80813696,-0.399199888310876
"46077","20074.16",46077,80813732,0.0722104468114138
"46078","20074.16",46078,80813929,0.443717037411708
"46079","20074.16",46079,80815496,-0.440112310273342
"46080","20074.16",46080,80817376,-0.108470266455496
"46081","20074.16",46081,80817658,0.298113731469345
"46082","20074.16",46082,80817813,0.451638884180167
"46083","20074.16",46083,80818369,0.604585587822119
"46084","20074.16",46084,80818535,-0.197798325858614
"46085","20074.16",46085,80818676,0.563998083672179
"46086","20074.16",46086,80818972,-0.597921093177341
"46087","20074.16",46087,80821423,0.328528318310172
"46088","20074.16",46088,80821443,0.072645309078327
"46089","20074.16",46089,80821565,0.187442580716135
"46090","20074.16",46090,80821706,-0.386093539976867
"46091","20074.16",46091,80822580,0.302639814767256
"46092","20074.16",46092,80822749,-0.489888041855188
"46093","20074.16",46093,80823575,-0.00697255799274021
"46094","20074.16",46094,80825806,0.373343453503909
"46095","20074.16",46095,80826287,-1.26572350680946
"46096","20074.16",46096,80826821,0.0261665099737591
"46097","20074.16",46097,80830380,0.368173902642815
"46098","20074.16",46098,80830813,0.883132347836665
"46099","20074.16",46099,80831227,-0.20261889456791
"46100","20074.16",46100,80833316,-0.909072906240865
"46101","20074.16",46101,80833792,0.462793972548167
"46102","20074.16",46102,80834612,-0.39933864360735
"46103","20074.16",46103,80834741,-0.324078999495147
"46104","20074.16",46104,80839556,-0.735610505932375
"46105","20074.16",46105,80841089,-0.8112924124679
"46106","20074.16",46106,80841509,0.373597322524378
"46107","20074.16",46107,80841914,0.24649381735767
"46108","20074.16",46108,80841931,0.804340362405756
"46109","20074.16",46109,80842330,-0.360965365064288
"46110","20074.16",46110,80843702,0.76089631446099
"46111","20074.16",46111,80845316,-0.228899094855949
"46112","20074.16",46112,80846208,0.688635629798619
"46113","20074.16",46113,80846561,0.295704698524422
"46114","20074.16",46114,80846618,0.145719832308551
"46115","20074.16",46115,80847354,-0.046009393800591
"46116","20074.16",46116,80847562,0.780445938654986
"46117","20074.16",46117,80848398,0.447271466519877
"46118","20074.16",46118,80848512,0.264547836260415
"46119","20074.16",46119,80848641,0.116129978351515
"46120","20074.16",46120,80848720,-0.462944395190691
"46121","20074.16",46121,80849567,0.731875175026665
"46122","20074.16",46122,80849767,0.145003397747903
"46123","20074.16",46123,80849801,-0.18463828810087
"46124","20074.16",46124,80853312,-0.331763196869599
"46125","20074.16",46125,80853334,0.485821513854071
"46126","20074.16",46126,80853868,0.0635702581560897
"46127","20074.16",46127,80855582,-0.244593542789052
"46128","20074.16",46128,80855640,1.13647058180192
"46129","20074.16",46129,80861586,0.0529397704302381
"46130","20074.16",46130,80865237,1.01910374275089
"46131","20074.16",46131,80865349,0.0915081163201465
"46132","20074.16",46132,80865397,0.144761270461829
"46133","20074.16",46133,80866462,0.205852499042374
"46134","20074.16",46134,80867635,0.264543412050739
"46135","20074.16",46135,80867769,0.578788565247396
"46136","20074.16",46136,80871114,0.0849611095836709
"46137","20074.16",46137,80871412,0.230580040309134
"46138","20074.16",46138,80873125,0.608866954469353
"46139","20074.16",46139,80875263,0.174030561188214
"46140","20074.16",46140,80876795,-0.342816409695521
"46141","20074.16",46141,80877219,-0.657904167046987
"46142","20074.16",46142,80880361,0.0586193111679378
"46143","20074.16",46143,80881565,-0.405524436704244
"46144","20074.16",46144,80881763,-0.139387145577266
"46145","20074.16",46145,80884304,-0.323478753925346
"46146","20074.16",46146,80885201,-0.81510888116081
"46147","20074.16",46147,80885581,0.550872930202574
"46148","20074.16",46148,80885609,-0.0189418164631077
"46149","20074.16",46149,80886368,0.41067874491011
"46150","20074.16",46150,80886788,0.33505976528122
"46151","20074.16",46151,80886867,0.196548726653378
"46152","20074.16",46152,80887437,-0.448842855410479
"46153","20074.16",46153,80887986,0.228713638632473
"46154","20074.16",46154,80888000,1.15738536248878
"46155","20074.16",46155,80888025,0.461403956951183
"46156","20074.16",46156,80891331,0.214725419364627
"46157","20074.16",46157,80891746,-0.222147254463388
"46158","20074.16",46158,80891891,0.75167142003536
"46159","20074.16",46159,80892483,0.502708487174107
"46160","20074.16",46160,80892687,0.823320864060967
"46161","20074.16",46161,80892820,-0.144567220650308
"46162","20074.16",46162,80892858,-0.160299937744455
"46163","20074.16",46163,80894719,-1.89672714007485
"46164","20074.16",46164,80896520,-0.61903640873731
"46165","20074.16",46165,80896565,0.930599523089282
"46166","20074.16",46166,80898362,-0.078838206244817
"46167","20074.16",46167,80898374,-0.644733109393872
"46168","20074.16",46168,80900186,0.125108520035404
"46169","20074.16",46169,80902859,0.264952028118123
"46170","20074.16",46170,80904237,-0.779267513088998
"46171","20074.16",46171,80904259,0.202673670899165
"46172","20074.16",46172,80905039,0.202217864551953
"46173","20074.16",46173,80909800,0.461237872615652
"46174","20074.16",46174,80910151,0.385390543762646
"46175","20074.16",46175,80910165,-0.272308557237525
"46176","20074.16",46176,80910193,-0.382424156921628
"46177","20074.16",46177,80910538,-0.269310247430822
"46178","20074.16",46178,80910844,-0.81219175492405
"46179","20074.16",46179,80913387,0.0596495806129314
"46180","20074.16",46180,80913488,0.601061579910369
"46181","20074.16",46181,80913669,0.961825836569674
"46182","20074.16",46182,80916807,-0.0666647219096008
"46183","20074.16",46183,80916855,-0.370357752195631
"46184","20074.16",46184,80920076,-0.00859522581271666
"46185","20074.16",46185,80923769,0.342150564007492
"46186","20074.16",46186,80924253,-0.0653282747749504
"46187","20074.16",46187,80925178,-0.129959273807335
"46188","20074.16",46188,80925263,0.639476807691827
"46189","20074.16",46189,80925387,-0.416174134585262
"46190","20074.16",46190,80925640,-0.543873044243198
"46191","20074.16",46191,80925781,-0.204197883231473
"46192","20074.16",46192,80926328,0.243494834270181
"46193","20074.16",46193,80926866,0.112952104159565
"46194","20074.16",46194,80927013,-0.0760370283971987
"46195","20074.16",46195,80927695,0.472073857265209
"46196","20074.16",46196,80927712,0.467379224310357
"46197","20074.16",46197,80927772,1.70899018181142
"46198","20074.16",46198,80928437,0.3431675058193
"46199","20074.16",46199,80928996,0.481941360712013
"46200","20074.16",46200,80931099,-0.752073869194808
"46201","20074.16",46201,80931194,0.145196983522812
"46202","20074.16",46202,80931210,0.49854068026002
"46203","20074.16",46203,80931305,-1.05613602136002
"46204","20074.16",46204,80932348,0.265962906259223
"46205","20074.16",46205,80933101,-0.557894774069403
"46206","20074.16",46206,80933896,-0.0954753607241372
"46207","20074.16",46207,80934122,0.102280516655945
"46208","20074.16",46208,80935661,-0.0561308445554998
"46209","20074.16",46209,80936391,0.244095558215116
"46210","20074.16",46210,80936527,0.108379194072055
"46211","20074.16",46211,80937443,0.0822490621977643
"46212","20074.16",46212,80938066,-0.752914679276324
"46213","20074.16",46213,80938833,0.154418082971644
"46214","20074.16",46214,80939069,-0.15152740429265
"46215","20074.16",46215,80939690,0.15409617316439
"46216","20074.16",46216,80939848,-0.268552466289156
"46217","20074.16",46217,80941603,0.482030192803033
"46218","20074.16",46218,80942705,0.272453258330805
"46219","20074.16",46219,80943494,-1.32267574353149
"46220","20074.16",46220,80943787,0.816001751526136
"46221","20074.16",46221,80943866,0.570412653829359
"46222","20074.16",46222,80946452,-1.51911504804328
"46223","20074.16",46223,80946733,0.21797273742972
"46224","20074.16",46224,80947627,-1.17392099053192
"46225","20074.16",46225,80947894,-0.380629112086427
"46226","20074.16",46226,80947996,-0.536736092200852
"46227","20074.16",46227,80950325,0.758639376945175
"46228","20074.16",46228,80950525,1.10152214640397
"46229","20074.16",46229,80951145,-0.992221114672659
"46230","20074.16",46230,80952299,0.402955390117502
"46231","20074.16",46231,80952713,0.71317912558302
"46232","20074.16",46232,80952813,0.549866200433848
"46233","20074.16",46233,80953051,0.675248544218536
"46234","20074.16",46234,80953628,-0.00889957014298481
"46235","20074.16",46235,80953788,0.00952729034828081
"46236","20074.16",46236,80953966,-0.0608192569028043
"46237","20074.16",46237,80954889,0.425176390785166
"46238","20074.16",46238,80955393,-0.224240931146828
"46239","20074.16",46239,80957357,-0.540866135449024
"46240","20074.16",46240,80959488,0.340275125507426
"46241","20074.16",46241,80959500,1.38265591864826
"46242","20074.16",46242,80959989,0.194609358918805
"46243","20074.16",46243,80961660,1.00753407588971
"46244","20074.16",46244,80961860,0.686062398589699
"46245","20074.16",46245,80964131,-0.358382542417832
"46246","20074.16",46246,80964406,-0.064240031513334
"46247","20074.16",46247,80965524,0.163540826962699
"46248","20074.16",46248,80967380,0.208099810274926
"46249","20074.16",46249,80967748,0.112795695103685
"46250","20074.16",46250,80972279,0.497111857770142
"46251","20074.16",46251,80972386,-0.702464739785158
"46252","20074.16",46252,80972541,0.314354453505094
"46253","20074.16",46253,80972628,0.11699498363181
"46254","20074.16",46254,80972644,0.219375134057675
"46255","20074.16",46255,80972680,0.729110672208823
"46256","20074.16",46256,80972727,-0.837374967296038
"46257","20074.16",46257,80972780,0.491834775659552
"46258","20074.16",46258,80972996,0.539410631850335
"46259","20074.16",46259,80975540,0.396851407195329
"46260","20074.16",46260,80975648,0.521828929030113
"46261","20074.16",46261,80975932,0.3579219424772
"46262","20074.16",46262,80976015,-1.42020123662604
"46263","20074.16",46263,80976204,0.00235739824517722
"46264","20074.16",46264,80976222,-0.805597413656728
"46265","20074.16",46265,80976362,0.391841655922744
"46266","20074.16",46266,80979433,-0.479388644953117
"46267","20074.16",46267,80980289,0.133918287147179
"46268","20074.16",46268,80980438,0.193223403814677
"46269","20074.16",46269,80980498,0.101047922816618
"46270","20074.16",46270,80986258,-0.938081416770564
"46271","20074.16",46271,80986547,-0.301561990070238
"46272","20074.16",46272,80986601,0.464292691735721
"46273","20074.16",46273,80986980,-0.138165538563
"46274","20074.16",46274,80987036,-0.82799918252067
"46275","20074.16",46275,80988803,0.458754788427053
"46276","20074.16",46276,80988891,-0.0272385168772011
"46277","20074.16",46277,80989021,0.037547903067555
"46278","20074.16",46278,80989140,-0.0328861636568245
"46279","20074.16",46279,80993629,-0.422958208543251
"46280","20074.16",46280,80993734,-0.180919378439333
"46281","20074.16",46281,80996285,-0.67469191169934
"46282","20074.16",46282,80998523,-0.414768510324586
"46283","20074.16",46283,80999926,-0.425051537970023
"46284","20074.16",46284,80999942,-0.624792911535976
"46285","20074.16",46285,81000042,-0.548333601207307
"46286","20074.16",46286,81000133,-0.0969718485543023
"46287","20074.16",46287,81000282,-0.279589018942135
"46288","20074.16",46288,81000572,-0.252028062673158
"46289","20074.16",46289,81000630,1.05847730154074
"46290","20074.16",46290,81002564,0.432322100258729
"46291","20074.16",46291,81004307,0.0272823896948573
"46292","20074.16",46292,81005380,0.755437608379238
"46293","20074.16",46293,81005403,0.735192252985153
"46294","20074.16",46294,81006758,-0.864601580199976
"46295","20074.16",46295,81007533,-1.366933953377
"46296","20074.16",46296,81010343,0.382863935112174
"46297","20074.16",46297,81010493,-1.16055972312742
"46298","20074.16",46298,81011160,-0.406969135293981
"46299","20074.16",46299,81011406,0.183546737347267
"46300","20074.16",46300,81011536,0.354928792894422
"46301","20074.16",46301,81011613,0.343413099558997
"46302","20074.16",46302,81015524,0.0765486451567243
"46303","20074.16",46303,81015577,0.176197959925678
"46304","20074.16",46304,81015807,0.228700119476644
"46305","20074.16",46305,81016327,-0.465740615935564
"46306","20074.16",46306,81016558,-0.112319377359075
"46307","20074.16",46307,81016624,0.473930703488493
"46308","20074.16",46308,81020393,0.233378334219147
"46309","20074.16",46309,81023572,-0.204903385964417
"46310","20074.16",46310,81023659,0.117151231003239
"46311","20074.16",46311,81026639,0.154374945678641
"46312","20074.16",46312,81026780,0.0844867631564332
"46313","20074.16",46313,81026852,-0.0616553027734223
"46314","20074.16",46314,81026958,0.0388305730047733
"46315","20074.16",46315,81027074,0.26970326772869
"46316","20074.16",46316,81027088,0.299885759832908
"46317","20074.16",46317,81027142,0.448130194011712
"46318","20074.16",46318,81028769,0.683206730063262
"46319","20074.16",46319,81028799,-0.022718076593967
"46320","20074.16",46320,81029160,-0.651231850887057
"46321","20074.16",46321,81032618,-0.511641061473336
"46322","20074.16",46322,81032647,-0.152483198477649
"46323","20074.16",46323,81033649,-0.0843386399300394
"46324","20074.16",46324,81036324,0.171015897291503
"46325","20074.16",46325,81036445,-0.0356074162004338
"46326","20074.16",46326,81044408,0.866546094972246
"46327","20074.16",46327,81044947,0.309291188742461
"46328","20074.16",46328,81044991,-0.02612106184813
"46329","20074.16",46329,81049683,0.976533708464992
"46330","20074.16",46330,81049800,-0.080715226296479
"46331","20074.16",46331,81051752,-1.40847342645633
"46332","20074.16",46332,81052325,-0.596561048980789
"46333","20074.16",46333,81053259,-0.181627637336481
"46334","20074.16",46334,81060761,0.38493036180924
"46335","20074.16",46335,81061159,0.923547987414076
"46336","20074.16",46336,81062132,0.0357434395283454
"46337","20074.16",46337,81064702,0.0724834194427473
"46338","20074.16",46338,81065059,0.268952783499068
"46339","20074.16",46339,81068100,-0.438924805576121
"46340","20074.16",46340,81070697,0.509762624008713
"46341","20074.16",46341,81070743,-0.622117414741802
"46342","20074.16",46342,81074737,-0.773310555923053
"46343","20074.16",46343,81074800,0.193623029712171
"46344","20074.16",46344,81075289,-0.499006285830004
"46345","20074.16",46345,81076202,0.540058514602838
"46346","20074.16",46346,81076239,0.471234149201092
"46347","20074.16",46347,81076464,-0.207099511018427
"46348","20074.16",46348,81080499,0.0365473301202162
"46349","20074.16",46349,81080580,0.37620894548516
"46350","20074.16",46350,81081068,-0.776763261805917
"46351","20074.16",46351,81081706,-0.223303046267337
"46352","20074.16",46352,81083809,-0.945644221149817
"46353","20074.16",46353,81085038,0.711994746136335
"46354","20074.16",46354,81086243,0.275117106532201
"46355","20074.16",46355,81086330,-0.0962409532710184
"46356","20074.16",46356,81087529,0.139217298159909
"46357","20074.16",46357,81087679,-0.230969155439039
"46358","20074.16",46358,81088356,-1.06103494189819
"46359","20074.16",46359,81088673,-0.0970542735581814
"46360","20074.16",46360,81088872,0.258881387984967
"46361","20074.16",46361,81088936,-0.455595611687917
"46362","20074.16",46362,81089816,0.0153524643828185
"46363","20074.16",46363,81092961,-0.638969071299167
"46364","20074.16",46364,81093067,0.127315034467832
"46365","20074.16",46365,81093118,0.79464389666062
"46366","20074.16",46366,81093893,-1.51322062543092
"46367","20074.16",46367,81094951,0.839902489571579
"46368","20074.16",46368,81095072,-0.748926864503902
"46369","20074.16",46369,81097199,0.625613530976799
"46370","20074.16",46370,81100772,-0.254879170801358
"46371","20074.16",46371,81101869,0.602752744933682
"46372","20074.16",46372,81102300,0.225072529449149
"46373","20074.16",46373,81102927,0.605324348936318
"46374","20074.16",46374,81104201,0.419899398066481
"46375","20074.16",46375,81104709,-0.296745022880825
"46376","20074.16",46376,81104965,-0.858819892248664
"46377","20074.16",46377,81114000,0.448897294928901
"46378","20074.16",46378,81114157,0.6022145065333
"46379","20074.16",46379,81114183,0.625794405765876
"46380","20074.16",46380,81114825,0.765037455837093
"46381","20074.16",46381,81115273,-0.497892610233326
"46382","20074.16",46382,81115304,-1.18911394215505
"46383","20074.16",46383,81115573,0.169350205044605
"46384","20074.16",46384,81115648,-0.362955081607826
"46385","20074.16",46385,81115687,-0.0430413770709439
"46386","20074.16",46386,81121145,0.556734602348834
"46387","20074.16",46387,81121353,0.183237909709995
"46388","20074.16",46388,81122637,0.0416055821654062
"46389","20074.16",46389,81122861,-0.0652571741356578
"46390","20074.16",46390,81122944,-0.708402201144743
"46391","20074.16",46391,81123260,-0.164296755096977
"46392","20074.16",46392,81123335,0.66775602380629
"46393","20074.16",46393,81123371,0.522535167458556
"46394","20074.16",46394,81129311,-0.809005687019432
"46395","20074.16",46395,81130494,0.0199731862469594
"46396","20074.16",46396,81133213,-1.12334956603438
"46397","20074.16",46397,81137020,0.575866324851337
"46398","20074.16",46398,81139086,-1.24616349963063
"46399","20074.16",46399,81139640,-0.178581562573705
"46400","20074.16",46400,81140155,0.00354231305859187
"46401","20074.16",46401,81140166,-1.80642575782414
"46402","20074.16",46402,81140526,-0.0262322120499032
"46403","20074.16",46403,81140605,0.188107784252137
"46404","20074.16",46404,81142257,-0.175006825052345
"46405","20074.16",46405,81145630,0.0831845279295997
"46406","20074.16",46406,81147100,-0.27160149556086
"46407","20074.16",46407,81147114,0.0366002247979305
"46408","20074.16",46408,81149321,0.561101231098632
"46409","20074.16",46409,81149333,-0.265267073027881
"46410","20074.16",46410,81149347,0.456186196326304
"46411","20074.16",46411,81149871,-0.369728836947345
"46412","20074.16",46412,81149980,0.990333309095699
"46413","20074.16",46413,81150018,-0.299053723404855
"46414","20074.16",46414,81150559,0.479020566640023
"46415","20074.16",46415,81152542,0.169828551671023
"46416","20074.16",46416,81152918,-0.415052076557821
"46417","20074.16",46417,81154448,0.320733795269191
"46418","20074.16",46418,81155107,-0.311745217463359
"46419","20074.16",46419,81157324,0.523686373524716
"46420","20074.16",46420,81157353,-0.469955878580437
"46421","20074.16",46421,81157385,0.823554106770026
"46422","20074.16",46422,81159640,0.626624525591313
"46423","20074.16",46423,81159781,0.666725204462808
"46424","20074.16",46424,81159910,0.814463868852594
"46425","20074.16",46425,81160492,0.524759963196789
"46426","20074.16",46426,81160517,-0.306845060909915
"46427","20074.16",46427,81160846,0.0414777075829189
"46428","20074.16",46428,81161034,0.174868325052261
"46429","20074.16",46429,81161083,0.156674724084177
"46430","20074.16",46430,81161737,-0.692754705640283
"46431","20074.16",46431,81161764,1.04417957045215
"46432","20074.16",46432,81162516,-0.28568200490383
"46433","20074.16",46433,81165193,-0.0653212556407912
"46434","20074.16",46434,81165986,-0.540236493454349
"46435","20074.16",46435,81168283,-1.10479370258482
"46436","20074.16",46436,81169993,-0.0701911843032264
"46437","20074.16",46437,81170256,0.780803341288382
"46438","20074.16",46438,81170391,0.995350131932484
"46439","20074.16",46439,81172662,-0.137306588773597
"46440","20074.16",46440,81177706,-0.133572333340688
"46441","20074.16",46441,81178003,0.0970551621057059
"46442","20074.16",46442,81178596,0.148588692263301
"46443","20074.16",46443,81181019,-0.422534269854621
"46444","20074.16",46444,81181097,-0.340287901363689
"46445","20074.16",46445,81181436,0.709806149782003
"46446","20074.16",46446,81181617,0.823630593135582
"46447","20074.16",46447,81181641,-1.26555956782921
"46448","20074.16",46448,81185074,-0.434231220148635
"46449","20074.16",46449,81185844,1.60650479495444
"46450","20074.16",46450,81185906,0.446933831361243
"46451","20074.16",46451,81186889,-0.538089939775711
"46452","20074.16",46452,81187852,0.0172930234490476
"46453","20074.16",46453,81188553,0.0274993267824994
"46454","20074.16",46454,81189510,0.677215170962381
"46455","20074.16",46455,81189583,0.11636245269144
"46456","20074.16",46456,81189668,-0.182760624791694
"46457","20074.16",46457,81190572,-0.158663510129086
"46458","20074.16",46458,81190790,-0.0219790623239389
"46459","20074.16",46459,81192586,-0.00434328757930036
"46460","20074.16",46460,81192672,0.0618350640715803
"46461","20074.16",46461,81192814,-0.392629889500927
"46462","20074.16",46462,81194094,-0.229328831753413
"46463","20074.16",46463,81194528,0.713896005889318
"46464","20074.16",46464,81195617,-0.598115048194827
"46465","20074.16",46465,81196496,-1.16524656922256
"46466","20074.16",46466,81197228,0.486284354671553
"46467","20074.16",46467,81198147,-0.425564953434322
"46468","20074.16",46468,81198182,0.142192332686711
"46469","20074.16",46469,81199433,-0.00314381512102369
"46470","20074.16",46470,81200629,0.880504358256569
"46471","20074.16",46471,81200651,0.640640577789964
"46472","20074.16",46472,81200702,-0.183665538834822
"46473","20074.16",46473,81200761,0.49496874502131
"46474","20074.16",46474,81200797,0.972763732999458
"46475","20074.16",46475,81200994,-0.418875389375382
"46476","20074.16",46476,81202551,0.509830735254405
"46477","20074.16",46477,81204423,-0.00407363663671489
"46478","20074.16",46478,81204520,0.305611411413964
"46479","20074.16",46479,81207390,-0.837170602851978
"46480","20074.16",46480,81208175,0.0108120473322169
"46481","20074.16",46481,81208203,-0.391978157735092
"46482","20074.16",46482,81208348,-1.23659871435114
"46483","20074.16",46483,81208822,-0.350700477681746
"46484","20074.16",46484,81209378,-0.60988451074763
"46485","20074.16",46485,81209515,-0.259105681186809
"46486","20074.16",46486,81209715,-0.158955624180355
"46487","20074.16",46487,81210147,-0.912895573456816
"46488","20074.16",46488,81210292,0.624628536820894
"46489","20074.16",46489,81210797,0.504986904790207
"46490","20074.16",46490,81211548,0.0806857996938994
"46491","20074.16",46491,81212069,-0.56211661703764
"46492","20074.16",46492,81212253,0.0494720108480253
"46493","20074.16",46493,81217495,0.292938681916509
"46494","20074.16",46494,81217507,0.917072285341002
"46495","20074.16",46495,81217667,0.138906472627313
"46496","20074.16",46496,81219329,0.256579882643257
"46497","20074.16",46497,81219396,0.083075064024447
"46498","20074.16",46498,81223256,-0.418743891482436
"46499","20074.16",46499,81223296,-0.097946705036457
"46500","20074.16",46500,81223646,-0.265307432310114
"46501","20074.16",46501,81227682,0.0298478069018273
"46502","20074.16",46502,81230341,-0.155989259332432
"46503","20074.16",46503,81230444,-0.460253452725627
"46504","20074.16",46504,81232275,-0.366838100630692
"46505","20074.16",46505,81232426,0.0595558941191268
"46506","20074.16",46506,81232590,-0.220179855037228
"46507","20074.16",46507,81233418,-0.649471912697818
"46508","20074.16",46508,81233548,0.58545979289652
"46509","20074.16",46509,81235618,-2.86877138490352
"46510","20074.16",46510,81236516,0.079312737811386
"46511","20074.16",46511,81236973,0.462053762579926
"46512","20074.16",46512,81237214,0.750537110910268
"46513","20074.16",46513,81238335,0.104910516758564
"46514","20074.16",46514,81238443,-0.0873619071080967
"46515","20074.16",46515,81238750,0.396058737990777
"46516","20074.16",46516,81238818,-0.169028608815367
"46517","20074.16",46517,81238872,-0.827776403349602
"46518","20074.16",46518,81238889,0.147550766191377
"46519","20074.16",46519,81239069,-0.780273767201924
"46520","20074.16",46520,81242021,0.234304688828836
"46521","20074.16",46521,81242085,0.841840529816671
"46522","20074.16",46522,81242102,-0.18782091812217
"46523","20074.16",46523,81242637,0.225463788117309
"46524","20074.16",46524,81242718,0.415426696128445
"46525","20074.16",46525,81242805,0.0878125624366284
"46526","20074.16",46526,81242948,-0.157212712542352
"46527","20074.16",46527,81243031,-0.291103013834662
"46528","20074.16",46528,81244612,0.0303458861665522
"46529","20074.16",46529,81247114,-0.108367576062278
"46530","20074.16",46530,81251795,0.501226822145804
"46531","20074.16",46531,81251846,0.874963748241568
"46532","20074.16",46532,81252715,0.751604751710182
"46533","20074.16",46533,81254455,-0.862827053173487
"46534","20074.16",46534,81254536,0.205235130362437
"46535","20074.16",46535,81254618,0.387274551301659
"46536","20074.16",46536,81254670,-0.368954456018017
"46537","20074.16",46537,81255067,-1.32064123854642
"46538","20074.16",46538,81255498,0.466943764669169
"46539","20074.16",46539,81255862,0.29981208156726
"46540","20074.16",46540,81256638,0.215505178985726
"46541","20074.16",46541,81258896,0.450082573961011
"46542","20074.16",46542,81262516,0.0680343361377522
"46543","20074.16",46543,81263034,-1.09055249645108
"46544","20074.16",46544,81264177,-0.517159490237514
"46545","20074.16",46545,81264398,-2.47120147590631
"46546","20074.16",46546,81264597,0.335257038309012
"46547","20074.16",46547,81264852,-0.425156825775839
"46548","20074.16",46548,81266767,0.5417159562336
"46549","20074.16",46549,81266854,-0.555908911560926
"46550","20074.16",46550,81271064,0.0432327317596473
"46551","20074.16",46551,81271123,-0.228368835913651
"46552","20074.16",46552,81273176,0.0944727287266796
"46553","20074.16",46553,81274385,0.453528738990721
"46554","20074.16",46554,81275220,-0.712439207399836
"46555","20074.16",46555,81275268,0.538751292932296
"46556","20074.16",46556,81275401,-0.0129513902391629
"46557","20074.16",46557,81275416,0.37742946510321
"46558","20074.16",46558,81277543,0.147606539436973
"46559","20074.16",46559,81277784,-0.145864009959547
"46560","20074.16",46560,81277960,-0.109820974298982
"46561","20074.16",46561,81278039,0.292171713426879
"46562","20074.16",46562,81280100,0.551335632150487
"46563","20074.16",46563,81280613,0.607389325353421
"46564","20074.16",46564,81283598,0.00607036285718277
"46565","20074.16",46565,81283829,-0.29663289262119
"46566","20074.16",46566,81290039,0.577693959195163
"46567","20074.16",46567,81290631,-0.139689392918869
"46568","20074.16",46568,81292730,1.21531713333097
"46569","20074.16",46569,81292757,0.140296152371345
"46570","20074.16",46570,81293738,-0.198613994465357
"46571","20074.16",46571,81294893,0.350100619213445
"46572","20074.16",46572,81299522,0.450908754992798
"46573","20074.16",46573,81303759,0.220957765867428
"46574","20074.16",46574,81307584,0.129332651108339
"46575","20074.16",46575,81311611,-1.62445348046074
"46576","20074.16",46576,81312506,-1.13417395737057
"46577","20074.16",46577,81312966,0.272855015633485
"46578","20074.16",46578,81313006,-0.698383849812817
"46579","20074.16",46579,81314420,-0.039923406803549
"46580","20074.16",46580,81314496,0.203154046023439
"46581","20074.16",46581,81320887,0.225865317518701
"46582","20074.16",46582,81321809,-0.720597199759107
"46583","20074.16",46583,81322603,-1.33802414005315
"46584","20074.16",46584,81322671,0.0583462728648882
"46585","20074.16",46585,81323846,0.48393805815117
"46586","20074.16",46586,81326238,-0.412961937467173
"46587","20074.16",46587,81331913,-0.113447477540197
"46588","20074.16",46588,81333371,-0.297160278565666
"46589","20074.16",46589,81333568,0.561423315376156
"46590","20074.16",46590,81333636,-0.327827607917948
"46591","20074.16",46591,81334662,0.75986575307056
"46592","20074.16",46592,81334796,0.760898070045974
"46593","20074.16",46593,81335081,1.03681630522543
"46594","20074.16",46594,81335103,0.16825513593021
"46595","20074.16",46595,81335276,-0.401110356088114
"46596","20074.16",46596,81335757,-0.105595307748128
"46597","20074.16",46597,81338348,-0.473371252697568
"46598","20074.16",46598,81338357,0.509630824806952
"46599","20074.16",46599,81338874,-0.385348002468873
"46600","20074.16",46600,81339688,-0.374222811496661
"46601","20074.16",46601,81341232,-0.311510351369188
"46602","20074.16",46602,81341363,0.20687149307202
"46603","20074.16",46603,81342215,-0.717058367673015
"46604","20074.16",46604,81345325,0.204887499411671
"46605","20074.16",46605,81346417,-0.077235603885848
"46606","20074.16",46606,81347389,0.34884084096321
"46607","20074.16",46607,81347436,-0.244444147678127
"46608","20074.16",46608,81358164,-0.0362505802852953
"46609","20074.16",46609,81358427,0.325929840963657
"46610","20074.16",46610,81358769,0.416480127713656
"46611","20074.16",46611,81359017,-0.145639603900511
"46612","20074.16",46612,81359467,0.451457169827209
"46613","20074.16",46613,81359490,-1.37686307750484
"46614","20074.16",46614,81359653,-0.0836870601907176
"46615","20074.16",46615,81359825,0.0364259293428182
"46616","20074.16",46616,81360202,-0.522931441665234
"46617","20074.16",46617,81362134,-0.243369651378682
"46618","20074.16",46618,81362587,0.395242060924015
"46619","20074.16",46619,81365303,0.0399023871303452
"46620","20074.16",46620,81365342,0.584686193790254
"46621","20074.16",46621,81365813,-0.157290261829035
"46622","20074.16",46622,81367271,0.441682671844267
"46623","20074.16",46623,81367730,-0.258265759115021
"46624","20074.16",46624,81367959,0.225239052089173
"46625","20074.16",46625,81369509,-0.395031832897255
"46626","20074.16",46626,81369876,-0.11647373396092
"46627","20074.16",46627,81371951,0.0264398271152109
"46628","20074.16",46628,81372011,-0.330022956022111
"46629","20074.16",46629,81372400,0.344295412556696
"46630","20074.16",46630,81372494,0.391046707880926
"46631","20074.16",46631,81372519,0.61136195096804
"46632","20074.16",46632,81372578,-0.454936866498915
"46633","20074.16",46633,81372725,-0.187282541412507
"46634","20074.16",46634,81374490,-0.506754580852126
"46635","20074.16",46635,81374504,-0.348100999958326
"46636","20074.16",46636,81375329,0.0837481990897988
"46637","20074.16",46637,81378919,1.03843353630918
"46638","20074.16",46638,81379981,0.095590757596467
"46639","20074.16",46639,81380507,0.497341888271102
"46640","20074.16",46640,81384676,-0.345729230249838
"46641","20074.16",46641,81385041,-0.451800155060714
"46642","20074.16",46642,81385429,0.00919270715396703
"46643","20074.16",46643,81387727,0.377810594134224
"46644","20074.16",46644,81388084,0.536142252471273
"46645","20074.16",46645,81388702,0.357088592073862
"46646","20074.16",46646,81389062,-0.823887045549054
"46647","20074.16",46647,81390036,-0.614292615082942
"46648","20074.16",46648,81391684,-0.364233385942187
"46649","20074.16",46649,81391881,-0.0225564387837665
"46650","20074.16",46650,81392787,0.629392124197813
"46651","20074.16",46651,81393779,0.805354358611708
"46652","20074.16",46652,81396038,0.940051501130601
"46653","20074.16",46653,81396287,0.423992972475275
"46654","20074.16",46654,81396574,0.633307021301643
"46655","20074.16",46655,81396821,-0.0087023775310815
"46656","20074.16",46656,81398520,0.63362226091644
"46657","20074.16",46657,81399846,-0.155640139939759
"46658","20074.16",46658,81400018,0.666729698021778
"46659","20074.16",46659,81400076,-0.191230285406801
"46660","20074.16",46660,81400177,-0.102672759537028
"46661","20074.16",46661,81400743,-0.0642511407435657
"46662","20074.16",46662,81400815,-0.179550756106775
"46663","20074.16",46663,81400843,-0.209016323161387
"46664","20074.16",46664,81403923,0.0697869678497556
"46665","20074.16",46665,81404537,0.562205599464911
"46666","20074.16",46666,81404971,-0.0282157947309027
"46667","20074.16",46667,81411230,-0.233777866357443
"46668","20074.16",46668,81411436,-0.766106841934069
"46669","20074.16",46669,81411495,0.180026341439957
"46670","20074.16",46670,81412589,-0.247381617170396
"46671","20074.16",46671,81415551,-0.0131001920131544
"46672","20074.16",46672,81415691,0.224185384558202
"46673","20074.16",46673,81420131,-0.0312647303895162
"46674","20074.16",46674,81420189,0.494608252901934
"46675","20074.16",46675,81420206,0.9388852574805
"46676","20074.16",46676,81420621,-0.37427750091741
"46677","20074.16",46677,81421075,-0.368846401704998
"46678","20074.16",46678,81421457,0.41506104960173
"46679","20074.16",46679,81421484,-0.0928868791974251
"46680","20074.16",46680,81421547,0.56052449397036
"46681","20074.16",46681,81421590,0.935939452269346
"46682","20074.16",46682,81421977,-0.0980320360832971
"46683","20074.16",46683,81425105,0.388982158813696
"46684","20074.16",46684,81425153,0.117225586151791
"46685","20074.16",46685,81425674,0.656694585651315
"46686","20074.16",46686,81425858,0.289169217894689
"46687","20074.16",46687,81426391,-0.602883728791302
"46688","20074.16",46688,81426426,0.30314916880477
"46689","20074.16",46689,81427483,-0.32804464394281
"46690","20074.16",46690,81427854,0.739284215484227
"46691","20074.16",46691,81428435,0.0481338779615266
"46692","20074.16",46692,81428837,0.350622994044476
"46693","20074.16",46693,81429258,0.602005790215524
"46694","20074.16",46694,81429834,0.451286651777628
"46695","20074.16",46695,81431713,-0.391524389682123
"46696","20074.16",46696,81432492,-0.575785809895839
"46697","20074.16",46697,81432592,0.402333485464207
"46698","20074.16",46698,81433070,-0.367116714932778
"46699","20074.16",46699,81433120,0.138929882647538
"46700","20074.16",46700,81433409,0.172174194753777
"46701","20074.16",46701,81434118,-0.542595308795779
"46702","20074.16",46702,81434676,0.561391800855254
"46703","20074.16",46703,81435377,0.57249833912801
"46704","20074.16",46704,81437197,0.318088896426576
"46705","20074.16",46705,81438355,0.880235180401736
"46706","20074.16",46706,81438369,0.198979644201534
"46707","20074.16",46707,81440903,-0.269033562545393
"46708","20074.16",46708,81442568,0.341702474751222
"46709","20074.16",46709,81442702,0.0894416898314976
"46710","20074.16",46710,81443294,0.0615841000444624
"46711","20074.16",46711,81444502,0.0465371057475936
"46712","20074.16",46712,81444817,1.03578964411374
"46713","20074.16",46713,81444857,0.428662922328621
"46714","20074.16",46714,81445273,0.681771772519011
"46715","20074.16",46715,81445921,0.529146568660379
"46716","20074.16",46716,81447359,0.992912771480174
"46717","20074.16",46717,81447933,-0.360430180691097
"46718","20074.16",46718,81448323,-1.22333262143495
"46719","20074.16",46719,81451595,-0.259909875571323
"46720","20074.16",46720,81452486,0.049499398901391
"46721","20074.16",46721,81459415,-0.329862969780349
"46722","20074.16",46722,81466541,-0.240112684265253
"46723","20074.16",46723,81466895,0.738599653735496
"46724","20074.16",46724,81469090,0.112722878934099
"46725","20074.16",46725,81473628,0.202703897207934
"46726","20074.16",46726,81475932,0.061962448772344
"46727","20074.16",46727,81482913,0.73707788553708
"46728","20074.16",46728,81483642,-0.782808318712472
"46729","20074.16",46729,81484200,0.428461017207515
"46730","20074.16",46730,81484570,-0.0235482522105173
"46731","20074.16",46731,81485354,-0.146618112469157
"46732","20074.16",46732,81485946,-0.588924859118023
"46733","20074.16",46733,81486176,0.0151222778436608
"46734","20074.16",46734,81487079,-0.253507670212201
"46735","20074.16",46735,81487327,-1.05115042939698
"46736","20074.16",46736,81487556,0.560702543774151
"46737","20074.16",46737,81488358,-0.344958797855646
"46738","20074.16",46738,81488372,-0.0918708365533947
"46739","20074.16",46739,81489006,0.398997631411388
"46740","20074.16",46740,81491812,0.104844698159903
"46741","20074.16",46741,81492311,-0.114247014042066
"46742","20074.16",46742,81492339,0.497472071746123
"46743","20074.16",46743,81495468,0.170631719729801
"46744","20074.16",46744,81495627,-1.32284178601663
"46745","20074.16",46745,81495885,1.12228588866821
"46746","20074.16",46746,81496902,0.27726612014487
"46747","20074.16",46747,81497498,-0.717824981831816
"46748","20074.16",46748,81497707,0.0163122092014518
"46749","20074.16",46749,81497783,0.362254839324119
"46750","20074.16",46750,81498296,0.606336519246802
"46751","20074.16",46751,81498401,0.278498673540523
"46752","20074.16",46752,81498811,0.0237664146068681
"46753","20074.16",46753,81499297,-0.0263858090001481
"46754","20074.16",46754,81501666,0.0404341117944877
"46755","20074.16",46755,81502717,-1.25082991644602
"46756","20074.16",46756,81503127,0.0553119850715129
"46757","20074.16",46757,81503403,-0.085155211445504
"46758","20074.16",46758,81503540,-0.128348459297316
"46759","20074.16",46759,81503877,-0.303999658054909
"46760","20074.16",46760,81504448,-0.415199063520962
"46761","20074.16",46761,81504477,0.269251544351678
"46762","20074.16",46762,81505246,-0.441753320901398
"46763","20074.16",46763,81505396,1.11493141478597
"46764","20074.16",46764,81506000,-0.341006703557503
"46765","20074.16",46765,81507033,0.109616067573968
"46766","20074.16",46766,81508976,-0.49346628456887
"46767","20074.16",46767,81510155,-0.417614928629551
"46768","20074.16",46768,81510471,-0.200981005095007
"46769","20074.16",46769,81510699,0.30782453655875
"46770","20074.16",46770,81510742,0.546186917666243
"46771","20074.16",46771,81511829,-0.330011612427695
"46772","20074.16",46772,81512636,-0.33972834373553
"46773","20074.16",46773,81512821,0.254522655630953
"46774","20074.16",46774,81513420,0.128530898875427
"46775","20074.16",46775,81513473,0.2041531992801
"46776","20074.16",46776,81514166,-0.712321165793515
"46777","20074.16",46777,81516416,-0.00577997839923761
"46778","20074.16",46778,81516634,0.535173480513595
"46779","20074.16",46779,81517098,0.351107829348106
"46780","20074.16",46780,81517119,0.236695817889607
"46781","20074.16",46781,81517425,0.914255880910038
"46782","20074.16",46782,81521294,0.583962024332666
"46783","20074.16",46783,81523013,-0.33151745599756
"46784","20074.16",46784,81525637,0.697588927571654
"46785","20074.16",46785,81525814,-1.11238184334476
"46786","20074.16",46786,81526977,0.511116233930998
"46787","20074.16",46787,81529419,-0.513425690447585
"46788","20074.16",46788,81530598,0.82417873658666
"46789","20074.16",46789,81531103,-0.387775975984224
"46790","20074.16",46790,81532100,-0.602923677279604
"46791","20074.16",46791,81532497,-0.150127448160779
"46792","20074.16",46792,81535043,0.122645204916306
"46793","20074.16",46793,81536652,0.34466753969414
"46794","20074.16",46794,81537442,-1.33411890148572
"46795","20074.16",46795,81538340,-0.111304262615755
"46796","20074.16",46796,81538620,-0.418897523741697
"46797","20074.16",46797,81538842,0.498926901193381
"46798","20074.16",46798,81539054,-0.138468789897651
"46799","20074.16",46799,81539645,0.0278795801265073
"46800","20074.16",46800,81544245,-1.07723745023816
"46801","20074.16",46801,81544776,0.224733876293912
"46802","20074.16",46802,81544989,-0.523068591599067
"46803","20074.16",46803,81545176,0.234468465494102
"46804","20074.16",46804,81548746,-0.390107493098144
"46805","20074.16",46805,81548925,-0.0116692819511872
"46806","20074.16",46806,81549708,-0.835365981024053
"46807","20074.16",46807,81551506,0.0326976987382466
"46808","20074.16",46808,81553070,-0.744011749826225
"46809","20074.16",46809,81555683,0.522259499248189
"46810","20074.16",46810,81556115,0.0569193415939839
"46811","20074.16",46811,81556322,0.0728142387981885
"46812","20074.16",46812,81557185,0.175028833362853
"46813","20074.16",46813,81559706,1.06222919139467
"46814","20074.16",46814,81560629,0.404479129221051
"46815","20074.16",46815,81560765,0.602610914842692
"46816","20074.16",46816,81561456,-0.561240675137313
"46817","20074.16",46817,81563866,-0.599974669657511
"46818","20074.16",46818,81568064,-0.577692048768821
"46819","20074.16",46819,81568492,-0.52036414736799
"46820","20074.16",46820,81569273,0.191316817215588
"46821","20074.16",46821,81569479,0.224068067406812
"46822","20074.16",46822,81569866,0.000111303673744345
"46823","20074.16",46823,81571428,0.299708055949782
"46824","20074.16",46824,81571600,0.0966287339977132
"46825","20074.16",46825,81571979,0.47573114989567
"46826","20074.16",46826,81572093,-0.724763071167473
"46827","20074.16",46827,81578173,-1.86764535446141
"46828","20074.16",46828,81579433,1.25623072680022
"46829","20074.16",46829,81579679,-0.360784672333193
"46830","20074.16",46830,81579729,-0.187030526417439
"46831","20074.16",46831,81579827,-0.0867822548152244
"46832","20074.16",46832,81579923,-0.2458493436528
"46833","20074.16",46833,81580088,-0.145203136847178
"46834","20074.16",46834,81583837,-0.58939030833455
"46835","20074.16",46835,81584331,0.0195303336756139
"46836","20074.16",46836,81585073,0.894103022991664
"46837","20074.16",46837,81585549,-0.0084777080504006
"46838","20074.16",46838,81588142,-0.925594392664283
"46839","20074.16",46839,81591675,0.0238959904034912
"46840","20074.16",46840,81592026,-0.0382310874131777
"46841","20074.16",46841,81592934,0.570452839487102
"46842","20074.16",46842,81592973,0.706114452720676
"46843","20074.16",46843,81595186,0.0753776713046541
"46844","20074.16",46844,81595597,0.0569960541999235
"46845","20074.16",46845,81595925,-1.15425293318468
"46846","20074.16",46846,81596370,-0.695480619395647
"46847","20074.16",46847,81596444,0.681671707869909
"46848","20074.16",46848,81596917,-0.958455225230334
"46849","20074.16",46849,81597352,0.305345783818136
"46850","20074.16",46850,81597957,0.101109167967604
"46851","20074.16",46851,81598086,-0.328807369851643
"46852","20074.16",46852,81599367,0.888213929248702
"46853","20074.16",46853,81599604,-0.551385091589928
"46854","20074.16",46854,81602370,0.0474804262406643
"46855","20074.16",46855,81602499,-0.0726768760330838
"46856","20074.16",46856,81602681,0.417922467872834
"46857","20074.16",46857,81603235,0.612055488115048
"46858","20074.16",46858,81603400,-0.554113111390199
"46859","20074.16",46859,81603619,0.32226489596382
"46860","20074.16",46860,81606569,-0.0677594007214459
"46861","20074.16",46861,81617528,0.142088511752135
"46862","20074.16",46862,81618416,-0.280665405079529
"46863","20074.16",46863,81621814,-0.713928895016533
"46864","20074.16",46864,81621876,-0.0643348281738847
"46865","20074.16",46865,81622663,-0.481501422425737
"46866","20074.16",46866,81626255,-0.266674876205415
"46867","20074.16",46867,81627238,-0.108972211592651
"46868","20074.16",46868,81627487,-1.77749802190923
"46869","20074.16",46869,81632985,0.56020012055279
"46870","20074.16",46870,81633117,0.0525383846353487
"46871","20074.16",46871,81633483,-0.489805397146417
"46872","20074.16",46872,81634863,0.62660837122862
"46873","20074.16",46873,81635243,0.240570248038245
"46874","20074.16",46874,81635447,0.0449861915017991
"46875","20074.16",46875,81635600,0.101742779139124
"46876","20074.16",46876,81638375,-0.252206451668277
"46877","20074.16",46877,81639190,0.783280169642331
"46878","20074.16",46878,81639602,0.40194748002421
"46879","20074.16",46879,81639703,0.311729901154133
"46880","20074.16",46880,81639802,-0.390463390264904
"46881","20074.16",46881,81640182,-0.0609935532396442
"46882","20074.16",46882,81640210,0.528007351085889
"46883","20074.16",46883,81646894,-0.61197455976645
"46884","20074.16",46884,81647826,0.706580989394497
"46885","20074.16",46885,81649695,0.00555672951022146
"46886","20074.16",46886,81650444,-0.503050461308183
"46887","20074.16",46887,81652322,-0.124747467574232
"46888","20074.16",46888,81652719,0.327651884172737
"46889","20074.16",46889,81653093,-0.387433991195817
"46890","20074.16",46890,81653146,-0.206795669399387
"46891","20074.16",46891,81653843,0.958670879497189
"46892","20074.16",46892,81653843,0.647599390401818
"46893","20074.16",46893,81654451,0.202711810980997
"46894","20074.16",46894,81657053,0.229697770098314
"46895","20074.16",46895,81658552,-0.833559205351832
"46896","20074.16",46896,81658664,0.0179490495511851
"46897","20074.16",46897,81659083,-0.434622429609896
"46898","20074.16",46898,81662060,-0.250378634938667
"46899","20074.16",46899,81662447,0.463833009291844
"46900","20074.16",46900,81665389,-0.679375719292768
"46901","20074.16",46901,81666536,0.0662066196672493
"46902","20074.16",46902,81666536,-0.791637077054503
"46903","20074.16",46903,81668198,0.411033457421239
"46904","20074.16",46904,81669651,0.382081745689113
"46905","20074.16",46905,81670343,-0.882663407830768
"46906","20074.16",46906,81671230,0.837095686344386
"46907","20074.16",46907,81673350,-0.0112539791963817
"46908","20074.16",46908,81674838,0.257305211749164
"46909","20074.16",46909,81677448,0.445230621851512
"46910","20074.16",46910,81677686,0.376488195918331
"46911","20074.16",46911,81677876,0.677555620086115
"46912","20074.16",46912,81678049,0.440584652384955
"46913","20074.16",46913,81680881,-0.696239257199451
"46914","20074.16",46914,81681096,-0.626959702532418
"46915","20074.16",46915,81683472,0.524909460988817
"46916","20074.16",46916,81684237,-0.565551332465962
"46917","20074.16",46917,81684543,-0.232812891450732
"46918","20074.16",46918,81685635,-0.0547944107307226
"46919","20074.16",46919,81688868,-0.548454994535397
"46920","20074.16",46920,81688965,0.320381041872536
"46921","20074.16",46921,81689444,-0.725445388245316
"46922","20074.16",46922,81690812,0.803712559871065
"46923","20074.16",46923,81691629,0.756160676065572
"46924","20074.16",46924,81692897,-0.0364122772787656
"46925","20074.16",46925,81692957,-0.303424642587695
"46926","20074.16",46926,81694850,0.468888510738313
"46927","20074.16",46927,81694871,-1.12325188530822
"46928","20074.16",46928,81696455,-0.14645166582361
"46929","20074.16",46929,81696729,-0.0833872096263786
"46930","20074.16",46930,81697357,-0.1194110715077
"46931","20074.16",46931,81699207,0.488669528944908
"46932","20074.16",46932,81704405,-0.0821817062428511
"46933","20074.16",46933,81704839,0.895570760816294
"46934","20074.16",46934,81705971,-0.774264525265667
"46935","20074.16",46935,81707252,-0.265756281633878
"46936","20074.16",46936,81707718,0.0479108308543026
"46937","20074.16",46937,81710983,-0.129742199932645
"46938","20074.16",46938,81711023,0.603892193985609
"46939","20074.16",46939,81713516,-0.590603587480016
"46940","20074.16",46940,81715205,0.294760087843545
"46941","20074.16",46941,81715454,-1.36958481484015
"46942","20074.16",46942,81716880,-0.126723950968268
"46943","20074.16",46943,81722523,0.652494786312832
"46944","20074.16",46944,81728192,-0.553918589578512
"46945","20074.16",46945,81729888,-0.539664595266527
"46946","20074.16",46946,81730271,-0.245874130705268
"46947","20074.16",46947,81730381,0.0842263496971905
"46948","20074.16",46948,81730809,0.868893004376539
"46949","20074.16",46949,81731375,0.0123241845152489
"46950","20074.16",46950,81732256,0.44700624986288
"46951","20074.16",46951,81732296,0.880461999193048
"46952","20074.16",46952,81732358,0.246308769754104
"46953","20074.16",46953,81732508,-0.215029960638231
"46954","20074.16",46954,81732908,-0.117452720435431
"46955","20074.16",46955,81733028,0.0628147942239226
"46956","20074.16",46956,81733268,-0.251850968769367
"46957","20074.16",46957,81734877,0.81068930283347
"46958","20074.16",46958,81735012,0.350098934468106
"46959","20074.16",46959,81735070,-0.0443392887547978
"46960","20074.16",46960,81735668,0.0107484358068515
"46961","20074.16",46961,81736747,-0.264155912224652
"46962","20074.16",46962,81739789,-0.545172225364923
"46963","20074.16",46963,81741463,-0.205088763182559
"46964","20074.16",46964,81744218,-1.75662230911121
"46965","20074.16",46965,81745039,0.390139622183296
"46966","20074.16",46966,81745554,-0.472218786154529
"46967","20074.16",46967,81747034,-0.563342906186054
"46968","20074.16",46968,81749354,-0.0817575214962272
"46969","20074.16",46969,81751380,0.00497005829520614
"46970","20074.16",46970,81751729,-0.307791632466044
"46971","20074.16",46971,81752499,-0.0442871149958162
"46972","20074.16",46972,81752962,-1.71888707439188
"46973","20074.16",46973,81753830,-0.030983318452054
"46974","20074.16",46974,81757252,-0.522956003374675
"46975","20074.16",46975,81758463,0.607702516628417
"46976","20074.16",46976,81758553,-0.238545592272997
"46977","20074.16",46977,81758830,-0.270578914563882
"46978","20074.16",46978,81762739,0.471948501305852
"46979","20074.16",46979,81762800,0.00790586668576498
"46980","20074.16",46980,81763038,0.256354201797532
"46981","20074.16",46981,81764766,-0.460473276984156
"46982","20074.16",46982,81765459,0.474354709370815
"46983","20074.16",46983,81765477,-0.79107646238157
"46984","20074.16",46984,81765604,0.124288554069968
"46985","20074.16",46985,81768705,-0.354935585555681
"46986","20074.16",46986,81773026,-0.0803444077622713
"46987","20074.16",46987,81773209,-0.295818717010221
"46988","20074.16",46988,81774798,-0.665169362753396
"46989","20074.16",46989,81778491,0.00150072398886625
"46990","20074.16",46990,81779343,0.0612626761688713
"46991","20074.16",46991,81781797,-0.23120327677392
"46992","20074.16",46992,81782532,-0.340478731232959
"46993","20074.16",46993,81784892,-0.358861064369853
"46994","20074.16",46994,81795052,0.271497709150219
"46995","20074.16",46995,81795767,0.161058850897097
"46996","20074.16",46996,81797258,0.218804757798465
"46997","20074.16",46997,81798125,-1.44140746366964
"46998","20074.16",46998,81798370,0.71489372476588
"46999","20074.16",46999,81798940,-0.318270414335417
"47000","20074.16",47000,81802714,0.11340860545326
"47001","20074.16",47001,81806504,-0.142789936393141
"47002","20074.16",47002,81807134,0.0152488575618648
"47003","20074.16",47003,81809291,-0.395736867864998
"47004","20074.16",47004,81810200,0.352222947900237
"47005","20074.16",47005,81815062,0.846813222683685
"47006","20074.16",47006,81815251,-0.167964801022286
"47007","20074.16",47007,81816152,-0.826440769559862
"47008","20074.16",47008,81816580,0.373781174208859
"47009","20074.16",47009,81816733,0.633078466531923
"47010","20074.16",47010,81817022,1.10129610358679
"47011","20074.16",47011,81817239,0.563671141738486
"47012","20074.16",47012,81817576,-0.372097394919374
"47013","20074.16",47013,81818115,-0.613690178098318
"47014","20074.16",47014,81820866,0.76784995962849
"47015","20074.16",47015,81821203,1.27404672260675
"47016","20074.16",47016,81821531,0.340319755327156
"47017","20074.16",47017,81822707,-0.0969563240570457
"47018","20074.16",47018,81824305,0.0610547898045288
"47019","20074.16",47019,81824500,-0.192595947761894
"47020","20074.16",47020,81824538,0.0768126074746407
"47021","20074.16",47021,81825054,0.157084880613657
"47022","20074.16",47022,81825506,-1.25368632296879
"47023","20074.16",47023,81826853,0.551119809957023
"47024","20074.16",47024,81827245,0.0497475638613416
"47025","20074.16",47025,81829019,0.068639458208338
"47026","20074.16",47026,81829057,0.73923324994098
"47027","20074.16",47027,81829163,-0.289408901100511
"47028","20074.16",47028,81830475,0.309339009156321
"47029","20074.16",47029,81832044,0.00319265508006072
"47030","20074.16",47030,81832681,-0.893241373334196
"47031","20074.16",47031,81832987,0.437263185525985
"47032","20074.16",47032,81834313,0.15408705996556
"47033","20074.16",47033,81834659,0.397622620963591
"47034","20074.16",47034,81834898,-0.934270221267468
"47035","20074.16",47035,81834977,0.115073432356528
"47036","20074.16",47036,81835109,0.232725227290353
"47037","20074.16",47037,81837846,-1.47212825564867
"47038","20074.16",47038,81838223,0.0550062792802866
"47039","20074.16",47039,81838784,-0.0383084107104619
"47040","20074.16",47040,81840072,-0.370603701706226
"47041","20074.16",47041,81840685,-1.21704029265548
"47042","20074.16",47042,81841785,-0.205286966660806
"47043","20074.16",47043,81843628,-0.2500023100209
"47044","20074.16",47044,81844001,0.554193070758006
"47045","20074.16",47045,81844013,0.590680827462244
"47046","20074.16",47046,81844645,-0.627711511420489
"47047","20074.16",47047,81845034,0.297780930139633
"47048","20074.16",47048,81850063,-0.21362783838169
"47049","20074.16",47049,81850777,-0.273097635670799
"47050","20074.16",47050,81850916,-0.337448243205401
"47051","20074.16",47051,81851163,0.472783112694567
"47052","20074.16",47052,81851736,-0.262424536713436
"47053","20074.16",47053,81854804,-0.301018720268718
"47054","20074.16",47054,81858172,0.0198603881803034
"47055","20074.16",47055,81858301,0.021291749324071
"47056","20074.16",47056,81858737,0.318111479231971
"47057","20074.16",47057,81859512,0.83403022136456
"47058","20074.16",47058,81859547,0.161214286737124
"47059","20074.16",47059,81859914,-0.0611813607989014
"47060","20074.16",47060,81860019,0.0481949925682787
"47061","20074.16",47061,81860265,0.680623688297668
"47062","20074.16",47062,81860709,1.23645812143778
"47063","20074.16",47063,81861383,-0.13792736566124
"47064","20074.16",47064,81862574,0.172780051706745
"47065","20074.16",47065,81863488,0.263133944372959
"47066","20074.16",47066,81863593,-0.251920561175134
"47067","20074.16",47067,81863905,0.218022623932786
"47068","20074.16",47068,81866586,-0.200035259836944
"47069","20074.16",47069,81867220,1.16681458039881
"47070","20074.16",47070,81870593,-0.393430233920075
"47071","20074.16",47071,81870703,0.363725524893536
"47072","20074.16",47072,81870969,1.60934048273312
"47073","20074.16",47073,81871171,0.1184860857926
"47074","20074.16",47074,81872318,-0.597039840443996
"47075","20074.16",47075,81873914,0.62669504956174
"47076","20074.16",47076,81875483,0.575306353472777
"47077","20074.16",47077,81875833,-0.444176823669686
"47078","20074.16",47078,81877388,-0.463545652162217
"47079","20074.16",47079,81878481,0.911669733735612
"47080","20074.16",47080,81878875,0.378350546488364
"47081","20074.16",47081,81879095,0.107076843101103
"47082","20074.16",47082,81879774,0.887616051384499
"47083","20074.16",47083,81880691,1.02050649789683
"47084","20074.16",47084,81880962,-0.630956852385017
"47085","20074.16",47085,81881247,1.0767282232196
"47086","20074.16",47086,81884149,-0.365187174436651
"47087","20074.16",47087,81884513,0.186387922159237
"47088","20074.16",47088,81884907,-0.100398727782464
"47089","20074.16",47089,81887541,0.0370764390338678
"47090","20074.16",47090,81888152,0.723491451332204
"47091","20074.16",47091,81888237,0.324648202393164
"47092","20074.16",47092,81888845,0.485348288801062
"47093","20074.16",47093,81888859,-0.10947631425358
"47094","20074.16",47094,81888874,0.650158466727251
"47095","20074.16",47095,81889282,-0.125865326164568
"47096","20074.16",47096,81894745,0.731268504116067
"47097","20074.16",47097,81894862,-0.197355190131866
"47098","20074.16",47098,81894911,0.68652787387948
"47099","20074.16",47099,81895215,0.358353186722893
"47100","20074.16",47100,81895237,0.336927960976827
"47101","20074.16",47101,81897638,0.448484712210743
"47102","20074.16",47102,81902139,-0.959430690036089
"47103","20074.16",47103,81903315,0.561173315082569
"47104","20074.16",47104,81904576,-0.204378677515933
"47105","20074.16",47105,81904711,1.00559677543001
"47106","20074.16",47106,81905409,1.46655532280151
"47107","20074.16",47107,81906090,0.600094312557281
"47108","20074.16",47108,81906234,1.01043382364842
"47109","20074.16",47109,81906766,-0.0818487108994148
"47110","20074.16",47110,81907009,-0.155352433841723
"47111","20074.16",47111,81907481,0.154863177507259
"47112","20074.16",47112,81907752,-0.232100298648978
"47113","20074.16",47113,81909113,-0.334132566988959
"47114","20074.16",47114,81909228,0.404741111343495
"47115","20074.16",47115,81909980,-0.367706615286444
"47116","20074.16",47116,81911185,-0.276650471136487
"47117","20074.16",47117,81912081,-1.50041372987535
"47118","20074.16",47118,81912081,-1.03562918115623
"47119","20074.16",47119,81912461,0.609427925184419
"47120","20074.16",47120,81912505,-0.37162748159388
"47121","20074.16",47121,81912983,0.860427506634491
"47122","20074.16",47122,81913508,-0.376022613847726
"47123","20074.16",47123,81913527,0.349780677285907
"47124","20074.16",47124,81913979,-0.222633628533026
"47125","20074.16",47125,81914000,-0.398465569673311
"47126","20074.16",47126,81916638,0.371907401709691
"47127","20074.16",47127,81917099,-0.125751005058828
"47128","20074.16",47128,81917183,-0.247040799662133
"47129","20074.16",47129,81921809,-0.572670115064495
"47130","20074.16",47130,81922480,0.879827301186979
"47131","20074.16",47131,81922813,0.168615302350975
"47132","20074.16",47132,81925383,-0.22249974540746
"47133","20074.16",47133,81926190,0.404124420966862
"47134","20074.16",47134,81929488,-0.778772858806517
"47135","20074.16",47135,81932866,-0.876929854996908
"47136","20074.16",47136,81933185,-0.0331850602021211
"47137","20074.16",47137,81934637,0.153949180675823
"47138","20074.16",47138,81937163,-0.0722046127253986
"47139","20074.16",47139,81937294,-0.608627066148126
"47140","20074.16",47140,81937714,0.699120758561775
"47141","20074.16",47141,81937767,0.323157033900638
"47142","20074.16",47142,81939237,0.602328526837806
"47143","20074.16",47143,81939851,-0.147553784184287
"47144","20074.16",47144,81940093,0.201610776614381
"47145","20074.16",47145,81940867,-0.412686768781065
"47146","20074.16",47146,81943423,-1.39238964138397
"47147","20074.16",47147,81946471,0.430834293648682
"47148","20074.16",47148,81946591,0.191288572093983
"47149","20074.16",47149,81946714,0.524339289175194
"47150","20074.16",47150,81948325,-0.265378357257187
"47151","20074.16",47151,81949285,-0.30694812778201
"47152","20074.16",47152,81949697,0.114961733367794
"47153","20074.16",47153,81950011,0.22814119039872
"47154","20074.16",47154,81953261,-0.735471523906002
"47155","20074.16",47155,81955298,-0.534296913338872
"47156","20074.16",47156,81955367,-0.13729826210568
"47157","20074.16",47157,81956927,-0.519564783513021
"47158","20074.16",47158,81957110,-0.344325648393327
"47159","20074.16",47159,81957386,-0.0366775045601484
"47160","20074.16",47160,81957509,0.10527178832076
"47161","20074.16",47161,81957921,0.183346218164688
"47162","20074.16",47162,81958173,-0.578719605517292
"47163","20074.16",47163,81958298,0.568445783679715
"47164","20074.16",47164,81958391,1.00991963109659
"47165","20074.16",47165,81958877,0.844128046525296
"47166","20074.16",47166,81959191,-0.447216421459534
"47167","20074.16",47167,81961688,-0.204034766961547
"47168","20074.16",47168,81961873,0.323616289086297
"47169","20074.16",47169,81961952,-0.0438108484665696
"47170","20074.16",47170,81964004,0.166323510039341
"47171","20074.16",47171,81966047,0.0452291127782569
"47172","20074.16",47172,81966195,0.550262064169229
"47173","20074.16",47173,81967513,-1.43416256009337
"47174","20074.16",47174,81968895,-0.658252767109618
"47175","20074.16",47175,81969092,0.369267417549925
"47176","20074.16",47176,81969436,0.178365386451073
"47177","20074.16",47177,81969847,-0.0173142762194649
"47178","20074.16",47178,81970188,-0.359942829739866
"47179","20074.16",47179,81970407,0.709317127303938
"47180","20074.16",47180,81970495,0.721503285220574
"47181","20074.16",47181,81970970,0.133808337372155
"47182","20074.16",47182,81971354,0.683548723806454
"47183","20074.16",47183,81971403,-0.0765368710058034
"47184","20074.16",47184,81972268,0.406362613372809
"47185","20074.16",47185,81974291,-0.376184436611728
"47186","20074.16",47186,81974754,0.562609039645779
"47187","20074.16",47187,81975065,0.896243291959672
"47188","20074.16",47188,81975680,0.152974809317425
"47189","20074.16",47189,81977185,-0.304175063081972
"47190","20074.16",47190,81977318,-1.2938940420735
"47191","20074.16",47191,81977713,-0.344793933082212
"47192","20074.16",47192,81981572,0.536176146368118
"47193","20074.16",47193,81981648,0.205381832966116
"47194","20074.16",47194,81981842,0.589010755657168
"47195","20074.16",47195,81981986,0.435823834495523
"47196","20074.16",47196,81982491,0.0064978781297782
"47197","20074.16",47197,81982577,-0.821477484645246
"47198","20074.16",47198,81982624,0.410778413461293
"47199","20074.16",47199,81982779,0.666194296329738
"47200","20074.16",47200,81983038,-0.11543484351438
"47201","20074.16",47201,81983058,0.360841992247624
"47202","20074.16",47202,81983099,0.3581786521987
"47203","20074.16",47203,81985595,0.925088833864865
"47204","20074.16",47204,81986208,-0.360914522791585
"47205","20074.16",47205,81988117,-0.217319933006483
"47206","20074.16",47206,81989135,0.171510064982482
"47207","20074.16",47207,81989382,0.0183300585688775
"47208","20074.16",47208,81989484,0.548104183641049
"47209","20074.16",47209,81989951,-0.282077010544071
"47210","20074.16",47210,81991425,-0.037343384828346
"47211","20074.16",47211,81991864,-0.0224607174947415
"47212","20074.16",47212,81993974,0.694323759694414
"47213","20074.16",47213,81994392,-1.8157791995061
"47214","20074.16",47214,81994825,-1.05377525851974
"47215","20074.16",47215,81995177,-0.136137566555756
"47216","20074.16",47216,82006595,-0.377113838539213
"47217","20074.16",47217,82007567,0.313411263120448
"47218","20074.16",47218,82007607,-1.23436367973403
"47219","20074.16",47219,82008007,0.00135324726984987
"47220","20074.16",47220,82018072,0.429570727266737
"47221","20074.16",47221,82018787,0.0207150343923086
"47222","20074.16",47222,82019521,-0.439823073578758
"47223","20074.16",47223,82021546,0.112214925452753
"47224","20074.16",47224,82022126,-0.201844466632783
"47225","20074.16",47225,82024620,-0.339818362909194
"47226","20074.16",47226,82024951,-0.285474878987632
"47227","20074.16",47227,82024977,0.261168204125224
"47228","20074.16",47228,82027321,-0.471308945354954
"47229","20074.16",47229,82027399,0.38315798259165
"47230","20074.16",47230,82027778,-0.50463655433896
"47231","20074.16",47231,82028082,0.127397621630086
"47232","20074.16",47232,82029241,-0.0617189722140612
"47233","20074.16",47233,82030057,-0.273335041845344
"47234","20074.16",47234,82030734,0.339314539693292
"47235","20074.16",47235,82030908,-0.758928749588955
"47236","20074.16",47236,82031448,-0.262047092321578
"47237","20074.16",47237,82033612,0.261937004219509
"47238","20074.16",47238,82033810,0.192873789339217
"47239","20074.16",47239,82035941,-0.783265164925151
"47240","20074.16",47240,82036181,0.015192003803425
"47241","20074.16",47241,82037675,-0.365749593107678
"47242","20074.16",47242,82037873,-0.445041644048256
"47243","20074.16",47243,82044030,0.216743294480141
"47244","20074.16",47244,82044581,-1.25128761117044
"47245","20074.16",47245,82045890,0.410083329893916
"47246","20074.16",47246,82048332,0.658168653297262
"47247","20074.16",47247,82048396,0.303732667374439
"47248","20074.16",47248,82048749,1.28390237817318
"47249","20074.16",47249,82049610,0.333814031324423
"47250","20074.16",47250,82050620,0.27163080885309
"47251","20074.16",47251,82051115,0.608674489453212
"47252","20074.16",47252,82051600,-1.07650374046653
"47253","20074.16",47253,82054162,1.09818006363583
"47254","20074.16",47254,82054488,0.177647126667093
"47255","20074.16",47255,82054639,1.31217004262814
"47256","20074.16",47256,82054737,1.01171008464185
"47257","20074.16",47257,82057369,0.452139739233782
"47258","20074.16",47258,82058579,0.315878876553591
"47259","20074.16",47259,82059890,-0.06325098525339
"47260","20074.16",47260,82060286,-0.282824322103553
"47261","20074.16",47261,82061228,0.600521048456417
"47262","20074.16",47262,82061390,0.374482655778151
"47263","20074.16",47263,82061871,-1.33115550088113
"47264","20074.16",47264,82061909,0.0409816599846282
"47265","20074.16",47265,82062782,0.58907322760981
"47266","20074.16",47266,82064018,-0.286360378388529
"47267","20074.16",47267,82068005,0.199278926569858
"47268","20074.16",47268,82068312,1.08992000375677
"47269","20074.16",47269,82068507,0.612466552224002
"47270","20074.16",47270,82068591,-0.0750380920840579
"47271","20074.16",47271,82074262,-0.309911312141194
"47272","20074.16",47272,82075317,0.274098727624819
"47273","20074.16",47273,82076560,-0.0508516311062808
"47274","20074.16",47274,82077336,0.607592595732632
"47275","20074.16",47275,82077544,0.404914826102162
"47276","20074.16",47276,82077607,-0.109043442049301
"47277","20074.16",47277,82079091,-0.0308997778286377
"47278","20074.16",47278,82081505,0.105561856518792
"47279","20074.16",47279,82082629,-0.0756825851106893
"47280","20074.16",47280,82082640,0.16596157674607
"47281","20074.16",47281,82082978,0.736018072763442
"47282","20074.16",47282,82083112,0.563220531613511
"47283","20074.16",47283,82083187,0.235189419052962
"47284","20074.16",47284,82083295,0.578589265090454
"47285","20074.16",47285,82086022,-0.278353431779811
"47286","20074.16",47286,82086387,0.0477506669144665
"47287","20074.16",47287,82087663,0.744361267602369
"47288","20074.16",47288,82089287,-0.771745689442205
"47289","20074.16",47289,82091137,-0.831904598157996
"47290","20074.16",47290,82092030,-0.381493560418848
"47291","20074.16",47291,82092209,-1.10062848619798
"47292","20074.16",47292,82093183,-0.428089675288305
"47293","20074.16",47293,82095255,0.328792162184981
"47294","20074.16",47294,82095494,0.508395674658193
"47295","20074.16",47295,82095870,0.0606197594226803
"47296","20074.16",47296,82095900,-0.534416833087496
"47297","20074.16",47297,82096198,0.11427139661162
"47298","20074.16",47298,82096815,-0.577847952646978
"47299","20074.16",47299,82099766,-0.507835463375216
"47300","20074.16",47300,82099909,0.997731394891322
"47301","20074.16",47301,82100020,0.201956338574474
"47302","20074.16",47302,82100630,0.582108081772444
"47303","20074.16",47303,82103551,0.297706018722823
"47304","20074.16",47304,82103646,0.46148241345793
"47305","20074.16",47305,82104086,0.439032691496574
"47306","20074.16",47306,82105123,0.0934137277910727
"47307","20074.16",47307,82106287,-0.822816903383185
"47308","20074.16",47308,82106299,0.0117528647551062
"47309","20074.16",47309,82109881,-0.326651501955362
"47310","20074.16",47310,82112642,-0.242253929564146
"47311","20074.16",47311,82113191,0.461969056166748
"47312","20074.16",47312,82113471,0.483431266485931
"47313","20074.16",47313,82114040,-0.682325165254488
"47314","20074.16",47314,82114457,-0.135909951986512
"47315","20074.16",47315,82114483,0.22434188836916
"47316","20074.16",47316,82114741,0.9040528671623
"47317","20074.16",47317,82115148,-0.394774986421117
"47318","20074.16",47318,82115462,-0.623628983663741
"47319","20074.16",47319,82117614,0.701394476617465
"47320","20074.16",47320,82117764,0.300939565110908
"47321","20074.16",47321,82118062,-0.646620589680192
"47322","20074.16",47322,82118772,0.69232384464057
"47323","20074.16",47323,82118875,-0.494121662041958
"47324","20074.16",47324,82119100,-0.0792444232699623
"47325","20074.16",47325,82119517,0.178078859076907
"47326","20074.16",47326,82120192,-0.057172996068946
"47327","20074.16",47327,82120838,0.0266024428142382
"47328","20074.16",47328,82122990,-0.466999577249258
"47329","20074.16",47329,82127691,-0.141984975038993
"47330","20074.16",47330,82128180,-0.367609610480868
"47331","20074.16",47331,82128197,-0.910925026649918
"47332","20074.16",47332,82128343,-0.248195095362761
"47333","20074.16",47333,82128777,-0.0556766665127473
"47334","20074.16",47334,82129196,0.329841592341556
"47335","20074.16",47335,82129256,-0.0387588501450127
"47336","20074.16",47336,82129352,-0.0688859711754342
"47337","20074.16",47337,82129485,-0.113239648207786
"47338","20074.16",47338,82131578,0.615094024283841
"47339","20074.16",47339,82131623,0.107876694930163
"47340","20074.16",47340,82131650,-0.321325676097243
"47341","20074.16",47341,82131813,1.28089251910577
"47342","20074.16",47342,82134440,-0.293666986470205
"47343","20074.16",47343,82135395,-0.0167372692236949
"47344","20074.16",47344,82135511,-0.0427040950810209
"47345","20074.16",47345,82135967,-0.158378734790987
"47346","20074.16",47346,82136254,0.529938067063918
"47347","20074.16",47347,82136566,0.156080614956136
"47348","20074.16",47348,82137109,0.492417282226742
"47349","20074.16",47349,82137211,0.255715735855065
"47350","20074.16",47350,82137355,0.658189147399908
"47351","20074.16",47351,82137425,-1.00801023612559
"47352","20074.16",47352,82137642,0.223767033743003
"47353","20074.16",47353,82138020,-0.519013192281092
"47354","20074.16",47354,82138206,0.855255544496493
"47355","20074.16",47355,82138510,0.0436198849190008
"47356","20074.16",47356,82139336,0.177093500259731
"47357","20074.16",47357,82142262,-0.637172507416249
"47358","20074.16",47358,82142716,0.118835928048634
"47359","20074.16",47359,82143109,-0.347558148425586
"47360","20074.16",47360,82143439,-0.807569631750308
"47361","20074.16",47361,82143541,0.898687722965897
"47362","20074.16",47362,82143687,-0.0966654489536776
"47363","20074.16",47363,82143859,0.464792642342709
"47364","20074.16",47364,82145048,1.12966083096575
"47365","20074.16",47365,82145305,-0.493479992167195
"47366","20074.16",47366,82145378,0.669921594123516
"47367","20074.16",47367,82145925,0.314759269555927
"47368","20074.16",47368,82146086,0.213356046667212
"47369","20074.16",47369,82148378,-0.0138215888243964
"47370","20074.16",47370,82148404,0.39961050450603
"47371","20074.16",47371,82148451,0.583013889519017
"47372","20074.16",47372,82148524,0.320254833521163
"47373","20074.16",47373,82152710,-0.271353523162441
"47374","20074.16",47374,82153436,0.089314126621499
"47375","20074.16",47375,82153695,1.09475088294105
"47376","20074.16",47376,82154396,0.606282265250301
"47377","20074.16",47377,82159665,0.330962480791835
"47378","20074.16",47378,82159880,-0.0658472802383008
"47379","20074.16",47379,82165314,-0.339124387353348
"47380","20074.16",47380,82165406,-0.400998962198792
"47381","20074.16",47381,82165529,0.156946866648264
"47382","20074.16",47382,82165577,0.441168612858182
"47383","20074.16",47383,82166021,-0.149218164689428
"47384","20074.16",47384,82167718,0.84512022456133
"47385","20074.16",47385,82168019,-0.294194242659377
"47386","20074.16",47386,82168234,0.533356205945091
"47387","20074.16",47387,82168829,0.475010999171182
"47388","20074.16",47388,82169124,1.46959830930363
"47389","20074.16",47389,82169264,-0.085540515580596
"47390","20074.16",47390,82169385,-0.296418432568061
"47391","20074.16",47391,82169629,-1.07497976167253
"47392","20074.16",47392,82170283,-0.266588196059141
"47393","20074.16",47393,82170431,-0.570820262767525
"47394","20074.16",47394,82170485,0.166550785926621
"47395","20074.16",47395,82170517,0.315595316471227
"47396","20074.16",47396,82170583,0.577605970856534
"47397","20074.16",47397,82170611,0.206917249800307
"47398","20074.16",47398,82170725,-0.651166179053118
"47399","20074.16",47399,82170772,0.368056332725698
"47400","20074.16",47400,82171367,0.479611957751534
"47401","20074.16",47401,82171691,-0.221705456440625
"47402","20074.16",47402,82171719,0.629422340591105
"47403","20074.16",47403,82172348,-0.0725100802825862
"47404","20074.16",47404,82179757,-0.596855865584433
"47405","20074.16",47405,82180338,-0.412538409116199
"47406","20074.16",47406,82181553,-0.21885307800258
"47407","20074.16",47407,82181582,0.869249606303991
"47408","20074.16",47408,82181798,0.454134310420799
"47409","20074.16",47409,82182011,-0.117404079648903
"47410","20074.16",47410,82182146,0.393455816924674
"47411","20074.16",47411,82183403,0.574403270208742
"47412","20074.16",47412,82183998,-0.114018250029571
"47413","20074.16",47413,82184519,-0.436064844607045
"47414","20074.16",47414,82185112,-0.428272989922705
"47415","20074.16",47415,82186121,0.29495831966405
"47416","20074.16",47416,82186383,-0.230403014968171
"47417","20074.16",47417,82186486,-0.643845650796745
"47418","20074.16",47418,82186572,0.15779275116689
"47419","20074.16",47419,82187229,0.0498517195389132
"47420","20074.16",47420,82187267,0.702564908296716
"47421","20074.16",47421,82189331,-1.30452384531456
"47422","20074.16",47422,82189696,-1.13537333069544
"47423","20074.16",47423,82193496,0.228879997602228
"47424","20074.16",47424,82194842,-0.08272609230014
"47425","20074.16",47425,82195888,-0.241480980921416
"47426","20074.16",47426,82196181,-0.236589836336035
"47427","20074.16",47427,82200103,0.0364526890035615
"47428","20074.16",47428,82200119,0.43771123697628
"47429","20074.16",47429,82200276,0.13864777399593
"47430","20074.16",47430,82200337,0.595701366027526
"47431","20074.16",47431,82200436,-0.53371099964107
"47432","20074.16",47432,82200626,0.170955008836076
"47433","20074.16",47433,82201618,0.281205728835892
"47434","20074.16",47434,82202376,-0.15045737688969
"47435","20074.16",47435,82203274,0.617682150804154
"47436","20074.16",47436,82203742,0.467282953531996
"47437","20074.16",47437,82206458,0.0524064308301702
"47438","20074.16",47438,82206486,-0.289703717661184
"47439","20074.16",47439,82206615,0.346659844613328
"47440","20074.16",47440,82206983,0.305070738983953
"47441","20074.16",47441,82207816,-1.71432454243183
"47442","20074.16",47442,82208282,0.811746506388245
"47443","20074.16",47443,82208355,0.637716909276999
"47444","20074.16",47444,82213517,-0.10341111887467
"47445","20074.16",47445,82213799,-0.241607426504184
"47446","20074.16",47446,82215401,-0.75646612177226
"47447","20074.16",47447,82219441,-0.0960638355623002
"47448","20074.16",47448,82219643,-0.275346866638999
"47449","20074.16",47449,82221881,0.381999515458349
"47450","20074.16",47450,82222408,0.339814097463871
"47451","20074.16",47451,82222791,0.543162829761786
"47452","20074.16",47452,82222920,0.826276672668501
"47453","20074.16",47453,82223123,0.22904581955815
"47454","20074.16",47454,82223174,0.0336601860749157
"47455","20074.16",47455,82223485,-0.330459752570468
"47456","20074.16",47456,82223843,-0.234572682937049
"47457","20074.16",47457,82225566,0.659820429925404
"47458","20074.16",47458,82225885,-0.424910279004979
"47459","20074.16",47459,82226580,0.932963209557006
"47460","20074.16",47460,82226717,0.115575371937583
"47461","20074.16",47461,82227015,0.0199021605247989
"47462","20074.16",47462,82229525,-0.443668404069944
"47463","20074.16",47463,82229611,-0.372739888607547
"47464","20074.16",47464,82230055,0.592259659020722
"47465","20074.16",47465,82230372,-0.521983144040974
"47466","20074.16",47466,82230392,-0.136929656116989
"47467","20074.16",47467,82230815,0.243416781257687
"47468","20074.16",47468,82231669,0.458445737138356
"47469","20074.16",47469,82236881,-0.159858228576875
"47470","20074.16",47470,82237597,1.15392601089644
"47471","20074.16",47471,82241441,-0.187596374701218
"47472","20074.16",47472,82250892,0.29955329465627
"47473","20074.16",47473,82252003,0.177332824048864
"47474","20074.16",47474,82252059,0.664091994388934
"47475","20074.16",47475,82252181,0.0863300462431011
"47476","20074.16",47476,82252681,-0.414900520897518
"47477","20074.16",47477,82252926,-0.0597012793274398
"47478","20074.16",47478,82255145,0.06061429422462
"47479","20074.16",47479,82255428,0.53675381442681
"47480","20074.16",47480,82256742,0.078099902829809
"47481","20074.16",47481,82257130,-0.246223016318531
"47482","20074.16",47482,82257367,0.0486582760400447
"47483","20074.16",47483,82257551,0.816241218733984
"47484","20074.16",47484,82257594,0.213091862971556
"47485","20074.16",47485,82257947,-0.383904472644762
"47486","20074.16",47486,82257953,-0.86942382921537
"47487","20074.16",47487,82258634,0.518526377724867
"47488","20074.16",47488,82259651,-0.00290480400492754
"47489","20074.16",47489,82259737,-0.437286773332129
"47490","20074.16",47490,82259866,0.327443164987272
"47491","20074.16",47491,82262556,0.246430414460769
"47492","20074.16",47492,82263457,-0.237325340891094
"47493","20074.16",47493,82266933,0.196537431531163
"47494","20074.16",47494,82266962,0.144315536494807
"47495","20074.16",47495,82267214,0.116577127964563
"47496","20074.16",47496,82267511,-0.0645871166686636
"47497","20074.16",47497,82267537,0.155093036170426
"47498","20074.16",47498,82273182,-0.166320280190505
"47499","20074.16",47499,82273372,0.294706604621507
"47500","20074.16",47500,82273536,-0.61368733876238
"47501","20074.16",47501,82273549,0.120906764096785
"47502","20074.16",47502,82274207,-0.259316768038932
"47503","20074.16",47503,82274265,-0.41718793503192
"47504","20074.16",47504,82274679,0.437906819207803
"47505","20074.16",47505,82275804,0.624284537225436
"47506","20074.16",47506,82275860,-0.525344826827022
"47507","20074.16",47507,82275877,0.523061020551109
"47508","20074.16",47508,82276254,-0.107550853967046
"47509","20074.16",47509,82276396,0.300388740217284
"47510","20074.16",47510,82276549,-0.661678605412462
"47511","20074.16",47511,82277084,0.645679727420613
"47512","20074.16",47512,82278843,-0.63732754894306
"47513","20074.16",47513,82279143,-0.65695907313838
"47514","20074.16",47514,82279169,-1.15787978309182
"47515","20074.16",47515,82280320,0.489596107648315
"47516","20074.16",47516,82280420,-0.251814938613661
"47517","20074.16",47517,82280548,0.832759558781443
"47518","20074.16",47518,82281822,-0.227449424714958
"47519","20074.16",47519,82283177,-0.589273694814138
"47520","20074.16",47520,82283599,-0.741057930984741
"47521","20074.16",47521,82284367,-0.0416149450990098
"47522","20074.16",47522,82287173,-0.734063193713092
"47523","20074.16",47523,82289482,0.105906032830497
"47524","20074.16",47524,82289723,0.659959979701592
"47525","20074.16",47525,82289768,-0.285445796172154
"47526","20074.16",47526,82289917,0.52072950985563
"47527","20074.16",47527,82290328,-0.738544411774694
"47528","20074.16",47528,82292236,-0.139760734063932
"47529","20074.16",47529,82294513,-0.182055353711946
"47530","20074.16",47530,82294576,0.188605919350414
"47531","20074.16",47531,82294753,-0.843506148002785
"47532","20074.16",47532,82295123,0.696810932541656
"47533","20074.16",47533,82295492,-1.71307277660469
"47534","20074.16",47534,82296526,0.496293571620492
"47535","20074.16",47535,82299234,-0.104566134877436
"47536","20074.16",47536,82302640,0.209878371078545
"47537","20074.16",47537,82302816,1.20767821524604
"47538","20074.16",47538,82303212,-0.498766507117182
"47539","20074.16",47539,82303566,0.202661956651502
"47540","20074.16",47540,82303639,-0.37143024325194
"47541","20074.16",47541,82303735,-0.934227294437981
"47542","20074.16",47542,82303777,-0.408645394471002
"47543","20074.16",47543,82305966,0.249538160662181
"47544","20074.16",47544,82306343,-0.317715353720889
"47545","20074.16",47545,82306405,-0.640184854680302
"47546","20074.16",47546,82306551,0.520885799585453
"47547","20074.16",47547,82306769,-0.458864109958085
"47548","20074.16",47548,82306994,0.0910109431564843
"47549","20074.16",47549,82318045,0.254199328774253
"47550","20074.16",47550,82318488,0.100629024295876
"47551","20074.16",47551,82323213,0.485957644116891
"47552","20074.16",47552,82323239,-1.34981952389259
"47553","20074.16",47553,82323721,-0.188625237389657
"47554","20074.16",47554,82323721,0.249125958473503
"47555","20074.16",47555,82324271,-0.187338204359117
"47556","20074.16",47556,82324387,-1.11172467994824
"47557","20074.16",47557,82324743,0.248177194831658
"47558","20074.16",47558,82325530,0.499281667744346
"47559","20074.16",47559,82325795,0.79230326338341
"47560","20074.16",47560,82325911,0.25682179453315
"47561","20074.16",47561,82326485,-0.0322450709242332
"47562","20074.16",47562,82326589,0.256352021057826
"47563","20074.16",47563,82326668,-0.516609796374795
"47564","20074.16",47564,82326805,0.989081477055708
"47565","20074.16",47565,82326927,0.71450158171625
"47566","20074.16",47566,82327089,0.299933557642174
"47567","20074.16",47567,82334902,-0.101878685303518
"47568","20074.16",47568,82335001,0.897930454092195
"47569","20074.16",47569,82335050,0.283160785704239
"47570","20074.16",47570,82336683,-0.690145171851896
"47571","20074.16",47571,82337128,-0.437905277553138
"47572","20074.16",47572,82342127,-0.668775930817438
"47573","20074.16",47573,82344189,-0.87253490876358
"47574","20074.16",47574,82344400,0.0434161065068182
"47575","20074.16",47575,82344556,-0.0655125674636219
"47576","20074.16",47576,82345583,-0.936277558314266
"47577","20074.16",47577,82346747,0.228590906528731
"47578","20074.16",47578,82347109,-0.0551983749081355
"47579","20074.16",47579,82347156,0.219525056327561
"47580","20074.16",47580,82349244,0.492793589425168
"47581","20074.16",47581,82349548,-0.125411556632148
"47582","20074.16",47582,82351256,-0.46741233815446
"47583","20074.16",47583,82352051,0.486556208237293
"47584","20074.16",47584,82354754,-0.289648614752496
"47585","20074.16",47585,82356689,0.464528759242357
"47586","20074.16",47586,82358777,0.259168181010041
"47587","20074.16",47587,82359689,0.517998490117882
"47588","20074.16",47588,82359782,0.483046151065579
"47589","20074.16",47589,82362421,0.294672834312455
"47590","20074.16",47590,82367630,0.247528784922719
"47591","20074.16",47591,82370624,0.680978711101335
"47592","20074.16",47592,82371090,0.424127810650531
"47593","20074.16",47593,82372017,0.225501886670979
"47594","20074.16",47594,82374039,0.20775775259473
"47595","20074.16",47595,82374080,-0.00143571913985063
"47596","20074.16",47596,82375482,0.172016678667813
"47597","20074.16",47597,82376685,-0.29396604019737
"47598","20074.16",47598,82376872,0.606454633755217
"47599","20074.16",47599,82376908,0.0644284407417164
"47600","20074.16",47600,82376951,-0.00617797702038647
"47601","20074.16",47601,82377421,-0.57579393518414
"47602","20074.16",47602,82377781,1.1894778173981
"47603","20074.16",47603,82382133,0.51610161970006
"47604","20074.16",47604,82382163,-0.296320924166068
"47605","20074.16",47605,82390584,0.34459412362204
"47606","20074.16",47606,82391934,0.400953650274297
"47607","20074.16",47607,82393277,-0.559124706242325
"47608","20074.16",47608,82394277,0.511797829337069
"47609","20074.16",47609,82397654,-1.35002933418797
"47610","20074.16",47610,82404893,-0.785771158012056
"47611","20074.16",47611,82405196,0.597906896811215
"47612","20074.16",47612,82405374,0.534449043584662
"47613","20074.16",47613,82406142,0.892884128881883
"47614","20074.16",47614,82409669,-0.484654233464183
"47615","20074.16",47615,82410086,-1.59249904840389
"47616","20074.16",47616,82411483,0.293822222390388
"47617","20074.16",47617,82411737,0.4556766986879
"47618","20074.16",47618,82412067,-0.348805834577479
"47619","20074.16",47619,82412430,0.0653664404057128
"47620","20074.16",47620,82414751,-0.443087621941468
"47621","20074.16",47621,82416341,0.0743567888045975
"47622","20074.16",47622,82417622,-0.0243173004251389
"47623","20074.16",47623,82419296,0.193213267701101
"47624","20074.16",47624,82419324,0.208021927269518
"47625","20074.16",47625,82419342,0.0684151172716883
"47626","20074.16",47626,82419473,1.46211970894549
"47627","20074.16",47627,82419517,-0.275454160761194
"47628","20074.16",47628,82420724,0.301419116627126
"47629","20074.16",47629,82420919,0.981808237513001
"47630","20074.16",47630,82421015,0.201891338914714
"47631","20074.16",47631,82421340,-0.068611194610316
"47632","20074.16",47632,82421616,0.270522710092945
"47633","20074.16",47633,82421682,-0.197890067729524
"47634","20074.16",47634,82422015,0.348251890507334
"47635","20074.16",47635,82422113,0.00657367979338286
"47636","20074.16",47636,82422572,-0.109242018972487
"47637","20074.16",47637,82423086,0.193869615303261
"47638","20074.16",47638,82423600,-0.511833584809193
"47639","20074.16",47639,82424223,0.214199497619885
"47640","20074.16",47640,82424827,-0.67922294655144
"47641","20074.16",47641,82425634,0.813556491600392
"47642","20074.16",47642,82426286,0.150264903852204
"47643","20074.16",47643,82428492,-0.116939734477289
"47644","20074.16",47644,82428543,-0.137265935699093
"47645","20074.16",47645,82429066,1.02692022029428
"47646","20074.16",47646,82430084,0.482295429210541
"47647","20074.16",47647,82430916,0.33041061612114
"47648","20074.16",47648,82431003,0.261834384904955
"47649","20074.16",47649,82431694,0.593015908605234
"47650","20074.16",47650,82432330,0.0247356997561479
"47651","20074.16",47651,82433008,0.767715667560277
"47652","20074.16",47652,82433756,-0.725317600207134
"47653","20074.16",47653,82434373,0.244643035532827
"47654","20074.16",47654,82436233,0.030482274022015
"47655","20074.16",47655,82437035,-0.187926948575988
"47656","20074.16",47656,82437490,0.144996823593623
"47657","20074.16",47657,82439011,1.0190402362901
"47658","20074.16",47658,82439484,-0.0762810431375271
"47659","20074.16",47659,82439649,0.283685782501595
"47660","20074.16",47660,82439669,0.526966107280015
"47661","20074.16",47661,82439690,-0.00744316605967743
"47662","20074.16",47662,82440524,0.475109847550473
"47663","20074.16",47663,82443434,0.245252458676972
"47664","20074.16",47664,82443459,1.04174109084588
"47665","20074.16",47665,82446268,-0.265103481531235
"47666","20074.16",47666,82446920,-0.97257990318246
"47667","20074.16",47667,82449001,0.285317188553743
"47668","20074.16",47668,82449453,-0.00440611224265464
"47669","20074.16",47669,82454172,0.156653952651795
"47670","20074.16",47670,82454277,0.44003519020657
"47671","20074.16",47671,82454743,-0.701290626308284
"47672","20074.16",47672,82455170,-0.269314662938476
"47673","20074.16",47673,82455224,-0.257537343653271
"47674","20074.16",47674,82455698,-0.22180229627755
"47675","20074.16",47675,82455819,0.821962943614
"47676","20074.16",47676,82455832,0.734438351161633
"47677","20074.16",47677,82457618,-0.540416863803316
"47678","20074.16",47678,82459460,-0.0953135485666552
"47679","20074.16",47679,82460022,-1.26650603095229
"47680","20074.16",47680,82460189,-0.115563663305303
"47681","20074.16",47681,82460809,-0.614092656652166
"47682","20074.16",47682,82461769,-0.50341487401101
"47683","20074.16",47683,82462013,-0.121624741258088
"47684","20074.16",47684,82465752,0.381081615484175
"47685","20074.16",47685,82467900,-0.145439839424386
"47686","20074.16",47686,82468406,0.0122958434780998
"47687","20074.16",47687,82474220,0.0525346575945775
"47688","20074.16",47688,82474501,0.737552113216613
"47689","20074.16",47689,82474630,0.207527648389952
"47690","20074.16",47690,82475196,0.795507887745239
"47691","20074.16",47691,82477535,0.0882965135703726
"47692","20074.16",47692,82478212,0.253737630450197
"47693","20074.16",47693,82478426,0.47998465928223
"47694","20074.16",47694,82478607,0.0378388477574694
"47695","20074.16",47695,82478648,-0.0177883867870952
"47696","20074.16",47696,82478830,0.083570934780278
"47697","20074.16",47697,82479147,-0.397888138615039
"47698","20074.16",47698,82479889,0.574307370491357
"47699","20074.16",47699,82480029,-0.0549264310983144
"47700","20074.16",47700,82483101,-0.390649147986262
"47701","20074.16",47701,82483195,0.515781857392922
"47702","20074.16",47702,82483397,0.276111837902675
"47703","20074.16",47703,82483709,-0.110607505010138
"47704","20074.16",47704,82483798,-0.743106751948369
"47705","20074.16",47705,82484069,-0.705576382588644
"47706","20074.16",47706,82484707,0.109103240759313
"47707","20074.16",47707,82484851,0.184270752347222
"47708","20074.16",47708,82485149,-0.277439152779643
"47709","20074.16",47709,82485657,-0.356738368603869
"47710","20074.16",47710,82485688,0.352235466550062
"47711","20074.16",47711,82489125,0.166328210079692
"47712","20074.16",47712,82489273,-0.400027231033867
"47713","20074.16",47713,82490297,0.38930658149181
"47714","20074.16",47714,82490546,0.185660226074932
"47715","20074.16",47715,82490585,-0.168750116557196
"47716","20074.16",47716,82490660,-0.286919234074573
"47717","20074.16",47717,82491266,0.148121576590233
"47718","20074.16",47718,82491301,0.289021291459458
"47719","20074.16",47719,82491392,-0.450729292592353
"47720","20074.16",47720,82491526,0.579065259945543
"47721","20074.16",47721,82491784,0.0695671457494624
"47722","20074.16",47722,82492410,0.023250988674171
"47723","20074.16",47723,82493125,0.614667136438265
"47724","20074.16",47724,82493279,-0.15609596040439
"47725","20074.16",47725,82493632,-0.0388970267498028
"47726","20074.16",47726,82493746,0.259926140447562
"47727","20074.16",47727,82494553,0.139900432920801
"47728","20074.16",47728,82494755,0.281496759791493
"47729","20074.16",47729,82494882,0.278360182046856
"47730","20074.16",47730,82494943,0.658252506230144
"47731","20074.16",47731,82494974,-0.217950652907114
"47732","20074.16",47732,82497700,0.294722662607563
"47733","20074.16",47733,82497978,-0.375250243037915
"47734","20074.16",47734,82497994,-0.281703564088007
"47735","20074.16",47735,82498047,0.299514054701281
"47736","20074.16",47736,82499695,0.416877393771846
"47737","20074.16",47737,82503722,0.39668378066684
"47738","20074.16",47738,82504277,-0.129691499430828
"47739","20074.16",47739,82507787,0.595223690712777
"47740","20074.16",47740,82511011,-0.281692529219661
"47741","20074.16",47741,82512068,-0.428113390299902
"47742","20074.16",47742,82513058,-0.461313844952121
"47743","20074.16",47743,82513393,0.170141007478935
"47744","20074.16",47744,82514682,0.218007963807785
"47745","20074.16",47745,82515973,0.897045784065079
"47746","20074.16",47746,82516361,0.501674134971544
"47747","20074.16",47747,82516399,0.194247360762385
"47748","20074.16",47748,82516651,-0.410220987867507
"47749","20074.16",47749,82518965,-0.59687060094092
"47750","20074.16",47750,82521063,-0.797046152271203
"47751","20074.16",47751,82521170,0.686207663893964
"47752","20074.16",47752,82521530,1.13626307642591
"47753","20074.16",47753,82521983,-0.271638301764968
"47754","20074.16",47754,82522011,0.399447692581675
"47755","20074.16",47755,82522205,0.522916611888008
"47756","20074.16",47756,82527281,-0.300409033063884
"47757","20074.16",47757,82528087,-0.59466805985876
"47758","20074.16",47758,82529368,0.933401058639235
"47759","20074.16",47759,82529585,-0.0431283454597287
"47760","20074.16",47760,82529643,0.0059202054547649
"47761","20074.16",47761,82529776,-0.20139969135201
"47762","20074.16",47762,82530027,0.0711941971633276
"47763","20074.16",47763,82531046,-0.317610173976205
"47764","20074.16",47764,82532048,0.220000387223822
"47765","20074.16",47765,82532126,0.251463456549135
"47766","20074.16",47766,82532239,-0.453542050492761
"47767","20074.16",47767,82533703,0.460369370383664
"47768","20074.16",47768,82533738,-0.0705576605620948
"47769","20074.16",47769,82536475,0.779030213194907
"47770","20074.16",47770,82536542,-0.389727513059865
"47771","20074.16",47771,82537014,-0.0670486272163355
"47772","20074.16",47772,82537713,-0.316937531649043
"47773","20074.16",47773,82539058,-0.471277753760102
"47774","20074.16",47774,82539061,0.695739042303988
"47775","20074.16",47775,82540461,-0.447182099511647
"47776","20074.16",47776,82540787,0.0399946512136831
"47777","20074.16",47777,82540806,-1.19222105077666
"47778","20074.16",47778,82541523,0.0868644296242786
"47779","20074.16",47779,82543378,-0.289890668061711
"47780","20074.16",47780,82543432,0.467336896277083
"47781","20074.16",47781,82544120,0.162596410034005
"47782","20074.16",47782,82545794,-0.245233522633503
"47783","20074.16",47783,82547006,0.894180183641144
"47784","20074.16",47784,82548077,0.355614329179203
"47785","20074.16",47785,82548434,0.065888397271955
"47786","20074.16",47786,82551341,0.0302683028732575
"47787","20074.16",47787,82551684,0.114492765942727
"47788","20074.16",47788,82552789,0.248259673830623
"47789","20074.16",47789,82553932,0.844049256850677
"47790","20074.16",47790,82554153,0.178778170195756
"47791","20074.16",47791,82554882,-0.235104784281698
"47792","20074.16",47792,82556006,0.630036413790651
"47793","20074.16",47793,82556280,0.944068360481062
"47794","20074.16",47794,82556657,-0.093762889411301
"47795","20074.16",47795,82557069,-0.157726288711472
"47796","20074.16",47796,82557684,-0.373163259072352
"47797","20074.16",47797,82562106,0.586229301697569
"47798","20074.16",47798,82562233,-0.232748010920607
"47799","20074.16",47799,82562346,0.424173655958607
"47800","20074.16",47800,82562455,0.380294031147332
"47801","20074.16",47801,82562649,0.464894463927187
"47802","20074.16",47802,82563148,0.909880402661797
"47803","20074.16",47803,82564067,-0.121088213439145
"47804","20074.16",47804,82564247,0.221996816578831
"47805","20074.16",47805,82566491,0.0534733114114756
"47806","20074.16",47806,82567198,-0.485694475769765
"47807","20074.16",47807,82567404,0.0635524282807065
"47808","20074.16",47808,82567448,0.252163373078635
"47809","20074.16",47809,82567745,-0.832975479822601
"47810","20074.16",47810,82569208,-0.26909542020468
"47811","20074.16",47811,82569552,0.153153780136774
"47812","20074.16",47812,82569761,-0.540935068997917
"47813","20074.16",47813,82570034,-0.986797329659847
"47814","20074.16",47814,82570373,0.113586071118255
"47815","20074.16",47815,82570422,-0.0883459050091604
"47816","20074.16",47816,82573533,1.30998577273735
"47817","20074.16",47817,82573711,-0.0264763388005491
"47818","20074.16",47818,82575913,0.276315776404133
"47819","20074.16",47819,82577502,-0.590515576773171
"47820","20074.16",47820,82577671,0.68651957868684
"47821","20074.16",47821,82577739,0.579312932721119
"47822","20074.16",47822,82578047,0.438832814414396
"47823","20074.16",47823,82578215,0.0205411268328977
"47824","20074.16",47824,82579689,-0.94613766836131
"47825","20074.16",47825,82579811,0.135650267413532
"47826","20074.16",47826,82579853,0.418328406590601
"47827","20074.16",47827,82580213,-0.290371696839092
"47828","20074.16",47828,82580397,0.34081613916612
"47829","20074.16",47829,82580557,0.270363397696637
"47830","20074.16",47830,82580870,-0.988477193904983
"47831","20074.16",47831,82580871,0.164250810068542
"47832","20074.16",47832,82580983,0.955268744891712
"47833","20074.16",47833,82581142,0.532762135639039
"47834","20074.16",47834,82582625,1.22163635209126
"47835","20074.16",47835,82582662,0.457671961346292
"47836","20074.16",47836,82582864,1.07117400126745
"47837","20074.16",47837,82582971,-0.676397829478248
"47838","20074.16",47838,82583025,-0.439473555537643
"47839","20074.16",47839,82586688,0.124656877532852
"47840","20074.16",47840,82587155,0.129973043002796
"47841","20074.16",47841,82587324,-0.200446350334986
"47842","20074.16",47842,82587414,-0.235513475234078
"47843","20074.16",47843,82587535,0.744910163146895
"47844","20074.16",47844,82591786,-0.746685811382582
"47845","20074.16",47845,82591871,-1.67533476394362
"47846","20074.16",47846,82592769,-0.0135208498040384
"47847","20074.16",47847,82592827,0.750951303818836
"47848","20074.16",47848,82593064,-0.423657193973633
"47849","20074.16",47849,82593537,0.102859570986298
"47850","20074.16",47850,82593560,0.858325047849529
"47851","20074.16",47851,82593883,-0.469126651333204
"47852","20074.16",47852,82593962,0.9757681945172
"47853","20074.16",47853,82596562,0.290155761667662
"47854","20074.16",47854,82596575,0.354017519010111
"47855","20074.16",47855,82596753,-0.0840580988517834
"47856","20074.16",47856,82597696,-0.0790166423155094
"47857","20074.16",47857,82598409,-1.16548839133003
"47858","20074.16",47858,82600882,0.55314339177604
"47859","20074.16",47859,82600974,0.351000409058577
"47860","20074.16",47860,82601003,-0.080493958857084
"47861","20074.16",47861,82601311,0.0558458369380004
"47862","20074.16",47862,82601505,0.447351176123637
"47863","20074.16",47863,82601718,0.802554421309963
"47864","20074.16",47864,82602053,0.510274088638112
"47865","20074.16",47865,82602083,1.08755927664491
"47866","20074.16",47866,82602306,0.195481686570636
"47867","20074.16",47867,82602346,-0.743366842617065
"47868","20074.16",47868,82602736,0.428831363282574
"47869","20074.16",47869,82603042,0.295520785196165
"47870","20074.16",47870,82603077,0.211914572883721
"47871","20074.16",47871,82603640,0.375272481623177
"47872","20074.16",47872,82603752,0.418871133936169
"47873","20074.16",47873,82603982,-0.981681155483002
"47874","20074.16",47874,82605085,0.765793363143827
"47875","20074.16",47875,82605442,-0.508119297364042
"47876","20074.16",47876,82607000,0.214847109615144
"47877","20074.16",47877,82607043,0.2491104493272
"47878","20074.16",47878,82607157,-0.555739643696882
"47879","20074.16",47879,82607178,-0.230565973355191
"47880","20074.16",47880,82607991,-0.346464091144282
"47881","20074.16",47881,82608735,0.267034288908337
"47882","20074.16",47882,82608827,0.343196708826521
"47883","20074.16",47883,82609254,-0.518009611899949
"47884","20074.16",47884,82609458,0.463031630191479
"47885","20074.16",47885,82609532,1.10630178370726
"47886","20074.16",47886,82609622,0.886904538365246
"47887","20074.16",47887,82609633,0.528215077057555
"47888","20074.16",47888,82612605,-0.0299537061713435
"47889","20074.16",47889,82615717,0.116316995969196
"47890","20074.16",47890,82615959,0.722446801143337
"47891","20074.16",47891,82616526,-0.748299805266968
"47892","20074.16",47892,82616636,0.695136162026087
"47893","20074.16",47893,82617136,-0.29953952685281
"47894","20074.16",47894,82617178,0.165963059605472
"47895","20074.16",47895,82617379,0.187946035920725
"47896","20074.16",47896,82621847,0.198173018245076
"47897","20074.16",47897,82622140,0.401184884230399
"47898","20074.16",47898,82622362,-0.28522395393447
"47899","20074.16",47899,82623871,-0.341306562251416
"47900","20074.16",47900,82627153,-0.0376726119280439
"47901","20074.16",47901,82627444,-0.735755834080424
"47902","20074.16",47902,82627503,0.240753809864163
"47903","20074.16",47903,82627861,-0.584459170422711
"47904","20074.16",47904,82627952,0.122095032498012
"47905","20074.16",47905,82628422,0.987070939866231
"47906","20074.16",47906,82628494,-0.384116976137921
"47907","20074.16",47907,82629568,0.13119410746561
"47908","20074.16",47908,82630296,0.240633855740598
"47909","20074.16",47909,82630333,-0.376512951430057
"47910","20074.16",47910,82631379,0.665066886900122
"47911","20074.16",47911,82631672,0.459222610189481
"47912","20074.16",47912,82632815,-0.811708716900779
"47913","20074.16",47913,82634053,0.661844718476929
"47914","20074.16",47914,82634152,-0.341012768304076
"47915","20074.16",47915,82636351,0.220004567515698
"47916","20074.16",47916,82636436,0.310968706172665
"47917","20074.16",47917,82637110,-0.54382736957707
"47918","20074.16",47918,82637134,0.0888319961203239
"47919","20074.16",47919,82637328,0.128899952888254
"47920","20074.16",47920,82637814,-0.27279729746551
"47921","20074.16",47921,82638218,-1.32158193076776
"47922","20074.16",47922,82639600,-0.99440281650389
"47923","20074.16",47923,82639857,-0.00355537699512709
"47924","20074.16",47924,82639924,0.555997243975844
"47925","20074.16",47925,82642651,-1.25277940679667
"47926","20074.16",47926,82643300,0.415895763605671
"47927","20074.16",47927,82645138,0.389018416745684
"47928","20074.16",47928,82645783,1.34949877922732
"47929","20074.16",47929,82646094,0.412330459714922
"47930","20074.16",47930,82646152,0.674564782095884
"47931","20074.16",47931,82646168,0.441318483633025
"47932","20074.16",47932,82646333,0.689767960100245
"47933","20074.16",47933,82646462,0.320506180693736
"47934","20074.16",47934,82646701,-0.282325051981907
"47935","20074.16",47935,82646972,0.355556852569602
"47936","20074.16",47936,82647280,-0.0642279207718026
"47937","20074.16",47937,82649209,-0.557693772993874
"47938","20074.16",47938,82650025,-0.160561046281248
"47939","20074.16",47939,82650190,0.652458210701238
"47940","20074.16",47940,82650717,0.169759844408232
"47941","20074.16",47941,82651193,0.357487794623917
"47942","20074.16",47942,82651285,0.425160426834668
"47943","20074.16",47943,82654035,-0.449784892752515
"47944","20074.16",47944,82655660,0.654208315335215
"47945","20074.16",47945,82655794,0.589856366236321
"47946","20074.16",47946,82655901,0.893268630300095
"47947","20074.16",47947,82656160,0.806117628094953
"47948","20074.16",47948,82656425,0.22035345749481
"47949","20074.16",47949,82656521,-0.761863465546024
"47950","20074.16",47950,82656645,0.355093448285881
"47951","20074.16",47951,82656804,0.569795402005719
"47952","20074.16",47952,82656995,0.431354772981936
"47953","20074.16",47953,82657182,-0.526564767361194
"47954","20074.16",47954,82658728,0.080178407761994
"47955","20074.16",47955,82659194,-0.197940027137516
"47956","20074.16",47956,82663438,0.478835323126131
"47957","20074.16",47957,82669958,0.476467777605674
"47958","20074.16",47958,82670214,0.301693367639198
"47959","20074.16",47959,82670249,0.193049386273312
"47960","20074.16",47960,82670539,0.0935723422715613
"47961","20074.16",47961,82670636,1.31542610987182
"47962","20074.16",47962,82671409,0.365473401438671
"47963","20074.16",47963,82672165,0.606389024067275
"47964","20074.16",47964,82672382,0.70407450819019
"47965","20074.16",47965,82672483,-0.30843222598257
"47966","20074.16",47966,82673134,0.049812154658353
"47967","20074.16",47967,82675866,-0.722462110289232
"47968","20074.16",47968,82675923,0.386355331889264
"47969","20074.16",47969,82676746,-0.0751127912937788
"47970","20074.16",47970,82676806,0.458973846590623
"47971","20074.16",47971,82676806,0.65708314805535
"47972","20074.16",47972,82677023,0.442610335014987
"47973","20074.16",47973,82677117,0.550742230540266
"47974","20074.16",47974,82678443,-1.12845588191288
"47975","20074.16",47975,82679213,0.0014513116914312
"47976","20074.16",47976,82679478,-0.10330212924723
"47977","20074.16",47977,82679532,0.726169253828055
"47978","20074.16",47978,82680270,-0.0707218854982061
"47979","20074.16",47979,82680376,0.344128515454121
"47980","20074.16",47980,82680526,0.733652473764962
"47981","20074.16",47981,82682487,-0.118008776369186
"47982","20074.16",47982,82682540,0.317672747247651
"47983","20074.16",47983,82682644,-0.198519790819763
"47984","20074.16",47984,82683243,-0.0534984517138941
"47985","20074.16",47985,82683368,-0.186648120384043
"47986","20074.16",47986,82684863,0.479239037942564
"47987","20074.16",47987,82685018,0.764650801176585
"47988","20074.16",47988,82685301,-0.141185184843509
"47989","20074.16",47989,82687370,0.238132217607698
"47990","20074.16",47990,82687386,0.483732640139205
"47991","20074.16",47991,82687797,-0.445214431342629
"47992","20074.16",47992,82687998,-0.242505073396126
"47993","20074.16",47993,82689677,1.1826698854205
"47994","20074.16",47994,82689696,0.509755315109218
"47995","20074.16",47995,82689816,-0.370398873562321
"47996","20074.16",47996,82690754,-0.204060842832068
"47997","20074.16",47997,82691392,0.612015921311118
"47998","20074.16",47998,82691564,0.0760279507264388
"47999","20074.16",47999,82692235,-0.510438256206561
"48000","20074.16",48000,82692929,0.683554090779082
"48001","20074.16",48001,82695002,0.243965466549146
"48002","20074.16",48002,82695613,-0.697848771743232
"48003","20074.16",48003,82696105,0.221837106543517
"48004","20074.16",48004,82696136,0.409736868113636
"48005","20074.16",48005,82696286,0.131374472870233
"48006","20074.16",48006,82696304,-0.49354776361574
"48007","20074.16",48007,82696350,0.0162207165786423
"48008","20074.16",48008,82697255,0.109634166141176
"48009","20074.16",48009,82697304,0.330295548433903
"48010","20074.16",48010,82698649,-0.575718228280382
"48011","20074.16",48011,82698670,0.65750009861146
"48012","20074.16",48012,82698840,0.250950630327943
"48013","20074.16",48013,82698926,0.554625698413886
"48014","20074.16",48014,82699167,0.782440630803628
"48015","20074.16",48015,82700502,0.309188740067033
"48016","20074.16",48016,82700937,-2.47518779645646
"48017","20074.16",48017,82701268,0.91909457285058
"48018","20074.16",48018,82701333,0.289143381910342
"48019","20074.16",48019,82701973,0.271831921762041
"48020","20074.16",48020,82702784,0.358085180598956
"48021","20074.16",48021,82702823,-0.232786755514926
"48022","20074.16",48022,82704082,-0.128680699626313
"48023","20074.16",48023,82704581,-0.123616894167296
"48024","20074.16",48024,82705111,0.17295436385441
"48025","20074.16",48025,82705169,-1.1264530026987
"48026","20074.16",48026,82705222,-0.53194092487005
"48027","20074.16",48027,82705649,0.498005506754143
"48028","20074.16",48028,82705771,0.135766314541321
"48029","20074.16",48029,82705864,0.205763666483556
"48030","20074.16",48030,82705930,0.140176287660237
"48031","20074.16",48031,82706126,-0.563378530843615
"48032","20074.16",48032,82706567,-1.19732860204858
"48033","20074.16",48033,82707348,-0.204360554714468
"48034","20074.16",48034,82709161,-0.123477854292001
"48035","20074.16",48035,82710818,-0.307861278942822
"48036","20074.16",48036,82710856,-0.121328819965399
"48037","20074.16",48037,82710869,-0.153546386247091
"48038","20074.16",48038,82711365,-0.0215470666403199
"48039","20074.16",48039,82711504,0.096577525592732
"48040","20074.16",48040,82712032,0.43236263926121
"48041","20074.16",48041,82712315,0.16547714272011
"48042","20074.16",48042,82713009,-0.0146915920885133
"48043","20074.16",48043,82713103,0.605726026957046
"48044","20074.16",48044,82714047,0.112787380062806
"48045","20074.16",48045,82714696,0.855591436366066
"48046","20074.16",48046,82715897,-0.194337128196679
"48047","20074.16",48047,82717684,0.344580540906624
"48048","20074.16",48048,82718711,0.528233027591701
"48049","20074.16",48049,82718966,-0.00714420988158349
"48050","20074.16",48050,82719340,0.0145536910609332
"48051","20074.16",48051,82719490,0.218900569172598
"48052","20074.16",48052,82719515,-0.467507735433434
"48053","20074.16",48053,82720208,-0.156243603955193
"48054","20074.16",48054,82720706,-0.0818202133176413
"48055","20074.16",48055,82721424,0.052050956188765
"48056","20074.16",48056,82722092,-0.323050480335039
"48057","20074.16",48057,82722537,-0.267781418714684
"48058","20074.16",48058,82722556,0.318942525786251
"48059","20074.16",48059,82722940,-0.85925031449953
"48060","20074.16",48060,82723298,-0.340151822305145
"48061","20074.16",48061,82724240,-0.280885220452463
"48062","20074.16",48062,82724885,-0.280463102303484
"48063","20074.16",48063,82725245,-0.0901961549383419
"48064","20074.16",48064,82725726,0.331875083748481
"48065","20074.16",48065,82726484,0.251048592783685
"48066","20074.16",48066,82726747,1.45919534644728
"48067","20074.16",48067,82726796,0.430256677346331
"48068","20074.16",48068,82726865,-1.28132498805694
"48069","20074.16",48069,82726886,0.384118092602384
"48070","20074.16",48070,82726987,0.419396640487457
"48071","20074.16",48071,82727084,-0.0536817932815943
"48072","20074.16",48072,82727418,0.686437525639607
"48073","20074.16",48073,82728552,0.0635049872438156
"48074","20074.16",48074,82731741,-0.768195720072142
"48075","20074.16",48075,82731804,0.357852179826456
"48076","20074.16",48076,82732007,-0.417245284682941
"48077","20074.16",48077,82734651,0.345887749841128
"48078","20074.16",48078,82735886,0.214940752459442
"48079","20074.16",48079,82736541,-0.739952002308811
"48080","20074.16",48080,82746350,0.493772852965432
"48081","20074.16",48081,82746881,0.805168918297924
"48082","20074.16",48082,82746909,-0.247157563321305
"48083","20074.16",48083,82746937,0.949632928336379
"48084","20074.16",48084,82747347,-1.45205258341673
"48085","20074.16",48085,82749374,0.619581750592418
"48086","20074.16",48086,82749637,-0.140624842224987
"48087","20074.16",48087,82754386,-0.210085278567202
"48088","20074.16",48088,82755965,-0.660081857041731
"48089","20074.16",48089,82762729,0.237846597123022
"48090","20074.16",48090,82765607,-0.55426753723292
"48091","20074.16",48091,82767542,-0.229319004371378
"48092","20074.16",48092,82769541,-1.07102872554531
"48093","20074.16",48093,82770031,-0.0890988686081666
"48094","20074.16",48094,82772476,0.453754559204259
"48095","20074.16",48095,82772868,-0.139788034568443
"48096","20074.16",48096,82773859,0.0707481217859769
"48097","20074.16",48097,82775107,-0.0585755862926218
"48098","20074.16",48098,82777285,0.558253401978804
"48099","20074.16",48099,82777897,0.508746379651609
"48100","20074.16",48100,82778092,-0.549136489282221
"48101","20074.16",48101,82781666,-0.19216825349632
"48102","20074.16",48102,82782199,-0.273758877061909
"48103","20074.16",48103,82782542,0.862333619855677
"48104","20074.16",48104,82782587,0.433882897909606
"48105","20074.16",48105,82782838,0.470598604559178
"48106","20074.16",48106,82784440,0.472845860091769
"48107","20074.16",48107,82784687,0.298904530142099
"48108","20074.16",48108,82784825,-0.899379784531734
"48109","20074.16",48109,82784943,0.817687468420856
"48110","20074.16",48110,82785119,0.452592445001753
"48111","20074.16",48111,82785903,-0.280052122427717
"48112","20074.16",48112,82786288,0.446170032122574
"48113","20074.16",48113,82786408,0.107542743803956
"48114","20074.16",48114,82787053,-0.26711246085224
"48115","20074.16",48115,82788845,-1.8198685040051
"48116","20074.16",48116,82788901,0.103788085955914
"48117","20074.16",48117,82789089,0.514925698175403
"48118","20074.16",48118,82790851,0.087841579518189
"48119","20074.16",48119,82794461,-1.00956935138025
"48120","20074.16",48120,82795213,0.428790625253526
"48121","20074.16",48121,82795566,0.656956809341799
"48122","20074.16",48122,82795643,1.19329721905304
"48123","20074.16",48123,82796778,-1.53953109817872
"48124","20074.16",48124,82797625,0.357601806167993
"48125","20074.16",48125,82797839,0.138292451376135
"48126","20074.16",48126,82800841,-0.230248253281641
"48127","20074.16",48127,82801365,-0.618686786215078
"48128","20074.16",48128,82801388,-0.474170531414431
"48129","20074.16",48129,82801530,0.0880492108826259
"48130","20074.16",48130,82801892,-0.373640098652224
"48131","20074.16",48131,82806653,0.186888012473583
"48132","20074.16",48132,82808289,0.0533704227869443
"48133","20074.16",48133,82809029,0.49525750312847
"48134","20074.16",48134,82809292,0.0228548656345291
"48135","20074.16",48135,82810016,0.314858874194781
"48136","20074.16",48136,82812554,-0.437930020388087
"48137","20074.16",48137,82812773,-0.914425630285004
"48138","20074.16",48138,82812773,-0.114771262834297
"48139","20074.16",48139,82812959,0.835156643388387
"48140","20074.16",48140,82813258,-0.260581067537697
"48141","20074.16",48141,82813837,-0.235960282057717
"48142","20074.16",48142,82813942,-0.248552674935483
"48143","20074.16",48143,82813958,0.153827719882306
"48144","20074.16",48144,82815030,-0.101975983431963
"48145","20074.16",48145,82815346,0.173725419436129
"48146","20074.16",48146,82815707,0.407412393159166
"48147","20074.16",48147,82816208,0.295349263241856
"48148","20074.16",48148,82816297,0.502760888199293
"48149","20074.16",48149,82816475,0.213817941682281
"48150","20074.16",48150,82817006,0.593840292847177
"48151","20074.16",48151,82817251,0.764545894970845
"48152","20074.16",48152,82817306,0.458835099134542
"48153","20074.16",48153,82817742,-0.711340549097533
"48154","20074.16",48154,82817885,0.161053798917773
"48155","20074.16",48155,82820866,-0.0587294330945625
"48156","20074.16",48156,82821028,-0.0431261611277414
"48157","20074.16",48157,82821672,0.36563005020757
"48158","20074.16",48158,82821752,-0.72568945674042
"48159","20074.16",48159,82822013,0.547146170719224
"48160","20074.16",48160,82822319,0.0297824523584831
"48161","20074.16",48161,82822712,0.101577586666086
"48162","20074.16",48162,82823027,0.212019819685582
"48163","20074.16",48163,82823040,-0.644464178237407
"48164","20074.16",48164,82823326,0.172778722608064
"48165","20074.16",48165,82823424,0.379250881372704
"48166","20074.16",48166,82823499,-0.978358413850878
"48167","20074.16",48167,82823552,0.614903885351771
"48168","20074.16",48168,82824214,-0.014921042532742
"48169","20074.16",48169,82825484,-1.39522456034085
"48170","20074.16",48170,82826074,0.585819499906061
"48171","20074.16",48171,82826161,-0.183465470328646
"48172","20074.16",48172,82826507,-0.210556596756982
"48173","20074.16",48173,82829401,-0.0388533479179385
"48174","20074.16",48174,82829476,0.23612974283837
"48175","20074.16",48175,82829521,-0.402845480667589
"48176","20074.16",48176,82829727,0.147752330889594
"48177","20074.16",48177,82831505,0.441434311185318
"48178","20074.16",48178,82831547,0.252919762235424
"48179","20074.16",48179,82831887,0.208539600166036
"48180","20074.16",48180,82831914,-0.347518680905884
"48181","20074.16",48181,82832500,-0.657017878553338
"48182","20074.16",48182,82832731,-0.0619651504123464
"48183","20074.16",48183,82832949,0.173483328143774
"48184","20074.16",48184,82833007,0.0282747558001875
"48185","20074.16",48185,82833827,-0.208776553496962
"48186","20074.16",48186,82834027,0.5200196339389
"48187","20074.16",48187,82835886,-0.229804796701277
"48188","20074.16",48188,82836095,0.12335843321283
"48189","20074.16",48189,82836706,0.272370539809985
"48190","20074.16",48190,82836775,-1.11417949861077
"48191","20074.16",48191,82836848,0.480273444434952
"48192","20074.16",48192,82837135,-0.250415655458158
"48193","20074.16",48193,82837165,0.258601468811611
"48194","20074.16",48194,82837457,0.140087029216176
"48195","20074.16",48195,82837961,0.347577754510788
"48196","20074.16",48196,82839042,-0.199883666902323
"48197","20074.16",48197,82840221,0.173370786885034
"48198","20074.16",48198,82840303,0.542838456263552
"48199","20074.16",48199,82842994,-0.167276698124135
"48200","20074.16",48200,82843167,0.14391086726368
"48201","20074.16",48201,82843494,0.332573601733231
"48202","20074.16",48202,82844045,-0.152297574988927
"48203","20074.16",48203,82845373,0.703052613941241
"48204","20074.16",48204,82845550,-0.0643292730784717
"48205","20074.16",48205,82846781,0.260716851682566
"48206","20074.16",48206,82847987,-0.184805564283404
"48207","20074.16",48207,82848057,-0.209993622575673
"48208","20074.16",48208,82851893,-0.539336227672315
"48209","20074.16",48209,82852296,0.626130764143507
"48210","20074.16",48210,82852555,0.0199178979495507
"48211","20074.16",48211,82855053,-0.395464685750401
"48212","20074.16",48212,82856013,0.124625969212318
"48213","20074.16",48213,82859921,-0.0466923455677257
"48214","20074.16",48214,82860482,0.918304508779575
"48215","20074.16",48215,82862677,-0.0853167365252974
"48216","20074.16",48216,82864247,-0.484195284060739
"48217","20074.16",48217,82864309,0.0863609470818609
"48218","20074.16",48218,82864466,-0.974558899213513
"48219","20074.16",48219,82864753,0.12350418012791
"48220","20074.16",48220,82864780,0.343304092219429
"48221","20074.16",48221,82864814,0.509210767271825
"48222","20074.16",48222,82864936,0.390626766248055
"48223","20074.16",48223,82865227,0.186964088174467
"48224","20074.16",48224,82865246,0.617241856675226
"48225","20074.16",48225,82867755,0.259122908571272
"48226","20074.16",48226,82867888,0.00871974297987688
"48227","20074.16",48227,82868138,-0.331878087016509
"48228","20074.16",48228,82868948,0.0809257549742863
"48229","20074.16",48229,82868992,0.187730224607974
"48230","20074.16",48230,82869270,0.0770714403761232
"48231","20074.16",48231,82869302,0.027396223142687
"48232","20074.16",48232,82869552,0.245878305676643
"48233","20074.16",48233,82870109,0.172238603130511
"48234","20074.16",48234,82871459,-0.494397289519661
"48235","20074.16",48235,82872377,0.458042504304005
"48236","20074.16",48236,82872628,0.431354301454829
"48237","20074.16",48237,82872778,0.142386241175844
"48238","20074.16",48238,82872790,0.429537077357966
"48239","20074.16",48239,82873003,0.20117595892359
"48240","20074.16",48240,82876661,-0.314804559962571
"48241","20074.16",48241,82879344,0.28107312392044
"48242","20074.16",48242,82884423,-0.569546589690657
"48243","20074.16",48243,82885231,0.450472892280881
"48244","20074.16",48244,82885413,-0.872073098101112
"48245","20074.16",48245,82886133,0.561620587347254
"48246","20074.16",48246,82886879,-0.0653245828865554
"48247","20074.16",48247,82887312,-0.048133884041925
"48248","20074.16",48248,82887631,0.0370103208708938
"48249","20074.16",48249,82887678,0.169954496722904
"48250","20074.16",48250,82888242,0.568502831009799
"48251","20074.16",48251,82893311,-0.995080638335442
"48252","20074.16",48252,82896341,-0.918860797946995
"48253","20074.16",48253,82896398,0.250167815132792
"48254","20074.16",48254,82896643,0.432018906195663
"48255","20074.16",48255,82896696,0.473666562324561
"48256","20074.16",48256,82896849,1.02055940167407
"48257","20074.16",48257,82896894,0.19207384883422
"48258","20074.16",48258,82897186,0.295429085936374
"48259","20074.16",48259,82897872,0.0267380534812931
"48260","20074.16",48260,82900470,-0.0694236228530176
"48261","20074.16",48261,82900736,0.676329130423366
"48262","20074.16",48262,82900876,0.506398866434469
"48263","20074.16",48263,82901197,-1.13146946327439
"48264","20074.16",48264,82901701,0.0588993194802372
"48265","20074.16",48265,82906542,0.703167893118304
"48266","20074.16",48266,82907020,0.037774095628289
"48267","20074.16",48267,82907618,0.311562825646058
"48268","20074.16",48268,82909423,0.292535418032059
"48269","20074.16",48269,82909999,0.651977778709765
"48270","20074.16",48270,82910375,0.0562080379923673
"48271","20074.16",48271,82910689,0.806674423927732
"48272","20074.16",48272,82911056,-0.192813332511363
"48273","20074.16",48273,82912223,0.322856084671865
"48274","20074.16",48274,82912374,-0.0871127048835358
"48275","20074.16",48275,82912571,0.168153047746825
"48276","20074.16",48276,82912656,0.702992432677667
"48277","20074.16",48277,82914678,0.0870868616154796
"48278","20074.16",48278,82915302,-0.659289390944331
"48279","20074.16",48279,82916434,0.0541739434310688
"48280","20074.16",48280,82916682,0.0371737774214687
"48281","20074.16",48281,82916682,0.886633981715852
"48282","20074.16",48282,82917060,0.547007373121747
"48283","20074.16",48283,82919690,-0.561208419425402
"48284","20074.16",48284,82919927,-0.113034778225281
"48285","20074.16",48285,82920461,0.304011514347486
"48286","20074.16",48286,82920737,0.695612830683177
"48287","20074.16",48287,82920776,-0.508985915114348
"48288","20074.16",48288,82920876,0.093558694405064
"48289","20074.16",48289,82921977,0.0374886840577089
"48290","20074.16",48290,82923394,-0.69026275310602
"48291","20074.16",48291,82923681,0.400672283548523
"48292","20074.16",48292,82923756,-0.484853417337868
"48293","20074.16",48293,82923788,-0.110123423904777
"48294","20074.16",48294,82923889,-0.384825647431537
"48295","20074.16",48295,82924168,0.341686850336425
"48296","20074.16",48296,82924952,0.420840389217562
"48297","20074.16",48297,82924972,0.197257468358697
"48298","20074.16",48298,82925098,-0.298288435525515
"48299","20074.16",48299,82925521,0.282504868074064
"48300","20074.16",48300,82925549,0.432433848704311
"48301","20074.16",48301,82926244,-0.067296897493665
"48302","20074.16",48302,82927132,-1.07953744496954
"48303","20074.16",48303,82927303,-0.360236362605842
"48304","20074.16",48304,82927367,-0.495442816614649
"48305","20074.16",48305,82927500,0.389022294212073
"48306","20074.16",48306,82929611,0.404948488924853
"48307","20074.16",48307,82929728,-0.243116929161282
"48308","20074.16",48308,82930317,0.4635321577896
"48309","20074.16",48309,82931411,0.280881018671834
"48310","20074.16",48310,82931602,-1.13825552376269
"48311","20074.16",48311,82933748,-0.0528394204677394
"48312","20074.16",48312,82934307,0.581392164212894
"48313","20074.16",48313,82934432,0.349270207204976
"48314","20074.16",48314,82935671,0.343637709890014
"48315","20074.16",48315,82936043,-0.27973884466765
"48316","20074.16",48316,82936353,0.128718427318494
"48317","20074.16",48317,82936415,0.057847523776057
"48318","20074.16",48318,82939539,-0.276155454977561
"48319","20074.16",48319,82940192,-0.368224914811751
"48320","20074.16",48320,82941104,0.1291180327777
"48321","20074.16",48321,82942434,-0.0265196118712794
"48322","20074.16",48322,82943629,0.188197102552818
"48323","20074.16",48323,82944714,-0.315973600027373
"48324","20074.16",48324,82945551,0.173269111930083
"48325","20074.16",48325,82945681,-0.630378378720262
"48326","20074.16",48326,82946248,0.480690704185275
"48327","20074.16",48327,82947108,0.254437050073041
"48328","20074.16",48328,82947242,-0.502505008552471
"48329","20074.16",48329,82948031,-0.0436661037510548
"48330","20074.16",48330,82948473,0.815851094719103
"48331","20074.16",48331,82948875,0.538892511471658
"48332","20074.16",48332,82948947,-0.213088124445508
"48333","20074.16",48333,82949073,0.0461238860627473
"48334","20074.16",48334,82949088,0.0190155259481921
"48335","20074.16",48335,82953502,0.144987811761345
"48336","20074.16",48336,82956037,0.309316133358988
"48337","20074.16",48337,82956386,-0.74986995357873
"48338","20074.16",48338,82956463,-0.0361576119250175
"48339","20074.16",48339,82956910,0.92040312903542
"48340","20074.16",48340,82957235,-0.606616198037699
"48341","20074.16",48341,82958117,0.86713542432061
"48342","20074.16",48342,82958163,0.421652426533748
"48343","20074.16",48343,82958198,0.968680469732722
"48344","20074.16",48344,82958240,-0.239527673345822
"48345","20074.16",48345,82958442,-0.336478632582695
"48346","20074.16",48346,82959183,-0.0837466696844853
"48347","20074.16",48347,82961824,-0.39599186799388
"48348","20074.16",48348,82964800,-0.250544826670337
"48349","20074.16",48349,82965065,0.402143442957082
"48350","20074.16",48350,82965354,-0.0791543953002263
"48351","20074.16",48351,82969955,-0.44127693146611
"48352","20074.16",48352,82970256,-0.848782381711372
"48353","20074.16",48353,82970948,0.610696216218879
"48354","20074.16",48354,82971693,0.389702498980072
"48355","20074.16",48355,82971813,-0.53785954082293
"48356","20074.16",48356,82975868,0.58646729743679
"48357","20074.16",48357,82976141,0.315701750445551
"48358","20074.16",48358,82979108,-0.113322181791854
"48359","20074.16",48359,82979273,-0.369857258306033
"48360","20074.16",48360,82981720,-0.279316645500655
"48361","20074.16",48361,82981792,0.104676787288152
"48362","20074.16",48362,82982465,-0.522475466944775
"48363","20074.16",48363,82983001,0.185417708518796
"48364","20074.16",48364,82983033,-0.185324262369033
"48365","20074.16",48365,82983067,0.262991470332508
"48366","20074.16",48366,82984573,0.595100097767035
"48367","20074.16",48367,82984589,0.169234061377571
"48368","20074.16",48368,82985024,0.506829803214871
"48369","20074.16",48369,82985192,0.801253217791895
"48370","20074.16",48370,82987872,0.562767821292746
"48371","20074.16",48371,82988025,0.0792157872152117
"48372","20074.16",48372,82988932,-0.166167461185009
"48373","20074.16",48373,82988977,-0.0111244914936357
"48374","20074.16",48374,82995774,0.904937771143786
"48375","20074.16",48375,82996101,0.735832797859175
"48376","20074.16",48376,82996205,0.483946531889345
"48377","20074.16",48377,82996365,-0.0993210340952908
"48378","20074.16",48378,82997271,0.135553967523297
"48379","20074.16",48379,82997853,-0.78177338605175
"48380","20074.16",48380,83001098,0.400930489625142
"48381","20074.16",48381,83001554,-0.415929403970406
"48382","20074.16",48382,83001694,0.293090297909166
"48383","20074.16",48383,83003350,0.0718456520953739
"48384","20074.16",48384,83003646,0.622218050891939
"48385","20074.16",48385,83006060,1.27706315298524
"48386","20074.16",48386,83007311,0.184993888673845
"48387","20074.16",48387,83007449,1.08668394540381
"48388","20074.16",48388,83007918,0.331020039260653
"48389","20074.16",48389,83007946,0.986026977673533
"48390","20074.16",48390,83008192,0.023204349935952
"48391","20074.16",48391,83008905,-0.0266351912782969
"48392","20074.16",48392,83011689,-0.447478749492759
"48393","20074.16",48393,83012842,-0.719602300018169
"48394","20074.16",48394,83015035,-0.611317099487413
"48395","20074.16",48395,83015650,-0.162205355032706
"48396","20074.16",48396,83018439,0.0501345181652102
"48397","20074.16",48397,83018900,-0.0502583627222499
"48398","20074.16",48398,83019747,-0.0415470238657152
"48399","20074.16",48399,83020354,0.583217647576119
"48400","20074.16",48400,83020829,-0.106642308775761
"48401","20074.16",48401,83022084,-0.039131344758502
"48402","20074.16",48402,83022691,-0.11780201444654
"48403","20074.16",48403,83024479,0.368689817654293
"48404","20074.16",48404,83024743,0.00114885863624181
"48405","20074.16",48405,83026314,0.463590251228225
"48406","20074.16",48406,83026756,0.411500232544573
"48407","20074.16",48407,83031470,-0.849464165179866
"48408","20074.16",48408,83033115,-0.395698242919399
"48409","20074.16",48409,83035250,-0.309905142073403
"48410","20074.16",48410,83035708,0.747118372711078
"48411","20074.16",48411,83036173,-0.234147054530987
"48412","20074.16",48412,83038982,-0.409513579889891
"48413","20074.16",48413,83039645,-0.141196395882567
"48414","20074.16",48414,83041014,-0.438713176140591
"48415","20074.16",48415,83041633,0.449574967684515
"48416","20074.16",48416,83042192,0.845811984996511
"48417","20074.16",48417,83042339,-1.07026232644556
"48418","20074.16",48418,83044665,0.438013096060149
"48419","20074.16",48419,83044981,-0.117919753971731
"48420","20074.16",48420,83045140,-0.131888462791358
"48421","20074.16",48421,83046708,-0.759535682260002
"48422","20074.16",48422,83048807,0.0302716581749101
"48423","20074.16",48423,83052913,0.463377520942189
"48424","20074.16",48424,83053629,0.557691789000661
"48425","20074.16",48425,83055433,0.345567212515335
"48426","20074.16",48426,83056145,0.0850375049222123
"48427","20074.16",48427,83057342,-0.817278903117675
"48428","20074.16",48428,83059251,-0.936230407361571
"48429","20074.16",48429,83060151,-0.682977685775378
"48430","20074.16",48430,83060297,-0.133774524053092
"48431","20074.16",48431,83060329,-0.503777511707184
"48432","20074.16",48432,83061411,0.49739290954235
"48433","20074.16",48433,83063022,0.142789825025107
"48434","20074.16",48434,83063248,-0.368262431320099
"48435","20074.16",48435,83063304,-0.0680306984330024
"48436","20074.16",48436,83064318,-0.12864428035012
"48437","20074.16",48437,83065491,0.596030636804678
"48438","20074.16",48438,83065965,0.489267807497375
"48439","20074.16",48439,83067184,0.82372820687323
"48440","20074.16",48440,83067313,-1.04123481578325
"48441","20074.16",48441,83067325,0.515906450944219
"48442","20074.16",48442,83069709,-0.325983222296114
"48443","20074.16",48443,83070470,-0.0178872696219479
"48444","20074.16",48444,83071146,0.700670015486327
"48445","20074.16",48445,83072003,0.65011614469071
"48446","20074.16",48446,83072103,0.380993381572488
"48447","20074.16",48447,83074913,0.875885340285643
"48448","20074.16",48448,83075922,-0.740783931349285
"48449","20074.16",48449,83076634,0.846633519548933
"48450","20074.16",48450,83076742,0.225185195190416
"48451","20074.16",48451,83077536,-0.167085028485699
"48452","20074.16",48452,83077596,-0.175152607412765
"48453","20074.16",48453,83082437,0.00304942895106208
"48454","20074.16",48454,83082494,-0.0610051710501658
"48455","20074.16",48455,83083224,-0.347981207509333
"48456","20074.16",48456,83083572,0.27170180981043
"48457","20074.16",48457,83083617,-0.0684797785850817
"48458","20074.16",48458,83084131,0.55216369918836
"48459","20074.16",48459,83084290,0.136140645281358
"48460","20074.16",48460,83084384,0.440691881601881
"48461","20074.16",48461,83084450,0.310790802001594
"48462","20074.16",48462,83084693,0.0349012167664782
"48463","20074.16",48463,83084723,0.134306786575935
"48464","20074.16",48464,83084794,-0.0726757740706079
"48465","20074.16",48465,83084957,0.51165749292027
"48466","20074.16",48466,83086518,0.286752809711969
"48467","20074.16",48467,83086717,0.670531348048987
"48468","20074.16",48468,83086987,0.364522258485358
"48469","20074.16",48469,83088513,-0.350231964853434
"48470","20074.16",48470,83089370,0.350946544289973
"48471","20074.16",48471,83089452,0.0912764551049907
"48472","20074.16",48472,83089503,-0.125979999343713
"48473","20074.16",48473,83089605,0.808514529055274
"48474","20074.16",48474,83090284,-0.00256426582115843
"48475","20074.16",48475,83090448,-0.410488269624904
"48476","20074.16",48476,83094501,-0.684921121173041
"48477","20074.16",48477,83095755,0.307278842330139
"48478","20074.16",48478,83098257,0.96732015845728
"48479","20074.16",48479,83098773,-1.09142222852243
"48480","20074.16",48480,83099707,0.41210716141778
"48481","20074.16",48481,83099808,0.225007515029443
"48482","20074.16",48482,83100219,0.295416693499548
"48483","20074.16",48483,83102888,-0.492010083769173
"48484","20074.16",48484,83104055,-0.844220394672223
"48485","20074.16",48485,83105024,0.401310170800724
"48486","20074.16",48486,83105406,-0.0704445883100879
"48487","20074.16",48487,83105917,0.480752376573071
"48488","20074.16",48488,83107646,0.908945017024945
"48489","20074.16",48489,83108043,-0.931502010374329
"48490","20074.16",48490,83108981,0.0364492720406089
"48491","20074.16",48491,83109108,0.96225617381301
"48492","20074.16",48492,83109259,0.268265340325097
"48493","20074.16",48493,83110596,-0.0908330078288353
"48494","20074.16",48494,83112996,0.198921029789186
"48495","20074.16",48495,83113687,0.00654258780829409
"48496","20074.16",48496,83114033,0.513812988784799
"48497","20074.16",48497,83114255,-0.0118904785956895
"48498","20074.16",48498,83115736,1.22492194715116
"48499","20074.16",48499,83116642,0.358983990293813
"48500","20074.16",48500,83117017,0.383172040908197
"48501","20074.16",48501,83117361,-0.30232522451071
"48502","20074.16",48502,83117383,0.354568731820295
"48503","20074.16",48503,83117738,-0.0655643104488863
"48504","20074.16",48504,83118592,0.0298114210692733
"48505","20074.16",48505,83118629,0.129779187247219
"48506","20074.16",48506,83119034,-0.172872272271689
"48507","20074.16",48507,83119083,0.195166407090961
"48508","20074.16",48508,83119591,1.09281079507579
"48509","20074.16",48509,83119627,-0.362949987137783
"48510","20074.16",48510,83120040,-0.0311497599268877
"48511","20074.16",48511,83121400,-0.614455594205914
"48512","20074.16",48512,83121550,0.107311968297914
"48513","20074.16",48513,83121584,-0.165078237370538
"48514","20074.16",48514,83121995,0.403896232065542
"48515","20074.16",48515,83122054,-0.0771512449639067
"48516","20074.16",48516,83122125,0.660586400552801
"48517","20074.16",48517,83122828,-0.633164559011774
"48518","20074.16",48518,83123517,0.672804853666977
"48519","20074.16",48519,83123694,-0.0098257065778391
"48520","20074.16",48520,83127692,-0.77366876624668
"48521","20074.16",48521,83127706,0.0131542374169129
"48522","20074.16",48522,83127758,0.31100305686742
"48523","20074.16",48523,83127844,-0.394284037482361
"48524","20074.16",48524,83128114,-0.355575734330814
"48525","20074.16",48525,83129182,0.268456652475318
"48526","20074.16",48526,83129599,-1.24375445676728
"48527","20074.16",48527,83134259,0.0965594605334754
"48528","20074.16",48528,83135031,0.753946953341067
"48529","20074.16",48529,83135616,-0.340042396495376
"48530","20074.16",48530,83136478,0.108215592470172
"48531","20074.16",48531,83138817,0.461346113203764
"48532","20074.16",48532,83138833,0.21524448891426
"48533","20074.16",48533,83138937,-0.444090882005117
"48534","20074.16",48534,83139097,-0.251308950940344
"48535","20074.16",48535,83139324,1.39242108023521
"48536","20074.16",48536,83139353,0.20629605718083
"48537","20074.16",48537,83140205,-0.518215552369258
"48538","20074.16",48538,83140268,0.795585046509822
"48539","20074.16",48539,83140329,0.381030338674091
"48540","20074.16",48540,83140479,0.448390913469072
"48541","20074.16",48541,83141106,-1.12464407990376
"48542","20074.16",48542,83141294,-0.326357247664743
"48543","20074.16",48543,83142019,-0.316500565425392
"48544","20074.16",48544,83142060,-0.0427549831468488
"48545","20074.16",48545,83142205,-0.0363140250851419
"48546","20074.16",48546,83142696,0.503819503094513
"48547","20074.16",48547,83142734,0.31233153561721
"48548","20074.16",48548,83143810,0.0925885189078759
"48549","20074.16",48549,83143852,0.45630066631974
"48550","20074.16",48550,83144899,-0.475728615025612
"48551","20074.16",48551,83145350,0.26631487261596
"48552","20074.16",48552,83145546,-0.338183628151731
"48553","20074.16",48553,83145881,0.119760831489412
"48554","20074.16",48554,83145941,0.12308824331049
"48555","20074.16",48555,83146541,0.589527471090441
"48556","20074.16",48556,83146684,0.509244072519789
"48557","20074.16",48557,83148282,0.420288717676132
"48558","20074.16",48558,83148646,0.121554690248082
"48559","20074.16",48559,83148686,-0.100712837216703
"48560","20074.16",48560,83151726,0.196134055920606
"48561","20074.16",48561,83151844,-0.461914528633142
"48562","20074.16",48562,83152261,0.138614841886698
"48563","20074.16",48563,83152619,-0.1544440694094
"48564","20074.16",48564,83152803,-0.287985833272108
"48565","20074.16",48565,83152847,0.178089256954554
"48566","20074.16",48566,83154022,0.135832589191098
"48567","20074.16",48567,83155084,-1.13140659036771
"48568","20074.16",48568,83155824,-0.636292214337321
"48569","20074.16",48569,83156181,-0.532861761293612
"48570","20074.16",48570,83159350,1.18928151986934
"48571","20074.16",48571,83159441,0.358549706749765
"48572","20074.16",48572,83159834,0.200470409246871
"48573","20074.16",48573,83160623,0.0205712846883594
"48574","20074.16",48574,83164030,-0.909085623162403
"48575","20074.16",48575,83164216,-0.299792456910585
"48576","20074.16",48576,83164893,-2.19464749304868
"48577","20074.16",48577,83165195,-1.00660307929322
"48578","20074.16",48578,83165586,0.0999026772844438
"48579","20074.16",48579,83168699,-0.0131662947874185
"48580","20074.16",48580,83168776,-0.157627961142369
"48581","20074.16",48581,83170227,-0.0217276094096164
"48582","20074.16",48582,83170417,0.226798484633721
"48583","20074.16",48583,83171082,0.644953327309737
"48584","20074.16",48584,83171167,0.664713790357403
"48585","20074.16",48585,83171301,-0.939294282463369
"48586","20074.16",48586,83172162,0.552642658719514
"48587","20074.16",48587,83173892,-0.181041156295899
"48588","20074.16",48588,83173915,0.0706687571091233
"48589","20074.16",48589,83173960,-0.687433913502014
"48590","20074.16",48590,83175669,0.303100231621374
"48591","20074.16",48591,83175687,-0.0298475523488122
"48592","20074.16",48592,83175710,0.252278800459091
"48593","20074.16",48593,83175811,1.0340761509432
"48594","20074.16",48594,83177332,0.185733735794392
"48595","20074.16",48595,83179149,0.251546959784485
"48596","20074.16",48596,83179339,-0.160901356631824
"48597","20074.16",48597,83179357,0.0176403874625617
"48598","20074.16",48598,83180145,-0.282986588999639
"48599","20074.16",48599,83180214,-0.203215869917597
"48600","20074.16",48600,83180295,0.268729258019039
"48601","20074.16",48601,83180726,0.0722946143678183
"48602","20074.16",48602,83180857,0.632482750103073
"48603","20074.16",48603,83180876,-0.278790741084499
"48604","20074.16",48604,83181174,0.263605102994499
"48605","20074.16",48605,83181462,0.915371394574577
"48606","20074.16",48606,83184239,0.369533624084062
"48607","20074.16",48607,83184427,-0.0978193342114322
"48608","20074.16",48608,83185047,-0.174776037962073
"48609","20074.16",48609,83185081,-0.953468923396875
"48610","20074.16",48610,83185137,-1.56503800336553
"48611","20074.16",48611,83185715,-0.91892201298635
"48612","20074.16",48612,83188272,0.766319372677496
"48613","20074.16",48613,83188957,1.17704411900858
"48614","20074.16",48614,83189031,0.0156552341568021
"48615","20074.16",48615,83189689,-0.7392269901596
"48616","20074.16",48616,83189742,-0.0573120678715888
"48617","20074.16",48617,83193262,1.05697143792538
"48618","20074.16",48618,83193343,0.19990648487622
"48619","20074.16",48619,83194255,-0.33893057992553
"48620","20074.16",48620,83195951,0.834667782960971
"48621","20074.16",48621,83196225,0.098123669454024
"48622","20074.16",48622,83196443,0.293194950497065
"48623","20074.16",48623,83196870,1.10739055247925
"48624","20074.16",48624,83197057,0.197722828435813
"48625","20074.16",48625,83197075,-0.456978529609954
"48626","20074.16",48626,83197327,-0.0823817885016185
"48627","20074.16",48627,83197501,0.917596853636634
"48628","20074.16",48628,83197659,0.182734780985474
"48629","20074.16",48629,83198389,0.453312066406267
"48630","20074.16",48630,83200104,0.58130519304834
"48631","20074.16",48631,83200535,-0.0203647895302881
"48632","20074.16",48632,83201795,-0.84602466355372
"48633","20074.16",48633,83201867,-0.195949671924854
"48634","20074.16",48634,83201893,-0.82453014841491
"48635","20074.16",48635,83205546,0.215436785829551
"48636","20074.16",48636,83206440,0.265387426247851
"48637","20074.16",48637,83207071,-0.340042276517506
"48638","20074.16",48638,83207316,0.0945064089867662
"48639","20074.16",48639,83207336,-0.294638077398748
"48640","20074.16",48640,83208432,0.133621013973635
"48641","20074.16",48641,83209017,0.416695865523018
"48642","20074.16",48642,83209299,0.0874212971178272
"48643","20074.16",48643,83210957,0.70081597083228
"48644","20074.16",48644,83211524,-0.301787948856063
"48645","20074.16",48645,83212398,0.439143775161045
"48646","20074.16",48646,83212849,-0.128375110192221
"48647","20074.16",48647,83213324,0.205621017415038
"48648","20074.16",48648,83214846,-0.751590852334975
"48649","20074.16",48649,83215662,0.288951317766084
"48650","20074.16",48650,83217259,0.207851576064016
"48651","20074.16",48651,83217488,-0.291986194888968
"48652","20074.16",48652,83217616,-0.644776799232636
"48653","20074.16",48653,83217690,-0.172300438435784
"48654","20074.16",48654,83224090,0.203699146631371
"48655","20074.16",48655,83224663,-0.267407804885421
"48656","20074.16",48656,83225719,0.623339919300984
"48657","20074.16",48657,83225755,0.139001186935459
"48658","20074.16",48658,83225852,0.6887827303011
"48659","20074.16",48659,83226300,1.15382343267415
"48660","20074.16",48660,83226315,-1.40749047050391
"48661","20074.16",48661,83226661,0.144147507931478
"48662","20074.16",48662,83227014,-0.278638067269776
"48663","20074.16",48663,83227604,-0.193459501447767
"48664","20074.16",48664,83227666,0.939100626332796
"48665","20074.16",48665,83227811,-0.207134910947819
"48666","20074.16",48666,83231308,-1.46263563382425
"48667","20074.16",48667,83232027,0.57334991270237
"48668","20074.16",48668,83232123,0.453381962416985
"48669","20074.16",48669,83232212,1.04874295960673
"48670","20074.16",48670,83232352,0.132775025725196
"48671","20074.16",48671,83233168,-0.964676972338064
"48672","20074.16",48672,83236320,-0.764157899768254
"48673","20074.16",48673,83236406,0.183266631965959
"48674","20074.16",48674,83236917,0.33876541020424
"48675","20074.16",48675,83237427,0.678445232919178
"48676","20074.16",48676,83237506,0.526430248529359
"48677","20074.16",48677,83237639,0.167034013805681
"48678","20074.16",48678,83237695,-0.424375008299725
"48679","20074.16",48679,83237751,0.403775888128069
"48680","20074.16",48680,83238132,0.507458548673225
"48681","20074.16",48681,83238774,0.134650131002191
"48682","20074.16",48682,83239149,0.425612844687067
"48683","20074.16",48683,83239840,-0.196498764568146
"48684","20074.16",48684,83240106,0.0799008268742831
"48685","20074.16",48685,83240188,0.744201997036881
"48686","20074.16",48686,83240439,0.718080152005339
"48687","20074.16",48687,83240919,0.306540395627382
"48688","20074.16",48688,83241656,0.189128614768945
"48689","20074.16",48689,83242387,-0.00616766640227606
"48690","20074.16",48690,83242605,-0.784894319324337
"48691","20074.16",48691,83242677,0.220262135724476
"48692","20074.16",48692,83247788,0.623286488460704
"48693","20074.16",48693,83250824,-0.745584803337675
"48694","20074.16",48694,83253759,-0.034147758427812
"48695","20074.16",48695,83254316,1.12224075691988
"48696","20074.16",48696,83254494,-0.2410082834825
"48697","20074.16",48697,83255317,0.344941040472365
"48698","20074.16",48698,83255958,0.822536986668168
"48699","20074.16",48699,83256035,0.110403454070698
"48700","20074.16",48700,83256377,0.10993261133804
"48701","20074.16",48701,83256768,0.800255575073844
"48702","20074.16",48702,83257305,0.0723986720578127
"48703","20074.16",48703,83257788,0.75803388736062
"48704","20074.16",48704,83258002,1.13464156960102
"48705","20074.16",48705,83258017,0.326097707461154
"48706","20074.16",48706,83258524,0.18871460254368
"48707","20074.16",48707,83258697,-0.59345741681884
"48708","20074.16",48708,83258890,-0.158449921023029
"48709","20074.16",48709,83259253,0.0204692629789802
"48710","20074.16",48710,83261309,-0.436006867689766
"48711","20074.16",48711,83261761,0.553682996848802
"48712","20074.16",48712,83262098,-0.318562298290487
"48713","20074.16",48713,83262597,-0.274301913528443
"48714","20074.16",48714,83263422,0.447486640577153
"48715","20074.16",48715,83263519,-0.303007356049041
"48716","20074.16",48716,83264745,-0.344159803705684
"48717","20074.16",48717,83265057,0.506854288822287
"48718","20074.16",48718,83265112,-0.130053070133471
"48719","20074.16",48719,83266670,0.213526393992505
"48720","20074.16",48720,83266775,0.830583074803863
"48721","20074.16",48721,83266919,-0.071635466478245
"48722","20074.16",48722,83268678,-0.142706953723101
"48723","20074.16",48723,83268814,0.305306739044583
"48724","20074.16",48724,83269219,-0.584745229978062
"48725","20074.16",48725,83269714,-0.658564284868794
"48726","20074.16",48726,83271211,0.0645763095260934
"48727","20074.16",48727,83271443,-0.0979198169051383
"48728","20074.16",48728,83272153,0.0335129177685793
"48729","20074.16",48729,83272184,0.643034723197094
"48730","20074.16",48730,83272294,0.86888243884122
"48731","20074.16",48731,83272326,0.689760741355475
"48732","20074.16",48732,83272574,1.2144970004661
"48733","20074.16",48733,83272759,-0.105571202557249
"48734","20074.16",48734,83272795,0.545145752975047
"48735","20074.16",48735,83279828,0.359008381646084
"48736","20074.16",48736,83280091,-0.362458830252809
"48737","20074.16",48737,83280236,0.672012735504908
"48738","20074.16",48738,83280444,0.512403535194651
"48739","20074.16",48739,83280554,-0.169924262859327
"48740","20074.16",48740,83281010,0.386088749011669
"48741","20074.16",48741,83281307,0.796782575529382
"48742","20074.16",48742,83281368,0.0409421524307092
"48743","20074.16",48743,83281571,0.162692971048566
"48744","20074.16",48744,83281707,-0.375772592573475
"48745","20074.16",48745,83282572,-0.473836026579459
"48746","20074.16",48746,83282617,-0.358559257191665
"48747","20074.16",48747,83282879,-1.0940701444327
"48748","20074.16",48748,83283306,-0.858428036495333
"48749","20074.16",48749,83283331,-0.357739862200632
"48750","20074.16",48750,83283411,-0.0278859340505759
"48751","20074.16",48751,83284338,-0.148454967360631
"48752","20074.16",48752,83284834,0.68628827413113
"48753","20074.16",48753,83284953,0.707965706863678
"48754","20074.16",48754,83285468,0.127496251160809
"48755","20074.16",48755,83285582,-0.863913655739354
"48756","20074.16",48756,83285995,-0.753377113445501
"48757","20074.16",48757,83287061,0.560559253342274
"48758","20074.16",48758,83287283,-0.216363386733576
"48759","20074.16",48759,83287432,0.337431972216542
"48760","20074.16",48760,83287580,0.162087360140442
"48761","20074.16",48761,83287950,-0.377264754955152
"48762","20074.16",48762,83288987,0.429363863835268
"48763","20074.16",48763,83289116,0.130952920407663
"48764","20074.16",48764,83289483,-0.160682575979314
"48765","20074.16",48765,83289519,0.465468799883969
"48766","20074.16",48766,83290112,-0.689271110751283
"48767","20074.16",48767,83290560,0.373276581004155
"48768","20074.16",48768,83291045,-0.497999460858327
"48769","20074.16",48769,83293339,0.648211225903901
"48770","20074.16",48770,83293423,0.817427910526098
"48771","20074.16",48771,83293531,-0.0323473782409494
"48772","20074.16",48772,83294053,-0.717429352338003
"48773","20074.16",48773,83294128,0.024044556658124
"48774","20074.16",48774,83294243,-0.21980642462503
"48775","20074.16",48775,83294413,0.12274173626845
"48776","20074.16",48776,83294773,-0.117353760772217
"48777","20074.16",48777,83295351,-0.657198763943333
"48778","20074.16",48778,83295738,0.423120499559263
"48779","20074.16",48779,83297887,-0.607366576689766
"48780","20074.16",48780,83298480,0.190345693540232
"48781","20074.16",48781,83298920,-0.623551001187455
"48782","20074.16",48782,83300927,-0.00385377636948103
"48783","20074.16",48783,83301203,-0.325635767931045
"48784","20074.16",48784,83301984,-0.94583517217168
"48785","20074.16",48785,83302025,-0.0682621616324841
"48786","20074.16",48786,83302117,0.982837963499123
"48787","20074.16",48787,83302830,-0.506846647535545
"48788","20074.16",48788,83306442,0.586416847736127
"48789","20074.16",48789,83306571,0.19848343025955
"48790","20074.16",48790,83307199,-0.00439311814894161
"48791","20074.16",48791,83307255,0.216726415454302
"48792","20074.16",48792,83307285,0.219316194360185
"48793","20074.16",48793,83307549,-0.0286214195766235
"48794","20074.16",48794,83307764,-0.338269615990373
"48795","20074.16",48795,83307778,0.339443413059574
"48796","20074.16",48796,83307924,0.157979866825148
"48797","20074.16",48797,83308001,0.578331858733525
"48798","20074.16",48798,83308447,1.15147757255801
"48799","20074.16",48799,83309497,-0.383070441208716
"48800","20074.16",48800,83309808,0.51333118548481
"48801","20074.16",48801,83310340,-1.24894004303458
"48802","20074.16",48802,83310923,0.214241749717341
"48803","20074.16",48803,83310978,-0.541974341237021
"48804","20074.16",48804,83311269,-0.09986261376649
"48805","20074.16",48805,83311861,0.446173967488238
"48806","20074.16",48806,83312797,0.111713701432614
"48807","20074.16",48807,83312850,-0.221294910667678
"48808","20074.16",48808,83313314,-0.872538893459691
"48809","20074.16",48809,83313485,-0.0622507385406905
"48810","20074.16",48810,83316194,0.655289250371314
"48811","20074.16",48811,83316488,0.557524791212598
"48812","20074.16",48812,83316624,0.66577325469232
"48813","20074.16",48813,83316834,-0.467515776477102
"48814","20074.16",48814,83318740,0.091039789617688
"48815","20074.16",48815,83318996,0.0767064772940911
"48816","20074.16",48816,83319795,-1.07077792769099
"48817","20074.16",48817,83319882,-0.346642456006323
"48818","20074.16",48818,83320505,-0.11597083911577
"48819","20074.16",48819,83320952,-0.631574040552718
"48820","20074.16",48820,83321570,0.381858991596702
"48821","20074.16",48821,83321860,-0.562536253748996
"48822","20074.16",48822,83321976,-0.539510210987052
"48823","20074.16",48823,83323634,0.184094139750434
"48824","20074.16",48824,83323717,0.582551645710724
"48825","20074.16",48825,83324470,0.372277870468737
"48826","20074.16",48826,83327014,0.631163632479551
"48827","20074.16",48827,83327333,0.438329407443434
"48828","20074.16",48828,83327420,0.603272803413142
"48829","20074.16",48829,83328162,0.169004762396546
"48830","20074.16",48830,83329824,-0.233545676197783
"48831","20074.16",48831,83329959,0.51444741727857
"48832","20074.16",48832,83329979,1.09288299726048
"48833","20074.16",48833,83330256,0.229785587658272
"48834","20074.16",48834,83330610,1.17204533533971
"48835","20074.16",48835,83332959,0.401726536534622
"48836","20074.16",48836,83332993,0.5807283372023
"48837","20074.16",48837,83333005,-0.401581382683802
"48838","20074.16",48838,83335012,0.649523871734087
"48839","20074.16",48839,83339445,-0.689953887073524
"48840","20074.16",48840,83339880,-0.809978984351281
"48841","20074.16",48841,83340836,0.364621742557483
"48842","20074.16",48842,83341915,-0.00446508096126763
"48843","20074.16",48843,83341946,0.156349997902457
"48844","20074.16",48844,83342389,0.0137119544322655
"48845","20074.16",48845,83343715,-0.536473077057126
"48846","20074.16",48846,83343715,0.258794968169975
"48847","20074.16",48847,83345368,0.0159743422069187
"48848","20074.16",48848,83346577,0.612957621602376
"48849","20074.16",48849,83346679,0.329489795807436
"48850","20074.16",48850,83348078,-0.810700503218617
"48851","20074.16",48851,83348255,0.288633240332914
"48852","20074.16",48852,83348322,0.572505155365651
"48853","20074.16",48853,83348356,0.462530287344458
"48854","20074.16",48854,83350872,-0.208031829513031
"48855","20074.16",48855,83353031,-0.947373674046355
"48856","20074.16",48856,83358150,-0.374996314656718
"48857","20074.16",48857,83358776,-0.0405640179716906
"48858","20074.16",48858,83359653,-0.177348218673108
"48859","20074.16",48859,83359856,0.220643158807046
"48860","20074.16",48860,83359981,-1.04291533454295
"48861","20074.16",48861,83360068,-0.51075164763833
"48862","20074.16",48862,83362283,-0.541667451313663
"48863","20074.16",48863,83363599,0.0582792100199088
"48864","20074.16",48864,83364457,-0.0177443599060041
"48865","20074.16",48865,83365607,0.334289783895719
"48866","20074.16",48866,83365669,-0.23847459403833
"48867","20074.16",48867,83367691,-0.274646251436041
"48868","20074.16",48868,83368400,0.202413972878245
"48869","20074.16",48869,83368645,0.999309959191524
"48870","20074.16",48870,83368876,-0.0149914265534488
"48871","20074.16",48871,83369585,-0.485505045847792
"48872","20074.16",48872,83372034,-0.572998710245083
"48873","20074.16",48873,83372796,-0.639482043727468
"48874","20074.16",48874,83373137,-0.195081423295997
"48875","20074.16",48875,83373514,0.597670668973428
"48876","20074.16",48876,83373903,0.476022412521734
"48877","20074.16",48877,83373963,0.547300238690133
"48878","20074.16",48878,83375140,-0.0434403081478294
"48879","20074.16",48879,83375258,0.245716320417549
"48880","20074.16",48880,83375345,-0.259170800739442
"48881","20074.16",48881,83375436,0.0700299504348969
"48882","20074.16",48882,83375541,-0.0686410102527022
"48883","20074.16",48883,83375743,-0.298196209996577
"48884","20074.16",48884,83376093,-0.501202758777227
"48885","20074.16",48885,83376203,-0.25116288536136
"48886","20074.16",48886,83377916,-0.815248482238657
"48887","20074.16",48887,83379264,0.570043014857556
"48888","20074.16",48888,83379515,0.37130019308072
"48889","20074.16",48889,83379737,0.830667472328758
"48890","20074.16",48890,83379909,-0.248497549098977
"48891","20074.16",48891,83382305,-0.266728393101715
"48892","20074.16",48892,83382894,-1.0692617726975
"48893","20074.16",48893,83383768,0.438859573447815
"48894","20074.16",48894,83384666,-0.294686748434409
"48895","20074.16",48895,83384815,0.308478424809077
"48896","20074.16",48896,83385118,0.330705037058231
"48897","20074.16",48897,83386864,0.338735255929216
"48898","20074.16",48898,83387041,-0.952718197261968
"48899","20074.16",48899,83388009,0.0405813483871675
"48900","20074.16",48900,83388559,0.0359911286178116
"48901","20074.16",48901,83388692,0.109906523412242
"48902","20074.16",48902,83388716,0.283644982521692
"48903","20074.16",48903,83390442,0.226781298015997
"48904","20074.16",48904,83390576,0.367844914391301
"48905","20074.16",48905,83390637,-0.402884829827381
"48906","20074.16",48906,83390872,0.487933057325818
"48907","20074.16",48907,83391288,-0.188685718907635
"48908","20074.16",48908,83391480,-0.0137892511445576
"48909","20074.16",48909,83393302,0.0658799227468378
"48910","20074.16",48910,83394468,-0.468461458791596
"48911","20074.16",48911,83396737,-0.498117424281443
"48912","20074.16",48912,83397152,-0.856883169186616
"48913","20074.16",48913,83397287,0.735349649408756
"48914","20074.16",48914,83397952,0.094123350516866
"48915","20074.16",48915,83398107,0.157227764481023
"48916","20074.16",48916,83400075,0.233051174574141
"48917","20074.16",48917,83402014,-1.6781607830856
"48918","20074.16",48918,83402886,-1.03659169140509
"48919","20074.16",48919,83402943,0.276247466821254
"48920","20074.16",48920,83404696,0.832796821028192
"48921","20074.16",48921,83405311,0.194039868096363
"48922","20074.16",48922,83405551,-0.301734947296315
"48923","20074.16",48923,83405920,0.318400754959192
"48924","20074.16",48924,83406781,0.419627297700427
"48925","20074.16",48925,83407294,0.478473570888974
"48926","20074.16",48926,83407932,0.307897407189968
"48927","20074.16",48927,83407973,-0.617199284634879
"48928","20074.16",48928,83408717,0.552023383761115
"48929","20074.16",48929,83410495,-1.19324782611427
"48930","20074.16",48930,83411538,-0.493751805085481
"48931","20074.16",48931,83411746,0.979078716845105
"48932","20074.16",48932,83411879,-0.0478916692342848
"48933","20074.16",48933,83412715,-0.0199915525473333
"48934","20074.16",48934,83414161,-0.151285382275016
"48935","20074.16",48935,83414398,0.0424028115521482
"48936","20074.16",48936,83414497,-0.388409988899533
"48937","20074.16",48937,83415046,0.207938558684819
"48938","20074.16",48938,83415068,0.298261903357752
"48939","20074.16",48939,83417673,-0.143180909418742
"48940","20074.16",48940,83418107,-0.083742955593535
"48941","20074.16",48941,83418974,-0.58172696256182
"48942","20074.16",48942,83419471,-0.316919066900285
"48943","20074.16",48943,83421181,0.106087369166887
"48944","20074.16",48944,83421661,0.155962627501974
"48945","20074.16",48945,83423187,0.65460208258884
"48946","20074.16",48946,83423397,0.499460700987856
"48947","20074.16",48947,83423535,0.443453753610183
"48948","20074.16",48948,83423650,0.297436316517003
"48949","20074.16",48949,83423719,0.757697872804619
"48950","20074.16",48950,83423827,0.269660686869556
"48951","20074.16",48951,83424024,0.573676641016898
"48952","20074.16",48952,83424040,0.745271170922696
"48953","20074.16",48953,83424264,-0.0509157844590522
"48954","20074.16",48954,83424291,0.390936215541562
"48955","20074.16",48955,83427036,0.862500215131406
"48956","20074.16",48956,83427116,-0.494680205145936
"48957","20074.16",48957,83427179,0.976829603315216
"48958","20074.16",48958,83427282,0.734113533601795
"48959","20074.16",48959,83427617,-0.0275965612513644
"48960","20074.16",48960,83428361,0.646163619141398
"48961","20074.16",48961,83428973,0.555913472268414
"48962","20074.16",48962,83428984,0.0422097547412976
"48963","20074.16",48963,83429011,0.534516219573782
"48964","20074.16",48964,83429833,0.61164492663416
"48965","20074.16",48965,83429902,-0.818574370975887
"48966","20074.16",48966,83430201,0.778823268063058
"48967","20074.16",48967,83430656,-0.598286129418869
"48968","20074.16",48968,83431307,0.971731460369434
"48969","20074.16",48969,83431679,0.936721919139779
"48970","20074.16",48970,83432200,-0.117163647415115
"48971","20074.16",48971,83432264,0.785889814029185
"48972","20074.16",48972,83432498,0.282262265222433
"48973","20074.16",48973,83432709,0.274863817240228
"48974","20074.16",48974,83432823,0.347015249928153
"48975","20074.16",48975,83433306,-1.26402895173582
"48976","20074.16",48976,83439954,-0.0822344580589647
"48977","20074.16",48977,83440654,0.222483586717864
"48978","20074.16",48978,83440761,0.406496238467262
"48979","20074.16",48979,83441027,-0.318526131052471
"48980","20074.16",48980,83441188,-0.190603946341144
"48981","20074.16",48981,83441402,-0.19671933852701
"48982","20074.16",48982,83441693,0.0928842733818298
"48983","20074.16",48983,83442229,0.0520530637979393
"48984","20074.16",48984,83442302,0.43643872945668
"48985","20074.16",48985,83442537,-1.67924640984991
"48986","20074.16",48986,83443070,0.110971634872587
"48987","20074.16",48987,83445288,0.606346275339933
"48988","20074.16",48988,83445385,-0.13157760599603
"48989","20074.16",48989,83445548,0.551493335946165
"48990","20074.16",48990,83446147,0.52010179685369
"48991","20074.16",48991,83446212,0.328544149676305
"48992","20074.16",48992,83446304,0.991235781471208
"48993","20074.16",48993,83447027,-0.538009210013718
"48994","20074.16",48994,83448232,0.137087213806746
"48995","20074.16",48995,83450055,-0.423264186809448
"48996","20074.16",48996,83450094,0.527844665227639
"48997","20074.16",48997,83450241,0.104492733505779
"48998","20074.16",48998,83450450,-0.335163599054398
"48999","20074.16",48999,83450628,0.140728214055372
"49000","20074.16",49000,83450822,0.794714989043523
"49001","20074.16",49001,83450962,0.00473457949054623
"49002","20074.16",49002,83451039,-0.475530072437471
"49003","20074.16",49003,83451157,-0.607098183875644
"49004","20074.16",49004,83451312,0.138637255166957
"49005","20074.16",49005,83453851,-0.168572061685653
"49006","20074.16",49006,83454194,0.503352372200024
"49007","20074.16",49007,83454672,0.097182981476613
"49008","20074.16",49008,83455332,-0.169472111981775
"49009","20074.16",49009,83457012,-0.0621025732714893
"49010","20074.16",49010,83457052,0.138670483881877
"49011","20074.16",49011,83457455,0.682199730642467
"49012","20074.16",49012,83457591,-0.0556567143194657
"49013","20074.16",49013,83457920,1.1371880285607
"49014","20074.16",49014,83461553,-0.404503958786112
"49015","20074.16",49015,83462459,0.220737630069114
"49016","20074.16",49016,83462605,1.08066868405709
"49017","20074.16",49017,83464336,-0.242300878221066
"49018","20074.16",49018,83464421,0.123559650457072
"49019","20074.16",49019,83465244,-0.413683413047325
"49020","20074.16",49020,83466038,-0.368537862862368
"49021","20074.16",49021,83469893,-0.157721089655361
"49022","20074.16",49022,83470269,0.379297837443935
"49023","20074.16",49023,83470583,-0.302489762629531
"49024","20074.16",49024,83470796,-0.149183121060974
"49025","20074.16",49025,83474471,0.0376149725858763
"49026","20074.16",49026,83475103,0.944407975809892
"49027","20074.16",49027,83475427,0.393532674394463
"49028","20074.16",49028,83475675,-0.121341063912647
"49029","20074.16",49029,83477890,0.0240850708971969
"49030","20074.16",49030,83479990,-1.14744698631574
"49031","20074.16",49031,83480344,0.564059878918846
"49032","20074.16",49032,83481223,0.481637336516436
"49033","20074.16",49033,83481657,0.496872915929914
"49034","20074.16",49034,83483100,-0.354688163064811
"49035","20074.16",49035,83484605,-0.563947947598457
"49036","20074.16",49036,83484727,-0.481792394510919
"49037","20074.16",49037,83487316,0.136633054669244
"49038","20074.16",49038,83487471,-0.00773829606400511
"49039","20074.16",49039,83487492,-0.403335858772345
"49040","20074.16",49040,83487594,0.422588468554978
"49041","20074.16",49041,83490774,-0.063565968638847
"49042","20074.16",49042,83491127,-0.347250790203325
"49043","20074.16",49043,83491266,0.114963978887729
"49044","20074.16",49044,83493961,0.180220396329073
"49045","20074.16",49045,83494651,0.689336628974057
"49046","20074.16",49046,83494888,0.667206623807105
"49047","20074.16",49047,83495472,0.359976905272656
"49048","20074.16",49048,83495957,-0.181246319001929
"49049","20074.16",49049,83498540,1.58154454981188
"49050","20074.16",49050,83498650,1.07201740846739
"49051","20074.16",49051,83499166,0.878613127732966
"49052","20074.16",49052,83499510,0.0881618455681332
"49053","20074.16",49053,83499773,0.40302541472573
"49054","20074.16",49054,83499954,-0.52790063431635
"49055","20074.16",49055,83501212,0.354720210435146
"49056","20074.16",49056,83505325,-0.32162186917631
"49057","20074.16",49057,83505623,-0.192956245110766
"49058","20074.16",49058,83506285,0.122327673400449
"49059","20074.16",49059,83506583,0.712607001409649
"49060","20074.16",49060,83506998,0.198495473634465
"49061","20074.16",49061,83507030,0.469026377909882
"49062","20074.16",49062,83507153,0.198359206987456
"49063","20074.16",49063,83507266,-0.106266025645507
"49064","20074.16",49064,83508437,0.286286886960508
"49065","20074.16",49065,83508453,0.260563602732144
"49066","20074.16",49066,83508693,0.80350563268804
"49067","20074.16",49067,83508904,1.13847784710204
"49068","20074.16",49068,83509734,0.681975131593187
"49069","20074.16",49069,83509963,0.0393399213437089
"49070","20074.16",49070,83510381,0.271842332589562
"49071","20074.16",49071,83510465,-0.204223910985387
"49072","20074.16",49072,83510664,-0.348568575734684
"49073","20074.16",49073,83515714,0.655762443277648
"49074","20074.16",49074,83515750,-0.0323659887142185
"49075","20074.16",49075,83516310,-0.321083899196567
"49076","20074.16",49076,83517386,0.311515736824869
"49077","20074.16",49077,83517716,-0.472757210392545
"49078","20074.16",49078,83517741,0.484350635300641
"49079","20074.16",49079,83517768,-0.144871679539411
"49080","20074.16",49080,83517960,0.277232046918265
"49081","20074.16",49081,83518081,-0.138946627971533
"49082","20074.16",49082,83518486,-0.380031042080922
"49083","20074.16",49083,83518508,-0.130018886212937
"49084","20074.16",49084,83518977,1.29615251271635
"49085","20074.16",49085,83519289,0.652517042306902
"49086","20074.16",49086,83520078,-0.469395747062594
"49087","20074.16",49087,83520298,1.04350820922292
"49088","20074.16",49088,83520443,-0.0110795050260499
"49089","20074.16",49089,83521443,0.823338706819706
"49090","20074.16",49090,83521578,0.219012045969641
"49091","20074.16",49091,83521978,0.0735775008601518
"49092","20074.16",49092,83522555,0.196520628923861
"49093","20074.16",49093,83522726,0.162537039069357
"49094","20074.16",49094,83523054,-0.23011130459596
"49095","20074.16",49095,83523545,0.293510880088598
"49096","20074.16",49096,83524412,-0.603407477154172
"49097","20074.16",49097,83524491,-0.309044325217104
"49098","20074.16",49098,83526056,0.0289383443747413
"49099","20074.16",49099,83527509,0.503856084037348
"49100","20074.16",49100,83527592,0.288669966425688
"49101","20074.16",49101,83531067,-0.727547457887201
"49102","20074.16",49102,83538170,0.122326728890324
"49103","20074.16",49103,83538475,0.590619378337169
"49104","20074.16",49104,83538905,0.632741466604632
"49105","20074.16",49105,83539111,-0.273066610382353
"49106","20074.16",49106,83539992,0.244264260796345
"49107","20074.16",49107,83540433,0.718500159196915
"49108","20074.16",49108,83542226,-0.548746383878957
"49109","20074.16",49109,83542837,0.476582282394527
"49110","20074.16",49110,83545435,0.228133067484964
"49111","20074.16",49111,83545583,-0.472024909374117
"49112","20074.16",49112,83548526,-0.163614539880268
"49113","20074.16",49113,83549263,-0.437709208926903
"49114","20074.16",49114,83549627,0.165293198189272
"49115","20074.16",49115,83551296,0.396741697976759
"49116","20074.16",49116,83551508,-0.573272723062236
"49117","20074.16",49117,83552798,0.760324747633367
"49118","20074.16",49118,83552879,0.142988354714292
"49119","20074.16",49119,83553443,0.964340467383999
"49120","20074.16",49120,83553581,0.692083150721234
"49121","20074.16",49121,83554140,0.511348033106681
"49122","20074.16",49122,83554838,-0.0411198845801559
"49123","20074.16",49123,83555113,0.593718368036956
"49124","20074.16",49124,83555525,1.16343725185677
"49125","20074.16",49125,83556050,-0.428666135562406
"49126","20074.16",49126,83556238,-0.07739936076233
"49127","20074.16",49127,83556978,-0.138922980849391
"49128","20074.16",49128,83557856,-1.80147014325949
"49129","20074.16",49129,83557905,0.490210255563833
"49130","20074.16",49130,83561866,-0.387755652427538
"49131","20074.16",49131,83563611,0.00815415201677805
"49132","20074.16",49132,83563767,0.437723997699316
"49133","20074.16",49133,83564860,0.745299276715374
"49134","20074.16",49134,83565005,-0.0626139067117899
"49135","20074.16",49135,83565931,0.100681917404128
"49136","20074.16",49136,83566029,-0.584873653969894
"49137","20074.16",49137,83566091,-0.626373471247994
"49138","20074.16",49138,83568434,-0.401425794994691
"49139","20074.16",49139,83568586,-0.478012626633865
"49140","20074.16",49140,83568605,0.844765661981882
"49141","20074.16",49141,83569746,-0.0379547154877278
"49142","20074.16",49142,83569787,-0.55464731220242
"49143","20074.16",49143,83569881,0.147818589357715
"49144","20074.16",49144,83571203,-1.24912629383992
"49145","20074.16",49145,83574674,0.652439110807628
"49146","20074.16",49146,83574798,-0.444744450447024
"49147","20074.16",49147,83575572,-0.10704083027958
"49148","20074.16",49148,83576119,-0.372005165992991
"49149","20074.16",49149,83577794,-0.368133844406799
"49150","20074.16",49150,83579481,-0.521177020972531
"49151","20074.16",49151,83580198,-0.2644817551863
"49152","20074.16",49152,83580364,-0.513965712598975
"49153","20074.16",49153,83581118,0.433113518963974
"49154","20074.16",49154,83582480,0.534919505876062
"49155","20074.16",49155,83582591,0.527413545642413
"49156","20074.16",49156,83582744,0.661444207812223
"49157","20074.16",49157,83583322,0.0380346409101735
"49158","20074.16",49158,83583517,0.803733737623607
"49159","20074.16",49159,83584361,-0.104652269700104
"49160","20074.16",49160,83585124,0.370318433756247
"49161","20074.16",49161,83585156,0.865046424943299
"49162","20074.16",49162,83585376,0.856577278660859
"49163","20074.16",49163,83585808,0.541304468646275
"49164","20074.16",49164,83588983,-1.11124992680868
"49165","20074.16",49165,83589489,0.201306396154891
"49166","20074.16",49166,83590028,0.28036080494195
"49167","20074.16",49167,83590472,-0.320293631306063
"49168","20074.16",49168,83591217,-0.573114880087644
"49169","20074.16",49169,83592015,0.208155878122376
"49170","20074.16",49170,83592460,-0.0808638144248572
"49171","20074.16",49171,83592700,0.0944137175546125
"49172","20074.16",49172,83592763,0.980852191462373
"49173","20074.16",49173,83593367,0.0167688750098147
"49174","20074.16",49174,83601528,0.271672101957228
"49175","20074.16",49175,83601841,-0.576996674175728
"49176","20074.16",49176,83602155,0.701802649669196
"49177","20074.16",49177,83602284,0.481078601411446
"49178","20074.16",49178,83602333,0.411200139318169
"49179","20074.16",49179,83602630,0.718951405252853
"49180","20074.16",49180,83602777,0.353177338053025
"49181","20074.16",49181,83605229,0.778299483210403
"49182","20074.16",49182,83606144,-0.232413221009192
"49183","20074.16",49183,83609274,-0.208715791514858
"49184","20074.16",49184,83613642,-0.661116658113425
"49185","20074.16",49185,83613777,0.981869786432855
"49186","20074.16",49186,83614404,-0.748499605557587
"49187","20074.16",49187,83614472,0.716913386698015
"49188","20074.16",49188,83615501,0.553221748325661
"49189","20074.16",49189,83615856,0.23438781331378
"49190","20074.16",49190,83616062,0.363957932779441
"49191","20074.16",49191,83616310,-0.101523376979531
"49192","20074.16",49192,83617578,0.0872165092439339
"49193","20074.16",49193,83617594,0.0365549866436359
"49194","20074.16",49194,83620410,0.262663121828955
"49195","20074.16",49195,83620469,0.788195153736711
"49196","20074.16",49196,83620634,-0.181210134844009
"49197","20074.16",49197,83620859,-0.899406442547492
"49198","20074.16",49198,83621073,0.342311636591144
"49199","20074.16",49199,83621093,-0.176389254726987
"49200","20074.16",49200,83627075,-1.47269339336856
"49201","20074.16",49201,83629586,-1.22188509683959
"49202","20074.16",49202,83629735,-0.445251218300431
"49203","20074.16",49203,83629810,-0.424123760346563
"49204","20074.16",49204,83630280,-0.880773738711127
"49205","20074.16",49205,83630444,0.0248153378128846
"49206","20074.16",49206,83630501,0.544999250278583
"49207","20074.16",49207,83636775,0.289933571430406
"49208","20074.16",49208,83636801,0.360920832097695
"49209","20074.16",49209,83639199,0.397631514348515
"49210","20074.16",49210,83639311,0.233595164326778
"49211","20074.16",49211,83639335,0.37885387273866
"49212","20074.16",49212,83640367,-0.368626933030059
"49213","20074.16",49213,83640545,0.340707820151851
"49214","20074.16",49214,83643024,-0.574617822362448
"49215","20074.16",49215,83643403,0.627569170308541
"49216","20074.16",49216,83643531,-1.12816954828501
"49217","20074.16",49217,83643725,0.398136442803598
"49218","20074.16",49218,83643790,0.10866778793971
"49219","20074.16",49219,83643990,0.907244710933079
"49220","20074.16",49220,83645062,-0.656271866228597
"49221","20074.16",49221,83650936,-0.341683840493785
"49222","20074.16",49222,83650950,-0.753093552467268
"49223","20074.16",49223,83651657,-0.264457225676617
"49224","20074.16",49224,83651685,0.273612158605002
"49225","20074.16",49225,83651730,-1.38311936877743
"49226","20074.16",49226,83652902,0.710045701577145
"49227","20074.16",49227,83653357,0.131207663148086
"49228","20074.16",49228,83653665,-0.283547813906116
"49229","20074.16",49229,83654806,1.1993835260138
"49230","20074.16",49230,83654956,0.0617394546857
"49231","20074.16",49231,83656646,-0.420803954971795
"49232","20074.16",49232,83656964,-0.600352130202252
"49233","20074.16",49233,83658460,0.0679482135552663
"49234","20074.16",49234,83658649,0.872669630761828
"49235","20074.16",49235,83658754,0.728634504461069
"49236","20074.16",49236,83658857,1.28415847474195
"49237","20074.16",49237,83658870,0.634497978945016
"49238","20074.16",49238,83658886,0.230115988118064
"49239","20074.16",49239,83659971,-0.489470149886233
"49240","20074.16",49240,83660220,-0.460672168571945
"49241","20074.16",49241,83663355,0.354462251801169
"49242","20074.16",49242,83663551,-0.25318587794201
"49243","20074.16",49243,83664226,-0.185729811061919
"49244","20074.16",49244,83664336,0.425171757916687
"49245","20074.16",49245,83664768,-0.00135230199561232
"49246","20074.16",49246,83665234,-0.0117662222702846
"49247","20074.16",49247,83665269,-0.242098519666149
"49248","20074.16",49248,83668736,-0.971343606742952
"49249","20074.16",49249,83668840,-0.353554723266765
"49250","20074.16",49250,83669279,0.263569380150035
"49251","20074.16",49251,83670415,0.499281978728702
"49252","20074.16",49252,83670447,-0.630694728901693
"49253","20074.16",49253,83677027,-0.786836027757538
"49254","20074.16",49254,83677217,-0.616338922461523
"49255","20074.16",49255,83677291,0.35632041446229
"49256","20074.16",49256,83677346,-0.332357007544646
"49257","20074.16",49257,83677410,0.920680550609037
"49258","20074.16",49258,83678303,-0.00814396229629644
"49259","20074.16",49259,83678513,-0.443163967119602
"49260","20074.16",49260,83681467,0.701369661639904
"49261","20074.16",49261,83681675,0.375092835794312
"49262","20074.16",49262,83681752,-0.556324386875495
"49263","20074.16",49263,83681806,0.326984525192182
"49264","20074.16",49264,83681953,1.01771972614049
"49265","20074.16",49265,83682524,0.695178091057245
"49266","20074.16",49266,83683416,-0.223988990451566
"49267","20074.16",49267,83683611,0.202383389067293
"49268","20074.16",49268,83683945,1.00986966082718
"49269","20074.16",49269,83685808,0.368900171722836
"49270","20074.16",49270,83685999,0.301631443509311
"49271","20074.16",49271,83686013,0.582039924633738
"49272","20074.16",49272,83687469,0.365137951909827
"49273","20074.16",49273,83687888,0.845905570093676
"49274","20074.16",49274,83687956,0.493019686532739
"49275","20074.16",49275,83688077,0.662572470955898
"49276","20074.16",49276,83688611,-0.0572476837224558
"49277","20074.16",49277,83689143,0.629806564337165
"49278","20074.16",49278,83689593,0.480694189198991
"49279","20074.16",49279,83691187,-0.173894014921415
"49280","20074.16",49280,83694312,-0.235521526475638
"49281","20074.16",49281,83695697,0.129517478616166
"49282","20074.16",49282,83695746,0.065231008585588
"49283","20074.16",49283,83695851,0.747382133461991
"49284","20074.16",49284,83696826,-0.818424238666062
"49285","20074.16",49285,83697207,0.627961443802126
"49286","20074.16",49286,83697285,0.401204294242915
"49287","20074.16",49287,83698706,0.504184865490287
"49288","20074.16",49288,83698724,0.129668556386436
"49289","20074.16",49289,83703100,0.7555403455301
"49290","20074.16",49290,83704389,0.683674376692442
"49291","20074.16",49291,83705369,1.16325219826354
"49292","20074.16",49292,83705819,-0.0801591656972285
"49293","20074.16",49293,83706465,-0.466409377917977
"49294","20074.16",49294,83706517,-2.09769543681975
"49295","20074.16",49295,83707535,0.172607864836253
"49296","20074.16",49296,83709295,-0.167920710677678
"49297","20074.16",49297,83709566,-0.273653617145184
"49298","20074.16",49298,83709666,0.948442701967847
"49299","20074.16",49299,83710669,0.100167538732859
"49300","20074.16",49300,83711062,-0.386463595235554
"49301","20074.16",49301,83711079,-0.0526451620894433
"49302","20074.16",49302,83713088,0.440604851489037
"49303","20074.16",49303,83713172,-0.182144996589126
"49304","20074.16",49304,83714610,-0.503236040951335
"49305","20074.16",49305,83715549,0.0851595763238597
"49306","20074.16",49306,83715673,0.0368974120469128
"49307","20074.16",49307,83715980,0.562545841038737
"49308","20074.16",49308,83720194,-0.666186170237751
"49309","20074.16",49309,83720876,-0.15510075888924
"49310","20074.16",49310,83723971,-0.383682614530763
"49311","20074.16",49311,83724633,-0.146298393313115
"49312","20074.16",49312,83724892,0.458206203931055
"49313","20074.16",49313,83725371,0.801595485393363
"49314","20074.16",49314,83725740,0.177832494225828
"49315","20074.16",49315,83731556,-0.227977104682714
"49316","20074.16",49316,83731766,0.221777490885952
"49317","20074.16",49317,83732591,0.127550861575555
"49318","20074.16",49318,83732994,-0.427162152101094
"49319","20074.16",49319,83734052,-0.0174362694482095
"49320","20074.16",49320,83734150,0.244313722315419
"49321","20074.16",49321,83734189,-0.0843894615847391
"49322","20074.16",49322,83734649,-0.0482421762186247
"49323","20074.16",49323,83734692,-0.342622005761308
"49324","20074.16",49324,83734819,0.0690493374842251
"49325","20074.16",49325,83740068,0.432063698235459
"49326","20074.16",49326,83740136,-0.0314954600423336
"49327","20074.16",49327,83740167,0.516703247981691
"49328","20074.16",49328,83740179,-0.371659243946597
"49329","20074.16",49329,83740490,0.309957366151823
"49330","20074.16",49330,83740999,0.92390798151593
"49331","20074.16",49331,83741244,0.0721198763557203
"49332","20074.16",49332,83741245,-0.26309525289313
"49333","20074.16",49333,83741530,0.820350954036587
"49334","20074.16",49334,83741730,0.568494899231605
"49335","20074.16",49335,83741752,0.179035725485524
"49336","20074.16",49336,83743204,0.789514107764806
"49337","20074.16",49337,83743546,-0.273568631355554
"49338","20074.16",49338,83743890,0.183128487419762
"49339","20074.16",49339,83744261,-0.421057687717777
"49340","20074.16",49340,83745717,-0.775400552074277
"49341","20074.16",49341,83745975,0.550878517170879
"49342","20074.16",49342,83746972,0.334782662271658
"49343","20074.16",49343,83747327,0.398780705955947
"49344","20074.16",49344,83747850,0.162036818515392
"49345","20074.16",49345,83748476,0.233112117226447
"49346","20074.16",49346,83748952,0.169958459267492
"49347","20074.16",49347,83750393,-1.04648923045044
"49348","20074.16",49348,83750473,-0.0774918145154508
"49349","20074.16",49349,83751010,0.405260257614432
"49350","20074.16",49350,83751523,0.705081457724975
"49351","20074.16",49351,83753478,-0.589853740921508
"49352","20074.16",49352,83754931,-0.176467694309066
"49353","20074.16",49353,83755420,0.742432676697319
"49354","20074.16",49354,83755481,0.497458337592017
"49355","20074.16",49355,83755786,0.821612802276031
"49356","20074.16",49356,83756017,0.790606492817628
"49357","20074.16",49357,83756215,0.329549158829329
"49358","20074.16",49358,83756238,0.511264584423226
"49359","20074.16",49359,83756304,-0.0548807384419536
"49360","20074.16",49360,83756412,0.644973578800546
"49361","20074.16",49361,83756819,-0.186041048854243
"49362","20074.16",49362,83756988,-0.138087399442679
"49363","20074.16",49363,83757149,0.331506838508255
"49364","20074.16",49364,83757303,-0.494463092989501
"49365","20074.16",49365,83761813,-0.102420990077047
"49366","20074.16",49366,83762001,0.190245624128687
"49367","20074.16",49367,83762106,0.0846997604531072
"49368","20074.16",49368,83763066,-0.235280989824894
"49369","20074.16",49369,83763460,1.10720840430359
"49370","20074.16",49370,83764140,1.00070717909226
"49371","20074.16",49371,83764204,-0.404856568798168
"49372","20074.16",49372,83765357,0.127104833090868
"49373","20074.16",49373,83766744,0.500026767875252
"49374","20074.16",49374,83766772,0.0109470289050719
"49375","20074.16",49375,83766808,0.2672618213588
"49376","20074.16",49376,83767112,-1.73609958782614
"49377","20074.16",49377,83767133,0.150949677598342
"49378","20074.16",49378,83767219,0.565886481170785
"49379","20074.16",49379,83768721,-0.256562643271327
"49380","20074.16",49380,83769726,0.128722181282633
"49381","20074.16",49381,83771163,-0.529186101591375
"49382","20074.16",49382,83771496,-0.0922653863595411
"49383","20074.16",49383,83771710,0.352213341156207
"49384","20074.16",49384,83771862,-0.165840675286216
"49385","20074.16",49385,83771943,0.58031020427677
"49386","20074.16",49386,83772774,-0.312337117066191
"49387","20074.16",49387,83773522,-0.612303964020618
"49388","20074.16",49388,83774014,-0.323925746218837
"49389","20074.16",49389,83774365,-0.694006433121221
"49390","20074.16",49390,83774854,-0.84519936575371
"49391","20074.16",49391,83777112,0.576477274948826
"49392","20074.16",49392,83777316,-0.357358737007384
"49393","20074.16",49393,83777602,0.00490607405247268
"49394","20074.16",49394,83777776,0.312330848277232
"49395","20074.16",49395,83777938,0.445924287052613
"49396","20074.16",49396,83777979,0.25271447764024
"49397","20074.16",49397,83778622,-0.106107348136272
"49398","20074.16",49398,83779070,-0.360474385780432
"49399","20074.16",49399,83779644,-0.393438207061977
"49400","20074.16",49400,83779707,-0.366611310072524
"49401","20074.16",49401,83781604,0.502500767185896
"49402","20074.16",49402,83781823,0.00493169373273883
"49403","20074.16",49403,83782302,0.0768891533999003
"49404","20074.16",49404,83782440,0.41480435194572
"49405","20074.16",49405,83782517,0.456287734653695
"49406","20074.16",49406,83782622,0.906097763894363
"49407","20074.16",49407,83782792,0.506429589465498
"49408","20074.16",49408,83782950,0.455250871768828
"49409","20074.16",49409,83782993,-0.502623787014582
"49410","20074.16",49410,83783012,-0.107051760026068
"49411","20074.16",49411,83783115,1.77937065810989
"49412","20074.16",49412,83783207,0.176114222570297
"49413","20074.16",49413,83783222,-0.0526053788845031
"49414","20074.16",49414,83783247,0.8127207282122
"49415","20074.16",49415,83783267,0.468262112445363
"49416","20074.16",49416,83783347,0.672778469275964
"49417","20074.16",49417,83783405,0.24605174873972
"49418","20074.16",49418,83783490,0.889596298779275
"49419","20074.16",49419,83783534,0.645198109883983
"49420","20074.16",49420,83783548,0.387495117113855
"49421","20074.16",49421,83783651,-0.0544061183956952
"49422","20074.16",49422,83783996,-0.173128968096339
"49423","20074.16",49423,83784011,-0.598596138235748
"49424","20074.16",49424,83784066,0.091061190035707
"49425","20074.16",49425,83784092,0.0357637496239569
"49426","20074.16",49426,83784101,0.746258068133689
"49427","20074.16",49427,83784400,-0.749864982866393
"49428","20074.16",49428,83784457,-1.06419116975992
"49429","20074.16",49429,83784549,-0.500311661926333
"49430","20074.16",49430,83784764,-0.0776272350164993
"49431","20074.16",49431,83784778,-0.0328790597173878
"49432","20074.16",49432,83785123,0.169903774765355
"49433","20074.16",49433,83785148,-0.587968244134483
"49434","20074.16",49434,83785517,0.254551354693988
"49435","20074.16",49435,83785959,0.239879768665934
"49436","20074.16",49436,83786120,-0.573014309843674
"49437","20074.16",49437,83786154,-0.0834504214145726
"49438","20074.16",49438,83786207,0.259321083899363
"49439","20074.16",49439,83786221,0.216586353239497
"49440","20074.16",49440,83786290,0.335069171751857
"49441","20074.16",49441,83786304,0.435152276913352
"49442","20074.16",49442,83786380,0.746192718284015
"49443","20074.16",49443,83786406,0.589696146352179
"49444","20074.16",49444,83786511,-0.346911029402774
"49445","20074.16",49445,83786610,-0.98753110637052
"49446","20074.16",49446,83786830,0.702696990976858
"49447","20074.16",49447,83787028,0.240015867392133
"49448","20074.16",49448,83787080,-0.54507641457562
"49449","20074.16",49449,83790744,-0.141170187816731
"49450","20074.16",49450,83790849,-0.267497680407883
"49451","20074.16",49451,83791022,-0.393291283654935
"49452","20074.16",49452,83791041,0.293872093087013
"49453","20074.16",49453,83791265,0.108349732434065
"49454","20074.16",49454,83791680,-0.687526296137711
"49455","20074.16",49455,83791741,0.557205948704779
"49456","20074.16",49456,83793154,0.757211780622387
"49457","20074.16",49457,83793964,-0.42663731884269
"49458","20074.16",49458,83793995,0.311690604654015
"49459","20074.16",49459,83793998,-0.728748668049762
"49460","20074.16",49460,83794007,-0.104012764070077
"49461","20074.16",49461,83794025,-0.0199294397775285
"49462","20074.16",49462,83794044,0.198253808176642
"49463","20074.16",49463,83794056,-0.077518528044755
"49464","20074.16",49464,83794096,-0.0576022096772659
"49465","20074.16",49465,83794192,0.0169307199942867
"49466","20074.16",49466,83794234,0.859418627136226
"49467","20074.16",49467,83795317,-0.493595884831974
"49468","20074.16",49468,83795941,-0.19271910421695
"49469","20074.16",49469,83797708,0.141334996285377
"49470","20074.16",49470,83799581,0.490312581247852
"49471","20074.16",49471,83799605,-0.0279269850627424
"49472","20074.16",49472,83799822,0.146281729271788
"49473","20074.16",49473,83800764,-0.0240239287999007
"49474","20074.16",49474,83801639,0.537673449385243
"49475","20074.16",49475,83803160,0.181332009222847
"49476","20074.16",49476,83803382,-0.0357635220638892
"49477","20074.16",49477,83803628,0.564647981439303
"49478","20074.16",49478,83804389,0.42503471577434
"49479","20074.16",49479,83804765,-0.303077941964486
"49480","20074.16",49480,83805015,-0.255566950228519
"49481","20074.16",49481,83805609,-0.912356799822718
"49482","20074.16",49482,83805890,0.45725890264347
"49483","20074.16",49483,83806396,0.353605626243755
"49484","20074.16",49484,83810462,0.108758976090936
"49485","20074.16",49485,83810691,-0.266663504233913
"49486","20074.16",49486,83810884,-0.54954805019285
"49487","20074.16",49487,83811203,-0.33889744345459
"49488","20074.16",49488,83811223,0.108513120564079
"49489","20074.16",49489,83811401,0.438439357447968
"49490","20074.16",49490,83811640,-0.0764062528160894
"49491","20074.16",49491,83812347,0.344223028331027
"49492","20074.16",49492,83817396,-0.33967970916605
"49493","20074.16",49493,83817634,-0.313511044067529
"49494","20074.16",49494,83817857,-0.367376356452641
"49495","20074.16",49495,83820769,-0.0675900883003351
"49496","20074.16",49496,83821618,0.302760506241857
"49497","20074.16",49497,83821772,1.03012746531894
"49498","20074.16",49498,83821812,0.252176744624507
"49499","20074.16",49499,83822305,0.522760031720048
"49500","20074.16",49500,83822419,-0.0951037249412385
"49501","20074.16",49501,83822604,-0.677420156075926
"49502","20074.16",49502,83823452,-0.0686833115773915
"49503","20074.16",49503,83823620,0.714232368373207
"49504","20074.16",49504,83823844,0.588794999592326
"49505","20074.16",49505,83823870,-0.712603409382922
"49506","20074.16",49506,83824498,-0.102841634811778
"49507","20074.16",49507,83824511,-0.708156160550446
"49508","20074.16",49508,83825634,0.170869787561757
"49509","20074.16",49509,83825658,0.188107784252137
"49510","20074.16",49510,83825685,0.688833181218784
"49511","20074.16",49511,83826619,-0.613562258240645
"49512","20074.16",49512,83826766,0.349667546263766
"49513","20074.16",49513,83827084,0.0288179660148753
"49514","20074.16",49514,83827801,0.617299434520834
"49515","20074.16",49515,83828453,0.637264513721555
"49516","20074.16",49516,83828544,0.457151002609396
"49517","20074.16",49517,83829546,-0.776865669924083
"49518","20074.16",49518,83829805,0.557660938925619
"49519","20074.16",49519,83830299,0.269579171744623
"49520","20074.16",49520,83830501,-0.607264147924983
"49521","20074.16",49521,83830689,0.279954823821126
"49522","20074.16",49522,83830812,0.549874675544616
"49523","20074.16",49523,83832206,-0.131979078541519
"49524","20074.16",49524,83834331,-0.0902168083158843
"49525","20074.16",49525,83836732,-0.443248698470393
"49526","20074.16",49526,83838357,-0.0737564181326222
"49527","20074.16",49527,83838686,0.463611629193882
"49528","20074.16",49528,83839295,-0.0676343552940883
"49529","20074.16",49529,83844789,-0.12115491425627
"49530","20074.16",49530,83845270,-0.339168859290754
"49531","20074.16",49531,83851073,0.514285369504909
"49532","20074.16",49532,83852200,0.990308995802885
"49533","20074.16",49533,83853029,0.467014159699342
"49534","20074.16",49534,83853134,-0.0119966876515072
"49535","20074.16",49535,83854501,-0.113816713055874
"49536","20074.16",49536,83855107,-0.477392769273456
"49537","20074.16",49537,83856512,-0.698385738325825
"49538","20074.16",49538,83857789,-0.765988721800245
"49539","20074.16",49539,83860931,-0.164068325664553
"49540","20074.16",49540,83861318,0.124425041839461
"49541","20074.16",49541,83861617,-0.601855760350539
"49542","20074.16",49542,83862600,-0.303819250406039
"49543","20074.16",49543,83862636,1.03017620490532
"49544","20074.16",49544,83863934,-0.9526125937561
"49545","20074.16",49545,83864458,0.452085024764512
"49546","20074.16",49546,83865908,-0.151255978007462
"49547","20074.16",49547,83866946,-0.256969214249835
"49548","20074.16",49548,83868671,-0.747250561705549
"49549","20074.16",49549,83870772,0.753991489592292
"49550","20074.16",49550,83872864,0.293072653028131
"49551","20074.16",49551,83874135,-0.717818154780201
"49552","20074.16",49552,83875104,1.2720563335137
"49553","20074.16",49553,83876478,0.318645986780408
"49554","20074.16",49554,83876938,-0.314007079838086
"49555","20074.16",49555,83877450,-0.16342734157389
"49556","20074.16",49556,83877487,0.476551026194731
"49557","20074.16",49557,83878655,-0.476889538305421
"49558","20074.16",49558,83883747,0.580384286281281
"49559","20074.16",49559,83883927,0.152744243298082
"49560","20074.16",49560,83883988,0.929830008000827
"49561","20074.16",49561,83884503,0.346113556975337
"49562","20074.16",49562,83885265,0.702474665028869
"49563","20074.16",49563,83885314,0.47879339789463
"49564","20074.16",49564,83885920,0.561278471886332
"49565","20074.16",49565,83886322,0.544532764342198
"49566","20074.16",49566,83886924,0.214107439763991
"49567","20074.16",49567,83887360,-0.435284353207716
"49568","20074.16",49568,83887679,-0.575651410499204
"49569","20074.16",49569,83887717,-0.197237546083302
"49570","20074.16",49570,83888238,0.0646029668128119
"49571","20074.16",49571,83888628,-0.100555510493915
"49572","20074.16",49572,83888733,0.510867474034421
"49573","20074.16",49573,83888823,-0.666981959995017
"49574","20074.16",49574,83889680,-0.460767940284742
"49575","20074.16",49575,83891460,0.652946857128597
"49576","20074.16",49576,83891658,-0.181266791524119
"49577","20074.16",49577,83891769,0.293700383579039
"49578","20074.16",49578,83891919,-0.00539561727228932
"49579","20074.16",49579,83892007,-0.446152721643712
"49580","20074.16",49580,83892296,-0.321236776406884
"49581","20074.16",49581,83892343,0.505299395239976
"49582","20074.16",49582,83892729,-0.582639010181743
"49583","20074.16",49583,83892766,-2.00259184665639
"49584","20074.16",49584,83892788,-0.460815728046441
"49585","20074.16",49585,83892812,-0.769975123250497
"49586","20074.16",49586,83895425,-0.95144914772977
"49587","20074.16",49587,83896091,0.22744020185313
"49588","20074.16",49588,83896235,0.281192095257206
"49589","20074.16",49589,83896302,0.282181448922379
"49590","20074.16",49590,83896374,-0.0898449726377404
"49591","20074.16",49591,83896399,0.290251459173667
"49592","20074.16",49592,83897274,-0.890228045430769
"49593","20074.16",49593,83897355,0.104734503822504
"49594","20074.16",49594,83898078,-0.694023612030633
"49595","20074.16",49595,83903272,-0.922880468686811
"49596","20074.16",49596,83903941,-0.478819346856492
"49597","20074.16",49597,83904291,-0.552268089403181
"49598","20074.16",49598,83904693,-0.268036768311015
"49599","20074.16",49599,83909041,-0.479690729275148
"49600","20074.16",49600,83909905,0.0705837762166439
"49601","20074.16",49601,83910137,-1.75105919115138
"49602","20074.16",49602,83910506,-0.54895875326159
"49603","20074.16",49603,83911556,0.195224047759366
"49604","20074.16",49604,83912967,-1.35621940062848
"49605","20074.16",49605,83917828,-0.112370924545005
"49606","20074.16",49606,83918877,-0.612552250455584
"49607","20074.16",49607,83919723,0.699043468247262
"49608","20074.16",49608,83920604,-0.192602625465752
"49609","20074.16",49609,83920890,0.128001086515266
"49610","20074.16",49610,83921272,-0.0800542535950175
"49611","20074.16",49611,83921662,-0.508735636372552
"49612","20074.16",49612,83925558,0.604839753008515
"49613","20074.16",49613,83926346,0.234443135736113
"49614","20074.16",49614,83926381,0.406974031715769
"49615","20074.16",49615,83931482,-1.01604886990992
"49616","20074.16",49616,83935155,0.291472873878958
"49617","20074.16",49617,83936032,-0.529480991708887
"49618","20074.16",49618,83936496,0.125084708853853
"49619","20074.16",49619,83938199,0.311060586945398
"49620","20074.16",49620,83938563,-0.107834735638514
"49621","20074.16",49621,83941378,-0.890813710509717
"49622","20074.16",49622,83941401,0.190154546965368
"49623","20074.16",49623,83941719,0.487711417529371
"49624","20074.16",49624,83942995,0.152498961201918
"49625","20074.16",49625,83943144,-0.343830725916109
"49626","20074.16",49626,83945469,-0.136042023763899
"49627","20074.16",49627,83946887,-0.778960325945077
"49628","20074.16",49628,83947664,-0.290543243073635
"49629","20074.16",49629,83949506,0.548794357820349
"49630","20074.16",49630,83949539,-0.0180295911373589
"49631","20074.16",49631,83951632,-0.0555728472361947
"49632","20074.16",49632,83951867,-0.229799047889072
"49633","20074.16",49633,83953186,0.401331864964267
"49634","20074.16",49634,83957120,-0.0296630747524196
"49635","20074.16",49635,83961694,-0.29840161471911
"49636","20074.16",49636,83961770,-1.2943358962453
"49637","20074.16",49637,83966436,0.106899906583791
"49638","20074.16",49638,83968315,-0.262537448071867
"49639","20074.16",49639,83970586,-0.205517091334183
"49640","20074.16",49640,83970608,-0.180757048081043
"49641","20074.16",49641,83970840,-0.919923710709363
"49642","20074.16",49642,83970895,0.0172904636093856
"49643","20074.16",49643,83971109,0.731428245193668
"49644","20074.16",49644,83971242,0.354169980015089
"49645","20074.16",49645,83973885,-0.681034814118986
"49646","20074.16",49646,83973898,-0.497256730448723
"49647","20074.16",49647,83973918,0.364876797629251
"49648","20074.16",49648,83973956,0.913846941017279
"49649","20074.16",49649,83974066,0.479042913088224
"49650","20074.16",49650,83979601,-0.0486619248085622
"49651","20074.16",49651,83979637,-0.369388149124134
"49652","20074.16",49652,83979991,0.66926000079916
"49653","20074.16",49653,83980029,-0.130147312938798
"49654","20074.16",49654,83989850,0.0455181171199239
"49655","20074.16",49655,83989936,0.912093576775528
"49656","20074.16",49656,83989994,0.0738664391827939
"49657","20074.16",49657,83993943,0.110348663841844
"49658","20074.16",49658,83996546,0.1619489092158
"49659","20074.16",49659,83997442,-0.49122642903751
"49660","20074.16",49660,84009562,0.164434330639136
"49661","20074.16",49661,84010144,0.776416312813667
"49662","20074.16",49662,84010347,-0.12754368448661
"49663","20074.16",49663,84010560,-0.10864735839735
"49664","20074.16",49664,84010950,0.0487939783860023
"49665","20074.16",49665,84011947,-0.338791509988018
"49666","20074.16",49666,84015670,-0.0822924048251874
"49667","20074.16",49667,84015746,0.568634590890002
"49668","20074.16",49668,84015814,0.177458363879686
"49669","20074.16",49669,84016363,-0.261614824091082
"49670","20074.16",49670,84023924,0.133160605884471
"49671","20074.16",49671,84024371,-0.0698824864750751
"49672","20074.16",49672,84025618,0.384755988103806
"49673","20074.16",49673,84026540,-0.170655462644703
"49674","20074.16",49674,84026599,0.00328543253013347
"49675","20074.16",49675,84026678,0.115111715408097
"49676","20074.16",49676,84028672,-0.261050083625323
"49677","20074.16",49677,84028853,0.109984593899987
"49678","20074.16",49678,84029139,0.094980570338552
"49679","20074.16",49679,84029360,-0.642896852980194
"49680","20074.16",49680,84029556,-0.461797710176886
"49681","20074.16",49681,84030079,-0.0932258677318094
"49682","20074.16",49682,84030289,0.302635271991343
"49683","20074.16",49683,84030795,-0.356196905814834
"49684","20074.16",49684,84034513,0.0448878144535998
"49685","20074.16",49685,84035070,-0.32407705121289
"49686","20074.16",49686,84035114,-0.376013410265418
"49687","20074.16",49687,84035216,0.215428145998945
"49688","20074.16",49688,84037721,0.382542395483793
"49689","20074.16",49689,84041025,-0.592099643672996
"49690","20074.16",49690,84041597,0.237123043892711
"49691","20074.16",49691,84041647,0.259245080149477
"49692","20074.16",49692,84041658,0.132936303415708
"49693","20074.16",49693,84042082,1.3727856831088
"49694","20074.16",49694,84042316,-0.33225093130466
"49695","20074.16",49695,84042848,0.0665937695870795
"49696","20074.16",49696,84044700,-0.00319988244140035
"49697","20074.16",49697,84045519,-0.579160441030742
"49698","20074.16",49698,84046105,-0.370431462673523
"49699","20074.16",49699,84046478,-0.59432360362385
"49700","20074.16",49700,84046715,-0.595974078446047
"49701","20074.16",49701,84048398,-0.118480299631583
"49702","20074.16",49702,84048540,-0.0259482688558297
"49703","20074.16",49703,84048630,0.0140657006285556
"49704","20074.16",49704,84051166,-0.213242736563326
"49705","20074.16",49705,84052330,-0.337642721052444
"49706","20074.16",49706,84052662,-0.435827873611575
"49707","20074.16",49707,84053301,-0.280773949842054
"49708","20074.16",49708,84056488,-0.185024087513129
"49709","20074.16",49709,84056857,0.387874283845187
"49710","20074.16",49710,84056956,-0.576196637319354
"49711","20074.16",49711,84057025,-0.457587072020639
"49712","20074.16",49712,84057032,-0.0480441049642515
"49713","20074.16",49713,84057136,-0.37811358589838
"49714","20074.16",49714,84057571,-0.206523414159417
"49715","20074.16",49715,84057803,-1.35507389439524
"49716","20074.16",49716,84062928,0.119133572990214
"49717","20074.16",49717,84063420,-0.479395471878525
"49718","20074.16",49718,84064489,-0.0419074240776656
"49719","20074.16",49719,84064510,-0.129644058144515
"49720","20074.16",49720,84065207,0.698703400550751
"49721","20074.16",49721,84065586,0.782804933230595
"49722","20074.16",49722,84066215,-0.711949982671132
"49723","20074.16",49723,84068625,-0.37980261329694
"49724","20074.16",49724,84072146,0.454612238343501
"49725","20074.16",49725,84072678,-0.41306950932933
"49726","20074.16",49726,84072738,-0.0694107626903762
"49727","20074.16",49727,84073041,0.597751860239344
"49728","20074.16",49728,84073053,0.983028799315838
"49729","20074.16",49729,84074071,-0.0568831595339079
"49730","20074.16",49730,84074671,0.852896715336745
"49731","20074.16",49731,84074921,0.319081126759548
"49732","20074.16",49732,84075366,0.247844344943883
"49733","20074.16",49733,84077466,0.160350234216219
"49734","20074.16",49734,84077505,0.178472580889296
"49735","20074.16",49735,84080769,0.157956278763411
"49736","20074.16",49736,84080893,-0.0116771007639809
"49737","20074.16",49737,84081796,-0.328381077676704
"49738","20074.16",49738,84082463,0.21920728907253
"49739","20074.16",49739,84087138,0.593991316584948
"49740","20074.16",49740,84087324,-0.0836952307523049
"49741","20074.16",49741,84089445,0.113271787504956
"49742","20074.16",49742,84090519,0.0246531393848706
"49743","20074.16",49743,84090898,0.230108186511163
"49744","20074.16",49744,84091288,0.318921761917022
"49745","20074.16",49745,84093042,-0.199216243025715
"49746","20074.16",49746,84094720,-1.56394484476338
"49747","20074.16",49747,84094865,-0.135646838736112
"49748","20074.16",49748,84095254,-0.401325782563216
"49749","20074.16",49749,84095451,0.604006046509602
"49750","20074.16",49750,84098388,0.0969931256583623
"49751","20074.16",49751,84098615,0.289110830177786
"49752","20074.16",49752,84101841,-1.18610970138077
"49753","20074.16",49753,84101875,0.328686436278802
"49754","20074.16",49754,84108516,-1.17109776284916
"49755","20074.16",49755,84108651,0.648510909238225
"49756","20074.16",49756,84110573,-1.1050968833165
"49757","20074.16",49757,84111334,-0.65963781368272
"49758","20074.16",49758,84114388,0.0467971708957453
"49759","20074.16",49759,84115279,1.15209486844063
"49760","20074.16",49760,84115303,0.208106017074496
"49761","20074.16",49761,84118890,-0.705362327909824
"49762","20074.16",49762,84119815,0.650854884975792
"49763","20074.16",49763,84119839,-0.43332478795642
"49764","20074.16",49764,84122206,0.608778043301515
"49765","20074.16",49765,84122485,0.223361075042239
"49766","20074.16",49766,84122597,0.62519401306215
"49767","20074.16",49767,84122658,0.527692356197135
"49768","20074.16",49768,84124804,1.04822681380357
"49769","20074.16",49769,84125142,0.604052536063988
"49770","20074.16",49770,84125270,0.952908606818233
"49771","20074.16",49771,84125629,0.344034175250353
"49772","20074.16",49772,84126135,0.418986529814862
"49773","20074.16",49773,84126358,0.586665603749538
"49774","20074.16",49774,84126779,0.188639048823172
"49775","20074.16",49775,84126860,-0.357685764468364
"49776","20074.16",49776,84127039,0.759777699625316
"49777","20074.16",49777,84127351,-0.299319259032978
"49778","20074.16",49778,84128932,-0.0696152634469822
"49779","20074.16",49779,84130379,-0.0650102754066291
"49780","20074.16",49780,84134452,-0.435850188351208
"49781","20074.16",49781,84134459,0.6829525519211
"49782","20074.16",49782,84135493,0.478642928709843
"49783","20074.16",49783,84137822,0.0193618734670506
"49784","20074.16",49784,84138317,-0.250975243536945
"49785","20074.16",49785,84140589,-0.105914519060658
"49786","20074.16",49786,84143565,-0.339869283405128
"49787","20074.16",49787,84144112,0.082124629127101
"49788","20074.16",49788,84144838,-0.22395197398022
"49789","20074.16",49789,84156377,0.199337869809932
"49790","20074.16",49790,84164577,-0.311385827079795
"49791","20074.16",49791,84165603,-0.347367594537195
"49792","20074.16",49792,84165620,0.0491044751277832
"49793","20074.16",49793,84166763,-0.2634046368945
"49794","20074.16",49794,84170472,-0.109627904301027
"49795","20074.16",49795,84170759,0.529388685835536
"49796","20074.16",49796,84173835,0.35024721127395
"49797","20074.16",49797,84174337,0.070108569711656
"49798","20074.16",49798,84174866,-0.206359708217646
"49799","20074.16",49799,84175227,-0.468858651540566
"49800","20074.16",49800,84175770,1.10531535955527
"49801","20074.16",49801,84176559,0.582862700425328
"49802","20074.16",49802,84176743,0.534083762408627
"49803","20074.16",49803,84179486,-0.878502123181877
"49804","20074.16",49804,84181230,0.82205512792353
"49805","20074.16",49805,84181800,0.268444215033242
"49806","20074.16",49806,84189327,-0.39872909125627
"49807","20074.16",49807,84189949,0.109269874208774
"49808","20074.16",49808,84191985,0.0147638988636478
"49809","20074.16",49809,84195310,0.851524023526376
"49810","20074.16",49810,84199617,-0.828149097844204
"49811","20074.16",49811,84203612,-0.738928103650428
"49812","20074.16",49812,84203730,-0.713850604825443
"49813","20074.16",49813,84204772,-0.297938391855647
"49814","20074.16",49814,84206385,-0.0313082992789315
"49815","20074.16",49815,84211465,-1.23682827285497
"49816","20074.16",49816,84211483,0.08623643711449
"49817","20074.16",49817,84211620,-0.0471295256406563
"49818","20074.16",49818,84211718,0.130382678698528
"49819","20074.16",49819,84216606,-0.800967934209258
"49820","20074.16",49820,84218002,-0.195687207321534
"49821","20074.16",49821,84218951,0.0861390978279886
"49822","20074.16",49822,84219705,-0.623580074637705
"49823","20074.16",49823,84219830,0.646687241212319
"49824","20074.16",49824,84219849,-0.134959549756504
"49825","20074.16",49825,84220196,0.0649228388507179
"49826","20074.16",49826,84220332,-0.47867297284845
"49827","20074.16",49827,84220344,-0.0981729047524613
"49828","20074.16",49828,84220823,0.400867495664579
"49829","20074.16",49829,84221225,0.029164667890802
"49830","20074.16",49830,84221393,0.64100731405695
"49831","20074.16",49831,84221962,-0.372148251444548
"49832","20074.16",49832,84222839,-0.143739778034853
"49833","20074.16",49833,84223324,-0.0995155199870226
"49834","20074.16",49834,84223361,0.518960785953431
"49835","20074.16",49835,84228305,0.082347567285809
"49836","20074.16",49836,84231524,0.302743031169622
"49837","20074.16",49837,84231728,0.113996606559165
"49838","20074.16",49838,84232618,-0.162023139695902
"49839","20074.16",49839,84233348,0.612686076737844
"49840","20074.16",49840,84233536,0.157428154262253
"49841","20074.16",49841,84233568,0.77888422747427
"49842","20074.16",49842,84234231,0.323895823799039
"49843","20074.16",49843,84235764,-0.822616950187314
"49844","20074.16",49844,84236111,0.775865146297229
"49845","20074.16",49845,84239343,0.833307342907987
"49846","20074.16",49846,84239438,-0.365659424842863
"49847","20074.16",49847,84239618,-0.059366487568365
"49848","20074.16",49848,84240104,0.229826677384277
"49849","20074.16",49849,84242793,-0.505621557932907
"49850","20074.16",49850,84244800,-0.067965209190981
"49851","20074.16",49851,84245226,0.237162115467226
"49852","20074.16",49852,84245295,0.881064345260463
"49853","20074.16",49853,84245396,0.701192445320307
"49854","20074.16",49854,84245778,-0.45963037254627
"49855","20074.16",49855,84246947,0.385208378629042
"49856","20074.16",49856,84248104,0.413828389787224
"49857","20074.16",49857,84248134,-0.326334347754421
"49858","20074.16",49858,84249047,-0.253771066859001
"49859","20074.16",49859,84250742,-0.372728855721799
"49860","20074.16",49860,84251791,-0.140166341111703
"49861","20074.16",49861,84252133,-0.0562120033623961
"49862","20074.16",49862,84252326,-0.61152059600845
"49863","20074.16",49863,84253029,-0.539730223128156
"49864","20074.16",49864,84253767,1.10218387264265
"49865","20074.16",49865,84254187,-0.0496143397671363
"49866","20074.16",49866,84254287,-0.501872043691434
"49867","20074.16",49867,84254384,0.251715073974254
"49868","20074.16",49868,84254811,-0.0124522441672594
"49869","20074.16",49869,84254846,0.684845034423025
"49870","20074.16",49870,84255328,-0.372668177025918
"49871","20074.16",49871,84255452,0.827631961838184
"49872","20074.16",49872,84255769,0.29049075867781
"49873","20074.16",49873,84255769,0.84283148667014
"49874","20074.16",49874,84256619,-0.874981534877933
"49875","20074.16",49875,84257297,-0.833645879624663
"49876","20074.16",49876,84257554,0.128940375002474
"49877","20074.16",49877,84257567,-0.271166590274723
"49878","20074.16",49878,84257769,-0.423097562406931
"49879","20074.16",49879,84257811,-0.30737594563078
"49880","20074.16",49880,84258153,-0.594260713711692
"49881","20074.16",49881,84258711,0.751417529086763
"49882","20074.16",49882,84259266,-0.205627217567275
"49883","20074.16",49883,84259701,-1.223161268348
"49884","20074.16",49884,84259776,0.274855254227597
"49885","20074.16",49885,84260153,-0.340302962397629
"49886","20074.16",49886,84260857,0.239973985082927
"49887","20074.16",49887,84261320,0.198171827534079
"49888","20074.16",49888,84261631,0.318905405022876
"49889","20074.16",49889,84263406,0.211065077594951
"49890","20074.16",49890,84267009,-0.151485672179425
"49891","20074.16",49891,84271908,-0.440376693945122
"49892","20074.16",49892,84272097,-0.0320936135768788
"49893","20074.16",49893,84277203,-0.868400515346528
"49894","20074.16",49894,84282260,0.0445209174289767
"49895","20074.16",49895,84282382,0.241425877453723
"49896","20074.16",49896,84282489,0.303761816036098
"49897","20074.16",49897,84282849,0.352160412345879
"49898","20074.16",49898,84282915,0.158125757743183
"49899","20074.16",49899,84283298,0.739411210317399
"49900","20074.16",49900,84283478,-0.574306285981269
"49901","20074.16",49901,84284575,-0.346614739134708
"49902","20074.16",49902,84285363,0.177970871976365
"49903","20074.16",49903,84287406,0.873018878722866
"49904","20074.16",49904,84287571,-0.312855805699678
"49905","20074.16",49905,84287684,0.355369679132278
"49906","20074.16",49906,84288924,0.0610055430014338
"49907","20074.16",49907,84289123,0.173391393472609
"49908","20074.16",49908,84289141,0.0873513046043373
"49909","20074.16",49909,84289342,0.0987173203555196
"49910","20074.16",49910,84294167,-0.00244094887421209
"49911","20074.16",49911,84294834,-0.0609064693406056
"49912","20074.16",49912,84294912,1.00546445377579
"49913","20074.16",49913,84295053,0.0354647829151089
"49914","20074.16",49914,84295086,-0.422596161778702
"49915","20074.16",49915,84296968,0.100936575930021
"49916","20074.16",49916,84296983,0.156050845441034
"49917","20074.16",49917,84298625,0.554033584068804
"49918","20074.16",49918,84298784,-0.286514747613582
"49919","20074.16",49919,84299773,0.814167175730506
"49920","20074.16",49920,84301428,-0.252136674542433
"49921","20074.16",49921,84303242,-0.110382242022755
"49922","20074.16",49922,84303785,-0.423448249083914
"49923","20074.16",49923,84303999,-0.248787773936021
"49924","20074.16",49924,84304077,0.0267148155586154
"49925","20074.16",49925,84308076,-0.094863946876825
"49926","20074.16",49926,84309197,-1.10345356468044
"49927","20074.16",49927,84309676,0.555942049959312
"49928","20074.16",49928,84309697,-0.212859948799143
"49929","20074.16",49929,84309937,-1.08352748317677
"49930","20074.16",49930,84310221,0.0352307716955158
"49931","20074.16",49931,84311515,-0.038000306493748
"49932","20074.16",49932,84311563,0.0802243156754177
"49933","20074.16",49933,84311702,-0.60377030501835
"49934","20074.16",49934,84311753,-0.323247604981921
"49935","20074.16",49935,84311957,1.13157758711939
"49936","20074.16",49936,84312034,0.292402139841237
"49937","20074.16",49937,84312569,0.643703370760746
"49938","20074.16",49938,84313554,0.87054075626993
"49939","20074.16",49939,84313987,0.540947823402212
"49940","20074.16",49940,84314080,0.00955723241292539
"49941","20074.16",49941,84314198,-0.169536099882267
"49942","20074.16",49942,84315558,-0.040246416983889
"49943","20074.16",49943,84316423,0.298903136879342
"49944","20074.16",49944,84318942,-0.154692289703318
"49945","20074.16",49945,84319450,-1.00324215696199
"49946","20074.16",49946,84319549,0.0238861102149519
"49947","20074.16",49947,84319789,0.842190208595972
"49948","20074.16",49948,84321653,-0.00142190844003398
"49949","20074.16",49949,84321831,-0.461738425287465
"49950","20074.16",49950,84322050,0.715402577341268
"49951","20074.16",49951,84322343,-0.153315372199677
"49952","20074.16",49952,84323079,0.498373440122868
"49953","20074.16",49953,84323179,-0.22276406180239
"49954","20074.16",49954,84323308,0.145861286369809
"49955","20074.16",49955,84325548,0.337886820963113
"49956","20074.16",49956,84325940,-0.394177517550494
"49957","20074.16",49957,84326012,0.469653605840899
"49958","20074.16",49958,84326070,1.22137011258934
"49959","20074.16",49959,84327341,0.19539631770395
"49960","20074.16",49960,84328058,-0.150354699778717
"49961","20074.16",49961,84328110,0.677919666990006
"49962","20074.16",49962,84328826,-0.119784441174686
"49963","20074.16",49963,84328968,0.478673934409339
"49964","20074.16",49964,84329026,0.398344764418519
"49965","20074.16",49965,84329058,-0.341427179687894
"49966","20074.16",49966,84329521,-0.135868670905435
"49967","20074.16",49967,84329566,-0.646433050382273
"49968","20074.16",49968,84329978,0.189239573294529
"49969","20074.16",49969,84330162,0.519269296370518
"49970","20074.16",49970,84332279,-0.67193764943529
"49971","20074.16",49971,84332600,0.020407057673717
"49972","20074.16",49972,84332656,-0.122481758056764
"49973","20074.16",49973,84333760,0.523532923892852
"49974","20074.16",49974,84335915,0.850851721459319
"49975","20074.16",49975,84336142,-0.234902202483744
"49976","20074.16",49976,84336908,-0.203331655564016
"49977","20074.16",49977,84338234,-0.636116442255582
"49978","20074.16",49978,84339184,0.40994831305578
"49979","20074.16",49979,84339892,-0.179484182743275
"49980","20074.16",49980,84340877,0.633399647836337
"49981","20074.16",49981,84340896,0.567430938921519
"49982","20074.16",49982,84340930,-0.638329761505527
"49983","20074.16",49983,84341015,0.584781127167436
"49984","20074.16",49984,84343341,-0.110271679541622
"49985","20074.16",49985,84343383,-0.125454828445941
"49986","20074.16",49986,84345398,0.165256788866541
"49987","20074.16",49987,84345424,-0.80653430376085
"49988","20074.16",49988,84346068,0.364939343339887
"49989","20074.16",49989,84348930,-0.368110522832145
"49990","20074.16",49990,84350083,-0.293970451350655
"49991","20074.16",49991,84351119,-0.609959863146832
"49992","20074.16",49992,84351789,0.264294084397499
"49993","20074.16",49993,84351828,0.0333114053844241
"49994","20074.16",49994,84352331,-0.637736505525899
"49995","20074.16",49995,84352476,-0.0110748856089256
"49996","20074.16",49996,84353665,0.601506784946761
"49997","20074.16",49997,84356178,0.162214538000194
"49998","20074.16",49998,84356852,0.0551687602507016
"49999","20074.16",49999,84357408,0.185405329253653
"50000","20074.16",50000,84359882,0.145285787043862
"50001","20074.16",50001,84360003,0.0452600858967145
"50002","20074.16",50002,84360055,0.279552616442508
"50003","20074.16",50003,84362990,-0.829920855450178
"50004","20074.16",50004,84363263,-0.736221275757943
"50005","20074.16",50005,84363326,-1.53213604182831
"50006","20074.16",50006,84363326,-0.344067766651548
"50007","20074.16",50007,84365189,0.719777748925023
"50008","20074.16",50008,84365492,-0.384094971467977
"50009","20074.16",50009,84372409,-0.126773434949947
"50010","20074.16",50010,84373426,0.186933842755557
"50011","20074.16",50011,84375706,-0.733571902253273
"50012","20074.16",50012,84379709,0.556205920347376
"50013","20074.16",50013,84379911,-0.899872547880617
"50014","20074.16",50014,84380641,0.887062887608139
"50015","20074.16",50015,84381553,-0.583897861285008
"50016","20074.16",50016,84382543,0.162395420006832
"50017","20074.16",50017,84382652,0.452384640801879
"50018","20074.16",50018,84382678,-0.576711226136108
"50019","20074.16",50019,84383806,0.618333129624372
"50020","20074.16",50020,84386774,-0.591728448162221
"50021","20074.16",50021,84388197,0.201168975722624
"50022","20074.16",50022,84389521,-0.133980221723054
"50023","20074.16",50023,84390658,-0.711870194116848
"50024","20074.16",50024,84391427,-0.508138104211509
"50025","20074.16",50025,84394171,0.343745621193567
"50026","20074.16",50026,84394243,-1.53547931611682
"50027","20074.16",50027,84394795,0.865653113180602
"50028","20074.16",50028,84395561,0.445658357354389
"50029","20074.16",50029,84396274,0.188037668218564
"50030","20074.16",50030,84399674,-1.86952260457929
"50031","20074.16",50031,84400850,0.163897041272199
"50032","20074.16",50032,84402827,0.222637964860236
"50033","20074.16",50033,84403478,-0.614919342100852
"50034","20074.16",50034,84403703,-0.961793144187483
"50035","20074.16",50035,84412028,-0.073565544857396
"50036","20074.16",50036,84413074,-0.25023062140045
"50037","20074.16",50037,84413926,-0.080977978433106
"50038","20074.16",50038,84414164,0.104599608808727
"50039","20074.16",50039,84415437,-0.717490773594397
"50040","20074.16",50040,84415459,0.0504402958161636
"50041","20074.16",50041,84416207,-1.9159440766222
"50042","20074.16",50042,84416642,0.144390449061584
"50043","20074.16",50043,84416765,0.109581208733995
"50044","20074.16",50044,84416905,0.140956634910384
"50045","20074.16",50045,84417003,0.585958170766173
"50046","20074.16",50046,84418144,0.104067580539327
"50047","20074.16",50047,84418245,0.10052516034443
"50048","20074.16",50048,84418918,0.387036105807437
"50049","20074.16",50049,84419014,0.0702428650038804
"50050","20074.16",50050,84420341,-0.239227648865891
"50051","20074.16",50051,84421990,0.607116822410592
"50052","20074.16",50052,84423638,0.291526689824258
"50053","20074.16",50053,84424314,-0.769683959380346
"50054","20074.16",50054,84425190,-0.0350543391957538
"50055","20074.16",50055,84428555,0.230201259105175
"50056","20074.16",50056,84428584,-0.109385857099783
"50057","20074.16",50057,84429493,-0.530379173417459
"50058","20074.16",50058,84431376,0.410045844360586
"50059","20074.16",50059,84431563,0.260787842270388
"50060","20074.16",50060,84435229,0.929064436149301
"50061","20074.16",50061,84438995,-0.441288016975447
"50062","20074.16",50062,84439886,-0.441843445446342
"50063","20074.16",50063,84440081,0.0688494805476498
"50064","20074.16",50064,84440493,0.119798443127661
"50065","20074.16",50065,84440959,-0.298321634195188
"50066","20074.16",50066,84443425,-0.0549496616303795
"50067","20074.16",50067,84444691,1.09775448903588
"50068","20074.16",50068,84444735,0.115113389782468
"50069","20074.16",50069,84444888,0.0666918717065919
"50070","20074.16",50070,84444994,0.485771002002603
"50071","20074.16",50071,84446384,0.75602255960463
"50072","20074.16",50072,84446857,1.51003373128855
"50073","20074.16",50073,84447057,0.224009915584332
"50074","20074.16",50074,84447114,0.521269242552452
"50075","20074.16",50075,84447929,-1.03499759744183
"50076","20074.16",50076,84448621,-0.378974676444267
"50077","20074.16",50077,84449142,-0.125797003085279
"50078","20074.16",50078,84449161,-0.518128526056863
"50079","20074.16",50079,84451125,-0.623115478539664
"50080","20074.16",50080,84453421,-0.0712414978028528
"50081","20074.16",50081,84453862,0.673106405476033
"50082","20074.16",50082,84454763,-0.314839832401659
"50083","20074.16",50083,84455249,1.02947757533042
"50084","20074.16",50084,84455781,-0.104469295392504
"50085","20074.16",50085,84455961,-0.124050128771961
"50086","20074.16",50086,84456705,-0.575348660413214
"50087","20074.16",50087,84456705,-0.533682459228353
"50088","20074.16",50088,84457263,0.285626439184106
"50089","20074.16",50089,84457447,-0.548330941506299
"50090","20074.16",50090,84458648,0.569491344032362
"50091","20074.16",50091,84459424,-0.831622982853526
"50092","20074.16",50092,84460578,0.671468549543417
"50093","20074.16",50093,84463525,-0.260691942305094
"50094","20074.16",50094,84463591,-0.0800555024838818
"50095","20074.16",50095,84463853,0.617528354270816
"50096","20074.16",50096,84464456,0.169004401822153
"50097","20074.16",50097,84469384,-0.0598917455550714
"50098","20074.16",50098,84469759,-1.42685113147187
"50099","20074.16",50099,84471559,-0.0889848005059326
"50100","20074.16",50100,84471919,-0.147903358523061
"50101","20074.16",50101,84473597,0.52363376776544
"50102","20074.16",50102,84473985,0.0528971688039919
"50103","20074.16",50103,84474137,-0.208053068103466
"50104","20074.16",50104,84474169,-0.710271675676725
"50105","20074.16",50105,84474614,-0.312129996940679
"50106","20074.16",50106,84475035,0.219446961046067
"50107","20074.16",50107,84475771,-0.162773704550752
"50108","20074.16",50108,84476200,0.0662784275219286
"50109","20074.16",50109,84478339,0.185066418386042
"50110","20074.16",50110,84481115,-0.303022733063965
"50111","20074.16",50111,84481634,-0.121502563072576
"50112","20074.16",50112,84481864,0.74443207116657
"50113","20074.16",50113,84481955,0.276152395695429
"50114","20074.16",50114,84482101,0.407104818624577
"50115","20074.16",50115,84484479,0.524591391397208
"50116","20074.16",50116,84484992,0.271953298769536
"50117","20074.16",50117,84485036,-0.633526038843663
"50118","20074.16",50118,84494730,0.162718661022112
"50119","20074.16",50119,84494772,0.913844099026536
"50120","20074.16",50120,84494843,-0.090686343809681
"50121","20074.16",50121,84495116,-0.328946897244353
"50122","20074.16",50122,84495301,0.107560151427659
"50123","20074.16",50123,84495598,0.0772373317798491
"50124","20074.16",50124,84496113,-0.313958336008642
"50125","20074.16",50125,84496263,-0.155028913248745
"50126","20074.16",50126,84496489,-0.437700345733925
"50127","20074.16",50127,84497064,0.342956606920363
"50128","20074.16",50128,84497924,-0.31435443379596
"50129","20074.16",50129,84498220,-0.738094679609683
"50130","20074.16",50130,84498304,0.143849562985943
"50131","20074.16",50131,84498452,-0.741175203197377
"50132","20074.16",50132,84498674,-0.119017209117683
"50133","20074.16",50133,84498781,0.8576522514502
"50134","20074.16",50134,84505389,0.182891933670762
"50135","20074.16",50135,84505684,0.206352122042401
"50136","20074.16",50136,84507876,0.0890476243640057
"50137","20074.16",50137,84509368,0.0434433747510177
"50138","20074.16",50138,84509396,1.19999952753084
"50139","20074.16",50139,84509652,0.238620649224629
"50140","20074.16",50140,84509778,0.911900444099468
"50141","20074.16",50141,84510022,0.396235145300657
"50142","20074.16",50142,84510255,-0.167178083089945
"50143","20074.16",50143,84511325,0.5743250894321
"50144","20074.16",50144,84511499,-1.94257965021866
"50145","20074.16",50145,84511796,1.30165207684562
"50146","20074.16",50146,84514918,-0.527948193311137
"50147","20074.16",50147,84515570,-0.414553270907716
"50148","20074.16",50148,84515852,-0.0929744972364333
"50149","20074.16",50149,84516059,-0.294486174795424
"50150","20074.16",50150,84516090,0.232161333915791
"50151","20074.16",50151,84518611,-0.0327424621008383
"50152","20074.16",50152,84518652,0.147462532015976
"50153","20074.16",50153,84520780,0.0826399581719253
"50154","20074.16",50154,84521113,-0.349065062303647
"50155","20074.16",50155,84521372,-0.245301892088863
"50156","20074.16",50156,84524227,0.872197738267471
"50157","20074.16",50157,84524469,-0.921610177141435
"50158","20074.16",50158,84525420,-1.26060294540231
"50159","20074.16",50159,84525537,0.592175847883367
"50160","20074.16",50160,84529068,-0.141080947865957
"50161","20074.16",50161,84529248,-0.391464454377497
"50162","20074.16",50162,84529303,-0.0586218102869083
"50163","20074.16",50163,84529382,-0.0537026071516697
"50164","20074.16",50164,84529755,0.259980232563024
"50165","20074.16",50165,84530007,-0.045080637646298
"50166","20074.16",50166,84533145,0.158021171936147
"50167","20074.16",50167,84533697,0.553262139698673
"50168","20074.16",50168,84536990,-0.273202219864284
"50169","20074.16",50169,84537013,0.395386841142362
"50170","20074.16",50170,84539011,-0.354932358441197
"50171","20074.16",50171,84544484,0.232650558364705
"50172","20074.16",50172,84544608,-0.0654311973476389
"50173","20074.16",50173,84546923,-0.208696274813098
"50174","20074.16",50174,84547291,-1.28085810467637
"50175","20074.16",50175,84550940,0.115067762078154
"50176","20074.16",50176,84551053,0.694600453441722
"50177","20074.16",50177,84551347,0.486336967096363
"50178","20074.16",50178,84551379,0.247143198604445
"50179","20074.16",50179,84551462,0.611264086131258
"50180","20074.16",50180,84552403,0.339189512399481
"50181","20074.16",50181,84552468,-0.333931913801042
"50182","20074.16",50182,84554479,0.380927952193917
"50183","20074.16",50183,84555319,0.469366944011907
"50184","20074.16",50184,84561959,0.0159385406067765
"50185","20074.16",50185,84563394,0.348871927041196
"50186","20074.16",50186,84568010,0.378084951055043
"50187","20074.16",50187,84568148,-0.0852409922417747
"50188","20074.16",50188,84569101,0.45464364586508
"50189","20074.16",50189,84571969,0.111422624263261
"50190","20074.16",50190,84572253,-0.25015807589573
"50191","20074.16",50191,84572492,-0.74030159138858
"50192","20074.16",50192,84573557,0.31134440360512
"50193","20074.16",50193,84573658,0.103078897496865
"50194","20074.16",50194,84573992,-0.578862644369569
"50195","20074.16",50195,84576048,1.42005986561897
"50196","20074.16",50196,84577022,0.219262806190755
"50197","20074.16",50197,84577378,0.223634167843451
"50198","20074.16",50198,84583727,-0.224850370777603
"50199","20074.16",50199,84584457,-0.0242949894353135
"50200","20074.16",50200,84584907,0.491045317286351
"50201","20074.16",50201,84587249,0.451864588040514
"50202","20074.16",50202,84587960,0.176077274231016
"50203","20074.16",50203,84589501,-1.21544937114602
"50204","20074.16",50204,84590159,-0.464624559414816
"50205","20074.16",50205,84590776,-0.077132104919638
"50206","20074.16",50206,84591182,0.379654216786125
"50207","20074.16",50207,84593393,0.646693368794849
"50208","20074.16",50208,84595354,-0.00656358454048078
"50209","20074.16",50209,84596968,0.327136053497971
"50210","20074.16",50210,84608040,0.228862507097406
"50211","20074.16",50211,84609291,-0.308571613055174
"50212","20074.16",50212,84609559,-0.166779331389885
"50213","20074.16",50213,84610885,0.427825970052942
"50214","20074.16",50214,84613245,0.020116017637843
"50215","20074.16",50215,84613405,0.772401189047099
"50216","20074.16",50216,84613575,-0.212994449375094
"50217","20074.16",50217,84614937,0.324687455885559
"50218","20074.16",50218,84616225,0.408757108501557
"50219","20074.16",50219,84616296,-0.115011072579676
"50220","20074.16",50220,84616583,-0.51889345551101
"50221","20074.16",50221,84617494,-0.0372153050127295
"50222","20074.16",50222,84619247,0.183461551816452
"50223","20074.16",50223,84619996,-0.504460048221921
"50224","20074.16",50224,84620654,-0.117274302435098
"50225","20074.16",50225,84623484,-0.973283881081868
"50226","20074.16",50226,84625830,-0.620282407346409
"50227","20074.16",50227,84626189,-0.758852145163954
"50228","20074.16",50228,84626254,0.557696922439015
"50229","20074.16",50229,84626293,-0.333187433927317
"50230","20074.16",50230,84627779,0.894110007681138
"50231","20074.16",50231,84628497,-1.66242786858678
"50232","20074.16",50232,84629818,-0.722875394801831
"50233","20074.16",50233,84635724,0.746512665074285
"50234","20074.16",50234,84635785,0.0890687940509212
"50235","20074.16",50235,84636048,-0.304484512975613
"50236","20074.16",50236,84636090,-0.109160059544929
"50237","20074.16",50237,84636489,0.129051874518902
"50238","20074.16",50238,84636548,0.0663617373524152
"50239","20074.16",50239,84636781,-0.201765787337335
"50240","20074.16",50240,84638492,-0.844189010320379
"50241","20074.16",50241,84640737,-0.897311024491734
"50242","20074.16",50242,84641287,-0.497370534105805
"50243","20074.16",50243,84642583,0.600870018044893
"50244","20074.16",50244,84644261,0.114284688532305
"50245","20074.16",50245,84644819,0.745959201416594
"50246","20074.16",50246,84645192,0.198924284291418
"50247","20074.16",50247,84645679,0.32865477780087
"50248","20074.16",50248,84646415,-0.109378188386118
"50249","20074.16",50249,84646428,0.0397222650793205
"50250","20074.16",50250,84646440,0.426799726365897
"50251","20074.16",50251,84646446,-0.573278328309232
"50252","20074.16",50252,84646464,-0.433254721586945
"50253","20074.16",50253,84646544,-0.549203185407601
"50254","20074.16",50254,84646664,-0.443578846770379
"50255","20074.16",50255,84646911,-0.485456549230769
"50256","20074.16",50256,84646986,0.155464479341799
"50257","20074.16",50257,84655591,0.396264677555139
"50258","20074.16",50258,84657099,-0.142753639861704
"50259","20074.16",50259,84657111,1.09681676851201
"50260","20074.16",50260,84657353,0.73541429961723
"50261","20074.16",50261,84657738,-0.0402224587391524
"50262","20074.16",50262,84661550,0.276712100148013
"50263","20074.16",50263,84661560,0.384956685209471
"50264","20074.16",50264,84661568,-0.198740498560282
"50265","20074.16",50265,84664153,-0.886853896615162
"50266","20074.16",50266,84664453,-0.606406023753581
"50267","20074.16",50267,84664615,0.234334142910939
"50268","20074.16",50268,84666143,-0.0217643938692467
"50269","20074.16",50269,84666218,0.376428390314071
"50270","20074.16",50270,84666391,0.142383278762134
"50271","20074.16",50271,84666557,-0.596952424896996
"50272","20074.16",50272,84666628,0.0300693672156509
"50273","20074.16",50273,84666653,0.275912491229712
"50274","20074.16",50274,84666693,0.219326686497666
"50275","20074.16",50275,84667156,-0.115970599382623
"50276","20074.16",50276,84667195,-1.01660817459354
"50277","20074.16",50277,84667485,-0.418927772670913
"50278","20074.16",50278,84668559,-0.0394894539299377
"50279","20074.16",50279,84668610,0.329229361482047
"50280","20074.16",50280,84668750,0.402639133980162
"50281","20074.16",50281,84668785,-0.0855048433695167
"50282","20074.16",50282,84668807,0.0555678801884696
"50283","20074.16",50283,84668893,0.000256274461914785
"50284","20074.16",50284,84668940,-0.132246052988086
"50285","20074.16",50285,84669401,-0.03819586581632
"50286","20074.16",50286,84669421,-0.119801238627653
"50287","20074.16",50287,84670556,0.643235140006374
"50288","20074.16",50288,84670910,-0.225797682007268
"50289","20074.16",50289,84670987,-0.203445623078374
"50290","20074.16",50290,84671009,0.635086840339041
"50291","20074.16",50291,84671150,0.69241126988451
"50292","20074.16",50292,84671821,-0.033161667762565
"50293","20074.16",50293,84671963,-1.39834389824498
"50294","20074.16",50294,84672507,-0.834050852182003
"50295","20074.16",50295,84673535,0.664573826060809
"50296","20074.16",50296,84673749,0.482253859680573
"50297","20074.16",50297,84673965,0.287365491578904
"50298","20074.16",50298,84673988,0.0150104454200779
"50299","20074.16",50299,84674003,-0.0156389839135809
"50300","20074.16",50300,84674016,-0.251693621003212
"50301","20074.16",50301,84674024,-0.016518210164393
"50302","20074.16",50302,84674198,0.157335789521267
"50303","20074.16",50303,84674264,-0.3671156671335
"50304","20074.16",50304,84674277,-0.234943190796762
"50305","20074.16",50305,84674289,0.137988218990376
"50306","20074.16",50306,84675067,0.392216265239687
"50307","20074.16",50307,84676222,0.200996510101265
"50308","20074.16",50308,84678415,-0.910208847129104
"50309","20074.16",50309,84679730,-0.256956019900295
"50310","20074.16",50310,84680077,0.299563515778865
"50311","20074.16",50311,84686414,-0.558194523439996
"50312","20074.16",50312,84686606,-0.375080432552036
"50313","20074.16",50313,84687049,0.152746955286224
"50314","20074.16",50314,84688769,-0.694647295140159
"50315","20074.16",50315,84691823,0.640568397935374
"50316","20074.16",50316,84691993,0.61004409616561
"50317","20074.16",50317,84692047,-0.0239085196010205
"50318","20074.16",50318,84693879,0.055194497788225
"50319","20074.16",50319,84693913,0.144016939190196
"50320","20074.16",50320,84694198,0.168216921743732
"50321","20074.16",50321,84694873,0.108977816706399
"50322","20074.16",50322,84696052,-0.295616653812877
"50323","20074.16",50323,84697439,0.372378145365624
"50324","20074.16",50324,84697706,0.463696921653344
"50325","20074.16",50325,84697888,-0.076005977921839
"50326","20074.16",50326,84697912,0.496703499915809
"50327","20074.16",50327,84698010,0.500535263176258
"50328","20074.16",50328,84698088,0.106037564473658
"50329","20074.16",50329,84698110,0.487787155446171
"50330","20074.16",50330,84698124,0.255030775347794
"50331","20074.16",50331,84698394,0.10959383611606
"50332","20074.16",50332,84698687,-0.160217995099299
"50333","20074.16",50333,84698732,1.01274796748648
"50334","20074.16",50334,84699709,-0.32333043016061
"50335","20074.16",50335,84701655,-0.747146725367388
"50336","20074.16",50336,84701712,-0.688021724729878
"50337","20074.16",50337,84702097,0.561730420358944
"50338","20074.16",50338,84703655,-1.44030544276581
"50339","20074.16",50339,84704669,0.249504194012736
"50340","20074.16",50340,84705245,-0.764662435973835
"50341","20074.16",50341,84707247,0.207851506696866
"50342","20074.16",50342,84709454,0.449371329966751
"50343","20074.16",50343,84709833,0.0466308380556884
"50344","20074.16",50344,84713970,0.975324379201306
"50345","20074.16",50345,84714297,-0.00780572355113573
"50346","20074.16",50346,84715002,-0.322998344945554
"50347","20074.16",50347,84715252,-0.243402274134124
"50348","20074.16",50348,84716499,-1.18190547699121
"50349","20074.16",50349,84716499,-0.502004713010671
"50350","20074.16",50350,84716714,-0.324491707615892
"50351","20074.16",50351,84717974,0.592843969127506
"50352","20074.16",50352,84721747,-0.587480176367065
"50353","20074.16",50353,84722864,-0.318280979846782
"50354","20074.16",50354,84722997,0.467376495249732
"50355","20074.16",50355,84724295,1.438405493883
"50356","20074.16",50356,84724390,0.0569346281190235
"50357","20074.16",50357,84724672,0.486529803145866
"50358","20074.16",50358,84724890,0.355443894374949
"50359","20074.16",50359,84724906,0.157690719734848
"50360","20074.16",50360,84728588,0.0974737784442166
"50361","20074.16",50361,84728840,-0.18589331066117
"50362","20074.16",50362,84729485,0.458473947090426
"50363","20074.16",50363,84730830,-0.405124277057684
"50364","20074.16",50364,84737452,-0.934130253992197
"50365","20074.16",50365,84737633,0.215959201943466
"50366","20074.16",50366,84738085,0.814564517996167
"50367","20074.16",50367,84738416,0.231927432832132
"50368","20074.16",50368,84741149,0.553693010423824
"50369","20074.16",50369,84741175,-0.372483126642233
"50370","20074.16",50370,84741343,0.928151270836985
"50371","20074.16",50371,84742830,0.163616053232023
"50372","20074.16",50372,84742878,-0.141552657679147
"50373","20074.16",50373,84743347,-0.0543791586218854
"50374","20074.16",50374,84743586,0.571866250341993
"50375","20074.16",50375,84744750,0.964586974418348
"50376","20074.16",50376,84745645,1.08125794342711
"50377","20074.16",50377,84746516,0.0852532078913173
"50378","20074.16",50378,84747016,-0.0252100608708385
"50379","20074.16",50379,84747896,0.00803149948278215
"50380","20074.16",50380,84748901,-0.723500263293774
"50381","20074.16",50381,84750595,0.344937048739728
"50382","20074.16",50382,84750727,-0.0525624022005626
"50383","20074.16",50383,84750816,1.14569658550363
"50384","20074.16",50384,84751494,0.492095205890405
"50385","20074.16",50385,84754898,0.640791175710562
"50386","20074.16",50386,84754964,-0.350899187583983
"50387","20074.16",50387,84755825,0.337305520901881
"50388","20074.16",50388,84756841,0.120793141816283
"50389","20074.16",50389,84758551,-0.0882272592772946
"50390","20074.16",50390,84758859,0.120149151845175
"50391","20074.16",50391,84759446,-0.285956174698815
"50392","20074.16",50392,84759758,-0.377055507727357
"50393","20074.16",50393,84761851,-1.1747718238209
"50394","20074.16",50394,84763475,0.274182017390122
"50395","20074.16",50395,84768235,0.869143929891744
"50396","20074.16",50396,84768933,0.1834183343546
"50397","20074.16",50397,84769024,0.463839963549463
"50398","20074.16",50398,84769170,0.139067581927614
"50399","20074.16",50399,84770147,-0.453005139459562
"50400","20074.16",50400,84771043,0.762696901748174
"50401","20074.16",50401,84771176,0.0790658068737162
"50402","20074.16",50402,84771176,0.675451321864416
"50403","20074.16",50403,84773932,-0.161422400727267
"50404","20074.16",50404,84774120,0.617352265035421
"50405","20074.16",50405,84774348,-0.0323903327945088
"50406","20074.16",50406,84774389,0.146040723035466
"50407","20074.16",50407,84774436,0.867902707841004
"50408","20074.16",50408,84774452,0.175508233473701
"50409","20074.16",50409,84774686,0.395733480857893
"50410","20074.16",50410,84776071,0.00445024843735453
"50411","20074.16",50411,84776178,0.819951786315715
"50412","20074.16",50412,84777521,1.08314988982608
"50413","20074.16",50413,84778049,0.142069139046636
"50414","20074.16",50414,84783658,-0.117256491190743
"50415","20074.16",50415,84784290,0.973599496428151
"50416","20074.16",50416,84784448,-0.297909864526118
"50417","20074.16",50417,84785190,0.181805941497219
"50418","20074.16",50418,84785203,0.0234010271757841
"50419","20074.16",50419,84785274,0.687835826483433
"50420","20074.16",50420,84785378,-0.368970572547565
"50421","20074.16",50421,84785378,-0.180529788924962
"50422","20074.16",50422,84785608,0.140074372800179
"50423","20074.16",50423,84785672,-0.380790932260083
"50424","20074.16",50424,84788328,0.469405848550362
"50425","20074.16",50425,84789909,1.12794523859414
"50426","20074.16",50426,84790739,-0.324580897152991
"50427","20074.16",50427,84792291,-0.192272882989255
"50428","20074.16",50428,84792360,0.0299936270387278
"50429","20074.16",50429,84795476,-0.881920869739254
"50430","20074.16",50430,84795896,-0.435448137244905
"50431","20074.16",50431,84796402,0.48864100561461
"50432","20074.16",50432,84796603,0.228394564986978
"50433","20074.16",50433,84797199,0.474907812599279
"50434","20074.16",50434,84802172,-0.11068772309272
"50435","20074.16",50435,84802691,0.53397503064465
"50436","20074.16",50436,84802888,-0.598915024808384
"50437","20074.16",50437,84804070,0.104671903724331
"50438","20074.16",50438,84807261,0.342348141153203
"50439","20074.16",50439,84810949,-0.0288493867062272
"50440","20074.16",50440,84811961,0.0278789572870988
"50441","20074.16",50441,84815951,-0.460337479562305
"50442","20074.16",50442,84817320,-0.344042229075021
"50443","20074.16",50443,84817436,0.915845307821605
"50444","20074.16",50444,84817678,0.4410759382528
"50445","20074.16",50445,84817751,0.442702346482123
"50446","20074.16",50446,84819950,0.442884369861413
"50447","20074.16",50447,84819969,-0.336034001486801
"50448","20074.16",50448,84820600,0.413333753505969
"50449","20074.16",50449,84822854,0.560034370346359
"50450","20074.16",50450,84822961,-0.124748386591295
"50451","20074.16",50451,84823158,0.691383326377758
"50452","20074.16",50452,84823646,0.360445019978299
"50453","20074.16",50453,84823830,0.375902791081635
"50454","20074.16",50454,84824108,-0.864794798913109
"50455","20074.16",50455,84824979,0.150502212959081
"50456","20074.16",50456,84825833,0.466275086033169
"50457","20074.16",50457,84827686,0.0689873323077288
"50458","20074.16",50458,84827756,0.132377066255042
"50459","20074.16",50459,84827923,0.093555855936497
"50460","20074.16",50460,84828078,0.277616233754196
"50461","20074.16",50461,84829467,-0.576827600039433
"50462","20074.16",50462,84833220,-0.0435492973294682
"50463","20074.16",50463,84833374,0.419947289271813
"50464","20074.16",50464,84833740,-0.0695585043441342
"50465","20074.16",50465,84833825,0.160935778872365
"50466","20074.16",50466,84833921,0.402548728162601
"50467","20074.16",50467,84833936,0.461574669358318
"50468","20074.16",50468,84834349,-0.276071381740605
"50469","20074.16",50469,84836030,-0.143803717925658
"50470","20074.16",50470,84840753,0.507360199092724
"50471","20074.16",50471,84840883,0.0226682654433432
"50472","20074.16",50472,84841353,-0.514002190843615
"50473","20074.16",50473,84843896,1.08197608951519
"50474","20074.16",50474,84845518,0.653954472526126
"50475","20074.16",50475,84845981,-0.345464653237323
"50476","20074.16",50476,84846626,-0.948023321328806
"50477","20074.16",50477,84846840,-0.405706607523711
"50478","20074.16",50478,84846964,0.104339419226554
"50479","20074.16",50479,84846982,0.39932812948599
"50480","20074.16",50480,84847247,0.276794525080507
"50481","20074.16",50481,84849100,0.0328719014781154
"50482","20074.16",50482,84849280,-0.149443077856271
"50483","20074.16",50483,84850854,0.0193882561344942
"50484","20074.16",50484,84852091,0.424681250164062
"50485","20074.16",50485,84852712,-0.077480326533161
"50486","20074.16",50486,84854245,0.260858038387316
"50487","20074.16",50487,84855516,0.509188392090951
"50488","20074.16",50488,84855619,-0.0505553122028095
"50489","20074.16",50489,84855963,0.0272568377059379
"50490","20074.16",50490,84857552,-0.328944524166776
"50491","20074.16",50491,84857679,-1.03366372203268
"50492","20074.16",50492,84864868,-1.71805975928205
"50493","20074.16",50493,84866420,0.628848915275065
"50494","20074.16",50494,84866719,-0.0265443401810339
"50495","20074.16",50495,84867002,0.50294996359792
"50496","20074.16",50496,84867526,-0.220269895028456
"50497","20074.16",50497,84872821,-0.000682096247799358
"50498","20074.16",50498,84876472,-1.22329445982342
"50499","20074.16",50499,84878690,0.348546258435555
"50500","20074.16",50500,84881477,-0.291889289196282
"50501","20074.16",50501,84885306,-0.790817316127654
"50502","20074.16",50502,84885318,-1.76422973679429
"50503","20074.16",50503,84885506,-0.218652486413475
"50504","20074.16",50504,84885777,0.335690963074904
"50505","20074.16",50505,84886030,0.269327574167993
"50506","20074.16",50506,84887228,-0.23409212356188
"50507","20074.16",50507,84887244,-0.408835846073836
"50508","20074.16",50508,84889936,0.0378522910072538
"50509","20074.16",50509,84891001,-0.464189107716477
"50510","20074.16",50510,84894281,1.12844651665364
"50511","20074.16",50511,84894313,-0.361563844239197
"50512","20074.16",50512,84894376,-1.33397074961519
"50513","20074.16",50513,84894643,-0.564778722127604
"50514","20074.16",50514,84895772,-0.753432438520236
"50515","20074.16",50515,84896661,0.416538570683172
"50516","20074.16",50516,84899275,-0.550327410706794
"50517","20074.16",50517,84902353,0.116827201312356
"50518","20074.16",50518,84902446,0.337672429358622
"50519","20074.16",50519,84902717,-0.586355016488231
"50520","20074.16",50520,84903007,-0.241548115772607
"50521","20074.16",50521,84905542,-0.232717565943556
"50522","20074.16",50522,84908961,-0.61772124231654
"50523","20074.16",50523,84909663,0.713031991961141
"50524","20074.16",50524,84910623,-0.454469222952638
"50525","20074.16",50525,84911498,-0.673352007604347
"50526","20074.16",50526,84912331,-0.70045545905096
"50527","20074.16",50527,84912809,-0.903784310904695
"50528","20074.16",50528,84912879,0.0162163895852299
"50529","20074.16",50529,84916504,-0.254864736910671
"50530","20074.16",50530,84917992,0.704521988264832
"50531","20074.16",50531,84918862,-0.0161243631903538
"50532","20074.16",50532,84918927,0.3890480760876
"50533","20074.16",50533,84919303,-0.304322251117905
"50534","20074.16",50534,84920080,-0.312867014724999
"50535","20074.16",50535,84925626,0.0439747730800333
"50536","20074.16",50536,84925801,0.072140612947261
"50537","20074.16",50537,84926979,0.266612656467188
"50538","20074.16",50538,84934018,-0.072556264264521
"50539","20074.16",50539,84937288,-0.699762296689979
"50540","20074.16",50540,84940016,-0.0301468180018869
"50541","20074.16",50541,84940033,0.230906924698584
"50542","20074.16",50542,84943687,-0.0708524965670883
"50543","20074.16",50543,84944010,0.682405527440006
"50544","20074.16",50544,84944141,0.581450435197264
"50545","20074.16",50545,84944181,0.135714648578682
"50546","20074.16",50546,84944337,-0.719092995558372
"50547","20074.16",50547,84947115,-0.0421427603628359
"50548","20074.16",50548,84947677,0.58830241988475
"50549","20074.16",50549,84948311,0.00699741849645541
"50550","20074.16",50550,84948326,0.971803633460603
"50551","20074.16",50551,84952753,0.0854739993865978
"50552","20074.16",50552,84952932,1.30458343892445
"50553","20074.16",50553,84952943,1.17217014054167
"50554","20074.16",50554,84952982,0.133046199596821
"50555","20074.16",50555,84953081,-0.446843684079744
"50556","20074.16",50556,84954739,-0.106546977923602
"50557","20074.16",50557,84955551,0.196839163909741
"50558","20074.16",50558,84958098,0.668896855355597
"50559","20074.16",50559,84958952,-0.286817187047529
"50560","20074.16",50560,84959426,0.318406903567133
"50561","20074.16",50561,84959707,-0.423972715663507
"50562","20074.16",50562,84959942,-0.113013313531463
"50563","20074.16",50563,84960029,-0.0193734279524493
"50564","20074.16",50564,84964980,-0.201985645137039
"50565","20074.16",50565,84965143,-0.180481100905964
"50566","20074.16",50566,84971037,0.0467151896218194
"50567","20074.16",50567,84971423,0.849108383360538
"50568","20074.16",50568,84971585,-0.118677682648776
"50569","20074.16",50569,84974123,-0.462578566018252
"50570","20074.16",50570,84974407,-0.670774182658043
"50571","20074.16",50571,84975861,-0.582917360274084
"50572","20074.16",50572,84977997,0.427884560870321
"50573","20074.16",50573,84978048,0.652603571395336
"50574","20074.16",50574,84978338,-0.241904631135347
"50575","20074.16",50575,84978478,0.058337613350993
"50576","20074.16",50576,84982927,0.317682318698078
"50577","20074.16",50577,84983235,0.271193758868388
"50578","20074.16",50578,84983427,0.568486290279194
"50579","20074.16",50579,84983504,-0.472650009216832
"50580","20074.16",50580,84983610,1.13726899563542
"50581","20074.16",50581,84984350,-0.0995193402875385
"50582","20074.16",50582,84985003,-0.460660392330282
"50583","20074.16",50583,84986291,-0.160066205945117
"50584","20074.16",50584,84986384,-0.255981499627866
"50585","20074.16",50585,84986731,0.644244916757928
"50586","20074.16",50586,84987947,0.402196904094532
"50587","20074.16",50587,84988111,-0.0367573212281256
"50588","20074.16",50588,84988221,0.337115112951664
"50589","20074.16",50589,84995444,0.0815461503009418
"50590","20074.16",50590,84995658,0.19126445203278
"50591","20074.16",50591,84997185,0.0208462188077387
"50592","20074.16",50592,84998766,-0.465814424538054
"50593","20074.16",50593,85003296,-0.0473436211710068
"50594","20074.16",50594,85003310,0.784794735343044
"50595","20074.16",50595,85004668,1.17349794513718
"50596","20074.16",50596,85005033,0.211867351568792
"50597","20074.16",50597,85008645,0.798236196926854
"50598","20074.16",50598,85008832,-0.663823905219822
"50599","20074.16",50599,85008972,-0.32726070354683
"50600","20074.16",50600,85009291,0.751281535598127
"50601","20074.16",50601,85011548,-0.0202196954548262
"50602","20074.16",50602,85011622,0.259193221653313
"50603","20074.16",50603,85012002,0.294375275595686
"50604","20074.16",50604,85012566,-0.0211282526663288
"50605","20074.16",50605,85012669,-0.338431731558765
"50606","20074.16",50606,85012712,-0.370388608521439
"50607","20074.16",50607,85016975,-0.517367261268713
"50608","20074.16",50608,85017195,-0.126858014123653
"50609","20074.16",50609,85017932,-0.680898405221759
"50610","20074.16",50610,85017951,0.407038290524466
"50611","20074.16",50611,85020974,1.63226175418313
"50612","20074.16",50612,85021265,-0.266109333101229
"50613","20074.16",50613,85021983,0.23673884859873
"50614","20074.16",50614,85023491,0.6491632800212
"50615","20074.16",50615,85026501,-0.49809002236467
"50616","20074.16",50616,85026521,-0.728329588428985
"50617","20074.16",50617,85027387,0.543484445037527
"50618","20074.16",50618,85027718,0.133133771478096
"50619","20074.16",50619,85027947,-0.621177081245289
"50620","20074.16",50620,85028321,-1.87546607388463
"50621","20074.16",50621,85028352,0.603357534634571
"50622","20074.16",50622,85028684,-0.282326637470877
"50623","20074.16",50623,85028850,0.133004560083982
"50624","20074.16",50624,85029306,0.218999629784465
"50625","20074.16",50625,85029463,-0.990564271907976
"50626","20074.16",50626,85038065,0.227789465591488
"50627","20074.16",50627,85038241,-0.0831266540196589
"50628","20074.16",50628,85038819,-0.107262584945404
"50629","20074.16",50629,85038859,0.0922668255336161
"50630","20074.16",50630,85038948,0.150289372069845
"50631","20074.16",50631,85039662,-0.0477590067970652
"50632","20074.16",50632,85048044,-0.275776618511857
"50633","20074.16",50633,85050367,-0.158033880977952
"50634","20074.16",50634,85050713,-0.137849686213406
"50635","20074.16",50635,85050735,0.33444430433713
"50636","20074.16",50636,85051443,0.447382375789696
"50637","20074.16",50637,85051654,0.278371559434079
"50638","20074.16",50638,85051804,-1.02291924157591
"50639","20074.16",50639,85053680,-1.25256797108239
"50640","20074.16",50640,85054082,0.307276864066764
"50641","20074.16",50641,85055438,-0.910280675428307
"50642","20074.16",50642,85056156,0.393249643802194
"50643","20074.16",50643,85057207,0.457048713871772
"50644","20074.16",50644,85060718,0.00921314066464607
"50645","20074.16",50645,85062790,-0.217558257287036
"50646","20074.16",50646,85063116,0.242569688391769
"50647","20074.16",50647,85065085,0.542403924636884
"50648","20074.16",50648,85065750,0.364233149938923
"50649","20074.16",50649,85070605,-0.350584677793282
"50650","20074.16",50650,85071126,0.16249043982859
"50651","20074.16",50651,85072837,0.241904523953189
"50652","20074.16",50652,85074168,0.269155088085346
"50653","20074.16",50653,85074414,0.981867595177198
"50654","20074.16",50654,85077662,-0.782778430120328
"50655","20074.16",50655,85078778,0.502916112380986
"50656","20074.16",50656,85079581,-0.445466302473521
"50657","20074.16",50657,85079813,0.023281648913648
"50658","20074.16",50658,85080245,-0.450739411206298
"50659","20074.16",50659,85080484,1.01803395066732
"50660","20074.16",50660,85080542,0.487396974364663
"50661","20074.16",50661,85080601,0.380414753406337
"50662","20074.16",50662,85080848,0.975970906527173
"50663","20074.16",50663,85081172,-0.429018321858171
"50664","20074.16",50664,85082710,0.134207445150517
"50665","20074.16",50665,85087159,-0.594597255594643
"50666","20074.16",50666,85090675,0.173126131986529
"50667","20074.16",50667,85091864,0.183620224915924
"50668","20074.16",50668,85092397,-0.350378999327162
"50669","20074.16",50669,85092483,-0.200182650851961
"50670","20074.16",50670,85092575,0.183497730788213
"50671","20074.16",50671,85092685,0.192509788679596
"50672","20074.16",50672,85092748,0.451872495584422
"50673","20074.16",50673,85092892,0.556404933969941
"50674","20074.16",50674,85093114,-0.0895788532780415
"50675","20074.16",50675,85093220,-0.071948055362645
"50676","20074.16",50676,85093306,0.465502307601295
"50677","20074.16",50677,85093459,-0.128636122614078
"50678","20074.16",50678,85093871,-0.366942856910988
"50679","20074.16",50679,85093913,0.612745282487523
"50680","20074.16",50680,85095623,0.127101712258226
"50681","20074.16",50681,85099251,0.625891749449106
"50682","20074.16",50682,85099265,0.33458896223932
"50683","20074.16",50683,85100976,-0.239481885449779
"50684","20074.16",50684,85101723,0.0923924555305495
"50685","20074.16",50685,85102445,0.722151370163313
"50686","20074.16",50686,85103885,0.449942396693573
"50687","20074.16",50687,85104588,0.415677937189025
"50688","20074.16",50688,85104716,0.781414494799994
"50689","20074.16",50689,85104752,-0.0638452786620904
"50690","20074.16",50690,85106218,0.638295512025404
"50691","20074.16",50691,85111943,0.0527491423916784
"50692","20074.16",50692,85112967,0.869352139164671
"50693","20074.16",50693,85113503,-0.707987313593602
"50694","20074.16",50694,85114059,0.11805200663077
"50695","20074.16",50695,85117003,0.57914424340714
"50696","20074.16",50696,85117526,-0.408198386936149
"50697","20074.16",50697,85123148,0.22547394332985
"50698","20074.16",50698,85123529,-0.205206181288545
"50699","20074.16",50699,85126984,-1.65192266592085
"50700","20074.16",50700,85127472,0.339026567214025
"50701","20074.16",50701,85127519,-0.476636504834085
"50702","20074.16",50702,85127568,0.339478897453097
"50703","20074.16",50703,85131857,-0.41113524169851
"50704","20074.16",50704,85132776,-0.134236499961476
"50705","20074.16",50705,85136409,0.0461408062712634
"50706","20074.16",50706,85137251,0.638704182901857
"50707","20074.16",50707,85137270,-1.08485190306874
"50708","20074.16",50708,85137657,-0.26177756845621
"50709","20074.16",50709,85139173,0.53697313350846
"50710","20074.16",50710,85140900,0.00084145077625486
"50711","20074.16",50711,85140956,-0.0679929947517133
"50712","20074.16",50712,85141661,0.750008136771121
"50713","20074.16",50713,85142068,-0.102177796124841
"50714","20074.16",50714,85142166,-0.467753289001722
"50715","20074.16",50715,85142894,-0.982071981705886
"50716","20074.16",50716,85144023,-0.423871596984212
"50717","20074.16",50717,85144693,0.00679244162856918
"50718","20074.16",50718,85146305,-0.158617826543648
"50719","20074.16",50719,85146531,1.1728106757976
"50720","20074.16",50720,85146585,0.83947835448903
"50721","20074.16",50721,85153761,0.421444926894405
"50722","20074.16",50722,85153824,0.255710511954212
"50723","20074.16",50723,85154236,-0.761263345933862
"50724","20074.16",50724,85158744,-0.951154767260623
"50725","20074.16",50725,85160632,-0.267746930587134
"50726","20074.16",50726,85164161,-0.121143732884049
"50727","20074.16",50727,85164601,-0.237218704658416
"50728","20074.16",50728,85164856,-0.842461808311803
"50729","20074.16",50729,85165621,-0.159700984116643
"50730","20074.16",50730,85166718,-1.14284303764036
"50731","20074.16",50731,85166733,-0.59861229768225
"50732","20074.16",50732,85170117,-0.167341958967281
"50733","20074.16",50733,85171934,-0.585941376141574
"50734","20074.16",50734,85172319,-0.0262906409861206
"50735","20074.16",50735,85172364,-0.00127244012752925
"50736","20074.16",50736,85172823,-1.10036335413024
"50737","20074.16",50737,85175235,-0.343340381728317
"50738","20074.16",50738,85180171,-0.132606354896905
"50739","20074.16",50739,85180808,0.409291074718262
"50740","20074.16",50740,85181808,-0.714877582573838
"50741","20074.16",50741,85181955,-0.411677519067307
"50742","20074.16",50742,85182087,0.42722124033211
"50743","20074.16",50743,85182550,0.898743830200115
"50744","20074.16",50744,85182630,1.08648497750537
"50745","20074.16",50745,85183682,-0.134578664690514
"50746","20074.16",50746,85184014,0.497728364745897
"50747","20074.16",50747,85184515,-0.526243346439447
"50748","20074.16",50748,85185908,0.589501234368812
"50749","20074.16",50749,85186132,-0.273643175965486
"50750","20074.16",50750,85187025,-1.21441925961253
"50751","20074.16",50751,85187541,0.89285664509976
"50752","20074.16",50752,85188970,1.20654716732317
"50753","20074.16",50753,85189262,-0.670796478417303
"50754","20074.16",50754,85189550,0.0932599111018764
"50755","20074.16",50755,85189891,0.398868072031996
"50756","20074.16",50756,85190230,-0.108269178294743
"50757","20074.16",50757,85190353,-0.699296846596241
"50758","20074.16",50758,85191100,0.443504585469461
"50759","20074.16",50759,85196597,0.464098471885326
"50760","20074.16",50760,85197035,-0.456164840664775
"50761","20074.16",50761,85197980,0.181691128786617
"50762","20074.16",50762,85200342,0.408856912018078
"50763","20074.16",50763,85200978,-0.914757032184125
"50764","20074.16",50764,85201405,1.18808923414747
"50765","20074.16",50765,85201970,0.711566254484178
"50766","20074.16",50766,85205765,-0.677168930509474
"50767","20074.16",50767,85205909,0.41374974545291
"50768","20074.16",50768,85211463,-0.00647965261553995
"50769","20074.16",50769,85211552,0.200974334290705
"50770","20074.16",50770,85214468,0.47159517233946
"50771","20074.16",50771,85214937,0.618135390658582
"50772","20074.16",50772,85217790,0.0195150088643548
"50773","20074.16",50773,85218038,-0.632512954580688
"50774","20074.16",50774,85218567,0.289842061342633
"50775","20074.16",50775,85218723,0.165116278434841
"50776","20074.16",50776,85218939,0.440064061803908
"50777","20074.16",50777,85219593,0.454508009249268
"50778","20074.16",50778,85219630,0.56532955230325
"50779","20074.16",50779,85219744,0.05660299117626
"50780","20074.16",50780,85222572,0.487342162192978
"50781","20074.16",50781,85228341,0.508115823529153
"50782","20074.16",50782,85228662,0.340368059014085
"50783","20074.16",50783,85229021,-0.0550900035646427
"50784","20074.16",50784,85229289,0.384377264924209
"50785","20074.16",50785,85230063,0.369043886256658
"50786","20074.16",50786,85232354,-0.439777140174695
"50787","20074.16",50787,85233684,0.0522687460023556
"50788","20074.16",50788,85236048,0.87858125855938
"50789","20074.16",50789,85237331,-0.0918497277510673
"50790","20074.16",50790,85238056,0.460039498510199
"50791","20074.16",50791,85238110,0.376391262742691
"50792","20074.16",50792,85239600,-0.641736251327191
"50793","20074.16",50793,85241936,-1.10778789901252
"50794","20074.16",50794,85242209,0.174408235318043
"50795","20074.16",50795,85242808,-0.397299924030088
"50796","20074.16",50796,85244967,0.300901769999341
"50797","20074.16",50797,85248612,-0.778174594591837
"50798","20074.16",50798,85252412,0.671993373140704
"50799","20074.16",50799,85253605,0.248622154332199
"50800","20074.16",50800,85259757,-0.172705660833055
"50801","20074.16",50801,85259918,0.603475300976407
"50802","20074.16",50802,85260536,-0.566704332421961
"50803","20074.16",50803,85263839,0.173621950077583
"50804","20074.16",50804,85263882,-0.0273276320081077
"50805","20074.16",50805,85266860,-0.0989517847709083
"50806","20074.16",50806,85270410,-0.0307709795252151
"50807","20074.16",50807,85274221,0.71496238464466
"50808","20074.16",50808,85276893,0.142656450456388
"50809","20074.16",50809,85278333,-0.381908956366825
"50810","20074.16",50810,85284541,0.599493734763487
"50811","20074.16",50811,85287961,-0.543521381057305
"50812","20074.16",50812,85288130,0.22150152978004
"50813","20074.16",50813,85290149,-0.452597140142586
"50814","20074.16",50814,85291500,0.713142025090893
"50815","20074.16",50815,85294960,-0.718786398402767
"50816","20074.16",50816,85295309,0.529434099854483
"50817","20074.16",50817,85295517,0.321593807199348
"50818","20074.16",50818,85301716,0.668920455287195
"50819","20074.16",50819,85302740,-0.204123888509049
"50820","20074.16",50820,85303632,0.0230160207775816
"50821","20074.16",50821,85303697,0.619392026456395
"50822","20074.16",50822,85304296,0.229060386669197
"50823","20074.16",50823,85306104,-0.933032603328769
"50824","20074.16",50824,85306851,0.145270279304983
"50825","20074.16",50825,85306991,-1.31373267387889
"50826","20074.16",50826,85307012,0.0077156507893017
"50827","20074.16",50827,85308799,-0.614839745969056
"50828","20074.16",50828,85308890,-0.766105555947692
"50829","20074.16",50829,85311080,-0.268749524646436
"50830","20074.16",50830,85311879,0.185658346594955
"50831","20074.16",50831,85313335,-0.10096049280178
"50832","20074.16",50832,85313624,-0.404359942801944
"50833","20074.16",50833,85316150,-0.6224622715324
"50834","20074.16",50834,85319399,0.550712789991674
"50835","20074.16",50835,85319473,0.565732219360643
"50836","20074.16",50836,85321128,-0.346630741156398
"50837","20074.16",50837,85323899,0.556015290338125
"50838","20074.16",50838,85324567,0.303543007009003
"50839","20074.16",50839,85324620,0.260460348784924
"50840","20074.16",50840,85328704,-0.0395919276578089
"50841","20074.16",50841,85330574,-0.773905083180352
"50842","20074.16",50842,85331907,1.08355844849412
"50843","20074.16",50843,85332655,-0.240254810010621
"50844","20074.16",50844,85332866,-0.559984294905335
"50845","20074.16",50845,85335033,0.704279673823202
"50846","20074.16",50846,85335735,-0.229185028659659
"50847","20074.16",50847,85335835,-0.063149514770446
"50848","20074.16",50848,85336503,-0.149125675958886
"50849","20074.16",50849,85337655,0.288173026118151
"50850","20074.16",50850,85338815,0.456623525006818
"50851","20074.16",50851,85340023,0.322197921813079
"50852","20074.16",50852,85347935,-0.756749275819051
"50853","20074.16",50853,85348374,-0.163259682269067
"50854","20074.16",50854,85348457,-0.458576490682423
"50855","20074.16",50855,85348599,0.871019810593487
"50856","20074.16",50856,85349267,-0.79775090666277
"50857","20074.16",50857,85353897,-0.344490134693044
"50858","20074.16",50858,85358243,0.587174394200924
"50859","20074.16",50859,85359020,0.392100017219126
"50860","20074.16",50860,85359762,-0.052486173757111
"50861","20074.16",50861,85361508,-0.261583154697804
"50862","20074.16",50862,85361756,-0.201214526763347
"50863","20074.16",50863,85364315,0.370192240381008
"50864","20074.16",50864,85364517,0.251222669216234
"50865","20074.16",50865,85364928,0.651080949529363
"50866","20074.16",50866,85368984,0.527774193385381
"50867","20074.16",50867,85369519,0.703006363260685
"50868","20074.16",50868,85370416,0.485027949253124
"50869","20074.16",50869,85371376,-0.665826567970433
"50870","20074.16",50870,85372421,-0.0997226862323073
"50871","20074.16",50871,85374714,0.160268905695142
"50872","20074.16",50872,85375825,0.23806959471846
"50873","20074.16",50873,85376284,0.381550131075028
"50874","20074.16",50874,85376888,0.0220259794694861
"50875","20074.16",50875,85377652,-0.647609481245719
"50876","20074.16",50876,85378570,-1.44040982115071
"50877","20074.16",50877,85386171,-0.697398275267405
"50878","20074.16",50878,85387040,-0.613628503226455
"50879","20074.16",50879,85391010,0.545478435886086
"50880","20074.16",50880,85393796,-0.614233270445016
"50881","20074.16",50881,85395216,-0.297426289089939
"50882","20074.16",50882,85396820,-0.11458642778349
"50883","20074.16",50883,85399430,-0.188669476708498
"50884","20074.16",50884,85401326,0.0193618734670506
"50885","20074.16",50885,85401999,-0.53445676095795
"50886","20074.16",50886,85407981,0.663540269266693
"50887","20074.16",50887,85411133,-0.443229942560535
"50888","20074.16",50888,85412205,-1.08110564661029
"50889","20074.16",50889,85412231,-0.945524963966945
"50890","20074.16",50890,85412273,-0.0832334666469805
"50891","20074.16",50891,85412993,-0.0151483348738433
"50892","20074.16",50892,85413684,-0.381122526735705
"50893","20074.16",50893,85418319,-0.635544408758527
"50894","20074.16",50894,85418465,-0.495879336576283
"50895","20074.16",50895,85420064,-0.715497035257981
"50896","20074.16",50896,85420123,0.482162648442189
"50897","20074.16",50897,85424889,-0.728139083380423
"50898","20074.16",50898,85425111,-0.589254837799376
"50899","20074.16",50899,85425143,-0.740841519679881
"50900","20074.16",50900,85425166,-0.605953797687172
"50901","20074.16",50901,85425193,-0.162436674237717
"50902","20074.16",50902,85425288,0.390162138104531
"50903","20074.16",50903,85425834,-0.330051285874844
"50904","20074.16",50904,85425887,0.127656014868709
"50905","20074.16",50905,85426075,-0.364830442542285
"50906","20074.16",50906,85426343,-0.0111802740700915
"50907","20074.16",50907,85428791,-0.230393499578116
"50908","20074.16",50908,85428805,-0.197073065252787
"50909","20074.16",50909,85428916,-0.084564476933874
"50910","20074.16",50910,85428947,-0.0436664159667224
"50911","20074.16",50911,85428979,-0.330714148379569
"50912","20074.16",50912,85431093,-1.62929897164632
"50913","20074.16",50913,85431412,-1.34044209377937
"50914","20074.16",50914,85431962,0.148930847613888
"50915","20074.16",50915,85432010,0.288582723756117
"50916","20074.16",50916,85432049,0.668801575084319
"50917","20074.16",50917,85432085,0.459418723174653
"50918","20074.16",50918,85432234,0.17906746010387
"50919","20074.16",50919,85432296,0.739863775980921
"50920","20074.16",50920,85432405,0.416643905791067
"50921","20074.16",50921,85432505,1.14967496243869
"50922","20074.16",50922,85432738,-0.253642248591985
"50923","20074.16",50923,85432752,0.461541729488673
"50924","20074.16",50924,85432769,0.99046270042718
"50925","20074.16",50925,85432788,0.507041383307592
"50926","20074.16",50926,85432988,-0.262880756918967
"50927","20074.16",50927,85433285,-0.918022571792307
"50928","20074.16",50928,85433316,-0.0668842283159359
"50929","20074.16",50929,85433369,0.951262081947339
"50930","20074.16",50930,85433399,-0.706143468536733
"50931","20074.16",50931,85433445,0.616842082896613
"50932","20074.16",50932,85433584,-0.997413285828747
"50933","20074.16",50933,85433683,0.20027496778468
"50934","20074.16",50934,85433698,-0.413800749638579
"50935","20074.16",50935,85433727,0.092128797317276
"50936","20074.16",50936,85433763,1.13302877360449
"50937","20074.16",50937,85436852,-0.640966857824508
"50938","20074.16",50938,85436901,-0.518430139713709
"50939","20074.16",50939,85447184,-0.542029989343663
"50940","20074.16",50940,85447275,-0.731788154032935
"50941","20074.16",50941,85447938,-0.633622423354537
"50942","20074.16",50942,85448947,-0.709783857253613
"50943","20074.16",50943,85452695,-0.0238505794967727
"50944","20074.16",50944,85458295,-0.0321818837457331
"50945","20074.16",50945,85462697,0.226165992718661
"50946","20074.16",50946,85466841,0.576558334151559
"50947","20074.16",50947,85470957,-0.728016167631233
"50948","20074.16",50948,85471322,0.0101792155800746
"50949","20074.16",50949,85478018,-0.610156167486457
"50950","20074.16",50950,85479865,-0.254681521733905
"50951","20074.16",50951,85480882,0.4437994962793
"50952","20074.16",50952,85484730,-0.380236791263279
"50953","20074.16",50953,85491118,-0.0239573230783918
"50954","20074.16",50954,85491464,-0.156044155562103
"50955","20074.16",50955,85505866,0.268948639758583
"50956","20074.16",50956,85506175,-0.760076968540996
"50957","20074.16",50957,85507522,-0.327305657893743
"50958","20074.16",50958,85508134,0.160371656415674
"50959","20074.16",50959,85510924,0.204369985442807
"50960","20074.16",50960,85510959,0.0112628720204855
"50961","20074.16",50961,85515330,-0.87337776999089
"50962","20074.16",50962,85515916,-0.528963614251581
"50963","20074.16",50963,85516245,-0.0848728144739539
"50964","20074.16",50964,85516277,0.425282131567889
"50965","20074.16",50965,85516632,-0.0193711207708525
"50966","20074.16",50966,85517133,0.806577189524135
"50967","20074.16",50967,85517275,0.257289102706792
"50968","20074.16",50968,85520197,-0.123103006746018
"50969","20074.16",50969,85520934,0.214438615438584
"50970","20074.16",50970,85520955,0.121632499381862
"50971","20074.16",50971,85523857,0.440446380623173
"50972","20074.16",50972,85526565,-0.450235280320432
"50973","20074.16",50973,85528553,-0.0992099432228901
"50974","20074.16",50974,85531781,-0.908456435498747
"50975","20074.16",50975,85533240,0.124836126955398
"50976","20074.16",50976,85534024,0.379114325146635
"50977","20074.16",50977,85536652,0.0916234787842862
"50978","20074.16",50978,85538835,-0.315910998873272
"50979","20074.16",50979,85540423,0.449676090161801
"50980","20074.16",50980,85540799,0.509274528659236
"50981","20074.16",50981,85545730,-0.24168381260131
"50982","20074.16",50982,85554587,-1.08855695690546
"50983","20074.16",50983,85555230,0.515553123587263
"50984","20074.16",50984,85561405,-0.520247624956942
"50985","20074.16",50985,85563564,0.542498589702075
"50986","20074.16",50986,85564166,-0.0426940692788387
"50987","20074.16",50987,85564296,0.202309244726433
"50988","20074.16",50988,85566633,-1.04651622250676
"50989","20074.16",50989,85567106,0.739567658824117
"50990","20074.16",50990,85567156,1.14664141135806
"50991","20074.16",50991,85569060,0.518333258111329
"50992","20074.16",50992,85572140,-0.110908332153492
"50993","20074.16",50993,85572176,-0.665574250430006
"50994","20074.16",50994,85572548,-1.05925204804448
"50995","20074.16",50995,85573111,-0.560696508660573
"50996","20074.16",50996,85573214,0.10572074548267
"50997","20074.16",50997,85573275,0.660140882085897
"50998","20074.16",50998,85573772,0.0719184071234853
"50999","20074.16",50999,85575431,-0.366375332453146
"51000","20074.16",51000,85579023,0.765328530520622
"51001","20074.16",51001,85579075,-0.0621256076449317
"51002","20074.16",51002,85580884,0.510660750311971
"51003","20074.16",51003,85580918,0.324227241445906
"51004","20074.16",51004,85581030,0.0587810049004718
"51005","20074.16",51005,85583399,-0.0636854098588362
"51006","20074.16",51006,85583984,-0.279484216399402
"51007","20074.16",51007,85586359,0.342386978846259
"51008","20074.16",51008,85594816,0.137218988211836
"51009","20074.16",51009,85594909,-0.487533671554326
"51010","20074.16",51010,85601972,0.106974951132894
"51011","20074.16",51011,85604026,0.116210339393879
"51012","20074.16",51012,85606443,0.391250852667585
"51013","20074.16",51013,85606943,-0.145594610199251
"51014","20074.16",51014,85611892,0.273375866781651
"51015","20074.16",51015,85613800,0.377215305310759
"51016","20074.16",51016,85617078,-0.065852205332857
"51017","20074.16",51017,85619730,0.504729527307599
"51018","20074.16",51018,85620826,-0.382585892277247
"51019","20074.16",51019,85620902,-0.495095096763205
"51020","20074.16",51020,85623279,2.07818631398486
"51021","20074.16",51021,85623737,0.504287988823836
"51022","20074.16",51022,85624400,0.302404982999728
"51023","20074.16",51023,85631020,-1.20135639914291
"51024","20074.16",51024,85637941,0.090327779525178
"51025","20074.16",51025,85642129,-1.1671109052333
"51026","20074.16",51026,85644411,-0.625339276137005
"51027","20074.16",51027,85652672,-0.0384932034488505
"51028","20074.16",51028,85655948,-0.20597130907887
"51029","20074.16",51029,85656359,-1.00506444270006
"51030","20074.16",51030,85663180,-0.499839629852617
"51031","20074.16",51031,85663753,-0.36285141732069
"51032","20074.16",51032,85663943,0.439848164558279
"51033","20074.16",51033,85671932,-0.0451938260925848
"51034","20074.16",51034,85679484,0.275721919741341
"51035","20074.16",51035,85679870,1.33401831423351
"51036","20074.16",51036,85690751,0.471142860159921
"51037","20074.16",51037,85691253,0.42457994182599
"51038","20074.16",51038,85695535,-0.688050100607631
"51039","20074.16",51039,85696453,0.24654163383078
"51040","20074.16",51040,85696618,0.151728379735291
"51041","20074.16",51041,85698875,-0.283051525797628
"51042","20074.16",51042,85700750,0.21425915320248
"51043","20074.16",51043,85701118,-1.25886696918574
"51044","20074.16",51044,85702536,-0.541093780891352
"51045","20074.16",51045,85702690,0.0644404503921914
"51046","20074.16",51046,85705486,-0.233043725670076
"51047","20074.16",51047,85705611,-0.0892889487855095
"51048","20074.16",51048,85706047,0.255463469636584
"51049","20074.16",51049,85706151,-0.880192275266847
"51050","20074.16",51050,85706250,0.388565807341169
"51051","20074.16",51051,85706564,0.370466189496585
"51052","20074.16",51052,85706633,0.177303215662679
"51053","20074.16",51053,85707367,0.288016981359204
"51054","20074.16",51054,85707677,-0.111275963034284
"51055","20074.16",51055,85708500,0.115180362458478
"51056","20074.16",51056,85708867,-0.545454998040154
"51057","20074.16",51057,85710983,-0.00646267799305189
"51058","20074.16",51058,85711502,0.0389816595230776
"51059","20074.16",51059,85711688,0.626059743772854
"51060","20074.16",51060,85711769,0.802022724437383
"51061","20074.16",51061,85711860,0.750733748980395
"51062","20074.16",51062,85712052,0.0458209455001288
"51063","20074.16",51063,85712105,0.75954967127259
"51064","20074.16",51064,85715858,0.356773239341421
"51065","20074.16",51065,85716639,-1.63825513100681
"51066","20074.16",51066,85716832,0.279025347780068
"51067","20074.16",51067,85728512,-0.213717607551274
"51068","20074.16",51068,85728651,-0.946154274763781
"51069","20074.16",51069,85728813,0.747918116665816
"51070","20074.16",51070,85729281,-0.0208298860220033
"51071","20074.16",51071,85729518,-1.01927261303916
"51072","20074.16",51072,85729594,-0.465365602745518
"51073","20074.16",51073,85730477,-0.890522915612279
"51074","20074.16",51074,85731988,-0.491977890592231
"51075","20074.16",51075,85736386,0.176180561462713
"51076","20074.16",51076,85736429,-0.247603369463386
"51077","20074.16",51077,85737061,0.292592777639336
"51078","20074.16",51078,85737267,0.790794653094683
"51079","20074.16",51079,85738269,0.468692749977428
"51080","20074.16",51080,85738523,-0.17699971778282
"51081","20074.16",51081,85739250,0.112869612015007
"51082","20074.16",51082,85740251,0.558234076647614
"51083","20074.16",51083,85740709,0.0980886012211482
"51084","20074.16",51084,85740750,-0.233802625701609
"51085","20074.16",51085,85742030,0.124703539748399
"51086","20074.16",51086,85742634,-0.318164002381186
"51087","20074.16",51087,85743064,-0.0405442761125059
"51088","20074.16",51088,85746303,-0.592512982654129
"51089","20074.16",51089,85746354,-0.048223940016479
"51090","20074.16",51090,85746645,-0.185521362135277
"51091","20074.16",51091,85750790,0.151421382637244
"51092","20074.16",51092,85751006,0.0246680524084102
"51093","20074.16",51093,85754916,-0.252878264343613
"51094","20074.16",51094,85755974,-0.692085113375777
"51095","20074.16",51095,85756468,-0.78290994660837
"51096","20074.16",51096,85756490,-0.46484222046591
"51097","20074.16",51097,85758357,-0.223069486242017
"51098","20074.16",51098,85758447,0.661149456063941
"51099","20074.16",51099,85758771,-0.327319340052632
"51100","20074.16",51100,85758785,0.129878407092828
"51101","20074.16",51101,85759883,-0.399307071902978
"51102","20074.16",51102,85762615,-0.00559640949853968
"51103","20074.16",51103,85768606,-0.69626435516826
"51104","20074.16",51104,85770202,0.00782156610917095
"51105","20074.16",51105,85770315,-0.507886831356358
"51106","20074.16",51106,85772846,-0.157775031177115
"51107","20074.16",51107,85772913,0.787371759187606
"51108","20074.16",51108,85772972,0.375777593716035
"51109","20074.16",51109,85773023,-0.598008904019334
"51110","20074.16",51110,85776112,-0.354740089924167
"51111","20074.16",51111,85777928,-0.747479183866775
"51112","20074.16",51112,85778798,0.282952961983301
"51113","20074.16",51113,85782847,-0.03120319091546
"51114","20074.16",51114,85787316,-1.02423730668297
"51115","20074.16",51115,85791273,0.747874218610675
"51116","20074.16",51116,85791901,-0.666539000318561
"51117","20074.16",51117,85795769,0.864498635547641
"51118","20074.16",51118,85801898,-0.230324851678568
"51119","20074.16",51119,85802061,-0.845381513197
"51120","20074.16",51120,85805718,-0.589205041596292
"51121","20074.16",51121,85812264,0.530915587600183
"51122","20074.16",51122,85813231,0.715279220136794
"51123","20074.16",51123,85813395,0.580801002817647
"51124","20074.16",51124,85813526,1.02984343910702
"51125","20074.16",51125,85813740,0.681664754365124
"51126","20074.16",51126,85813880,0.198957248652537
"51127","20074.16",51127,85814264,0.496582727044118
"51128","20074.16",51128,85814617,0.213816493636508
"51129","20074.16",51129,85814809,-0.0645831087004582
"51130","20074.16",51130,85817518,-1.66859138433681
"51131","20074.16",51131,85818418,-0.632664703100889
"51132","20074.16",51132,85819521,-0.291450843999009
"51133","20074.16",51133,85820521,-0.125666374217973
"51134","20074.16",51134,85821306,0.430134854533116
"51135","20074.16",51135,85821586,0.0540590729403432
"51136","20074.16",51136,85822876,-0.663856744226594
"51137","20074.16",51137,85824073,0.961851570320378
"51138","20074.16",51138,85824190,-0.0907845226346353
"51139","20074.16",51139,85825529,-0.189156290016548
"51140","20074.16",51140,85825713,-0.198673572827639
"51141","20074.16",51141,85827400,-0.235566971276086
"51142","20074.16",51142,85832292,0.542000144781288
"51143","20074.16",51143,85834160,-0.131945900531774
"51144","20074.16",51144,85835082,0.032737615993006
"51145","20074.16",51145,85835832,0.663163315497107
"51146","20074.16",51146,85836083,-0.0791959421087087
"51147","20074.16",51147,85836256,0.0849603252070112
"51148","20074.16",51148,85836291,0.702132250261907
"51149","20074.16",51149,85836443,0.40444573552833
"51150","20074.16",51150,85836851,0.432494885292052
"51151","20074.16",51151,85837628,0.811591129897747
"51152","20074.16",51152,85837787,0.521586824441168
"51153","20074.16",51153,85838503,0.30761044444104
"51154","20074.16",51154,85838588,-0.132493210404906
"51155","20074.16",51155,85838653,-0.310648443464444
"51156","20074.16",51156,85838916,0.193669748455704
"51157","20074.16",51157,85839772,-1.74280614441011
"51158","20074.16",51158,85839977,-0.472590282939876
"51159","20074.16",51159,85847415,-0.134557514089514
"51160","20074.16",51160,85848553,-0.0346085705585608
"51161","20074.16",51161,85848592,0.170051142308866
"51162","20074.16",51162,85848724,-1.38080688617055
"51163","20074.16",51163,85854042,0.205321819285342
"51164","20074.16",51164,85855538,-0.532653291816687
"51165","20074.16",51165,85857833,-0.401654815212755
"51166","20074.16",51166,85860409,0.521349832581021
"51167","20074.16",51167,85860947,-0.00265621768313906
"51168","20074.16",51168,85864802,-0.0722606501973626
"51169","20074.16",51169,85871343,-0.742996074575356
"51170","20074.16",51170,85873898,-1.19858469745515
"51171","20074.16",51171,85874817,-0.262926795807174
"51172","20074.16",51172,85874853,0.828532759440963
"51173","20074.16",51173,85875484,0.901173009059304
"51174","20074.16",51174,85876081,-0.812496815101244
"51175","20074.16",51175,85877403,0.160776373362606
"51176","20074.16",51176,85880159,0.6058827674156
"51177","20074.16",51177,85880425,0.120981937643389
"51178","20074.16",51178,85880671,-0.0939977600147648
"51179","20074.16",51179,85885747,-0.498837239374665
"51180","20074.16",51180,85888262,0.23320010888752
"51181","20074.16",51181,85888381,0.154040687502699
"51182","20074.16",51182,85888952,0.0793854248715968
"51183","20074.16",51183,85892217,-0.131831953899937
"51184","20074.16",51184,85892680,-0.0555954608647706
"51185","20074.16",51185,85892860,0.609260177769939
"51186","20074.16",51186,85892982,1.07855134471237
"51187","20074.16",51187,85893695,-0.133336715373174
"51188","20074.16",51188,85893760,-0.348273003711141
"51189","20074.16",51189,85893923,-0.453323946005334
"51190","20074.16",51190,85896704,-0.25313566568522
"51191","20074.16",51191,85897418,0.260919217488198
"51192","20074.16",51192,85897889,0.512689757949309
"51193","20074.16",51193,85900324,-0.0668310932124356
"51194","20074.16",51194,85900334,-0.250514273841024
"51195","20074.16",51195,85900342,-0.11470062882701
"51196","20074.16",51196,85900608,0.787521270488363
"51197","20074.16",51197,85900827,-0.485350752899429
"51198","20074.16",51198,85900907,-0.212762439269569
"51199","20074.16",51199,85911523,-1.16880557982596
"51200","20074.16",51200,85911524,-1.01456983109314
"51201","20074.16",51201,85911527,-0.862298099738847
"51202","20074.16",51202,85912167,0.128507807356169
"51203","20074.16",51203,85912602,-0.167201146226191
"51204","20074.16",51204,85912617,0.749666851897746
"51205","20074.16",51205,85915076,-0.00461691461021196
"51206","20074.16",51206,85915108,0.662990263750022
"51207","20074.16",51207,85915781,0.150700282532465
"51208","20074.16",51208,85919056,0.230484188653111
"51209","20074.16",51209,85919206,0.595955163986138
"51210","20074.16",51210,85919302,0.835316253553214
"51211","20074.16",51211,85919470,-0.363916006645735
"51212","20074.16",51212,85919612,-0.741502365918585
"51213","20074.16",51213,85920480,-0.0160620996602239
"51214","20074.16",51214,85923081,0.598918107260046
"51215","20074.16",51215,85923202,-0.15711498502189
"51216","20074.16",51216,85925348,-0.18929295391481
"51217","20074.16",51217,85925459,0.18003625548377
"51218","20074.16",51218,85925485,-0.343015664823721
"51219","20074.16",51219,85925570,0.158730274612823
"51220","20074.16",51220,85927079,-0.583682380839905
"51221","20074.16",51221,85932132,-0.109912423962784
"51222","20074.16",51222,85932988,0.232068612849483
"51223","20074.16",51223,85933038,0.385052007310141
"51224","20074.16",51224,85935797,0.249424612388464
"51225","20074.16",51225,85936743,-0.59774425265559
"51226","20074.16",51226,85936978,0.228678413716028
"51227","20074.16",51227,85937033,-0.175643469298887
"51228","20074.16",51228,85938835,-1.12882269345816
"51229","20074.16",51229,85943466,0.901335980174266
"51230","20074.16",51230,85944416,-0.014507939670322
"51231","20074.16",51231,85944439,0.047276903662393
"51232","20074.16",51232,85944800,0.97400284141881
"51233","20074.16",51233,85944823,0.244030397418451
"51234","20074.16",51234,85945076,0.58327185690877
"51235","20074.16",51235,85945728,0.313780709428547
"51236","20074.16",51236,85945839,0.801517122468566
"51237","20074.16",51237,85945955,0.122104517536564
"51238","20074.16",51238,85946017,0.172447254906226
"51239","20074.16",51239,85946208,-0.11791951377091
"51240","20074.16",51240,85946324,0.023393185854431
"51241","20074.16",51241,85946450,-0.358326882509268
"51242","20074.16",51242,85947327,0.370713039096416
"51243","20074.16",51243,85950921,-0.469325223599945
"51244","20074.16",51244,85950976,0.487969988148035
"51245","20074.16",51245,85951195,0.156362559544425
"51246","20074.16",51246,85951228,0.498066068626664
"51247","20074.16",51247,85951260,0.267939601056955
"51248","20074.16",51248,85951333,0.924763083515516
"51249","20074.16",51249,85951354,0.446947239556361
"51250","20074.16",51250,85952745,-0.334938745823605
"51251","20074.16",51251,85952929,-0.107475641206896
"51252","20074.16",51252,85952951,-0.194507746306572
"51253","20074.16",51253,85953196,0.0688530675645138
"51254","20074.16",51254,85953682,0.390256185007879
"51255","20074.16",51255,85954287,-1.49541018155734
"51256","20074.16",51256,85959438,0.239300604588412
"51257","20074.16",51257,85961562,-0.497006632571971
"51258","20074.16",51258,85965801,-0.28716358630358
"51259","20074.16",51259,85965959,-0.0906017774921422
"51260","20074.16",51260,85966458,-0.312221882969747
"51261","20074.16",51261,85966499,0.325604290109459
"51262","20074.16",51262,85966527,0.539354091435793
"51263","20074.16",51263,85966730,-0.63265055607909
"51264","20074.16",51264,85967362,0.444326962564017
"51265","20074.16",51265,85967444,0.00184943972767382
"51266","20074.16",51266,85967604,0.0182369895408963
"51267","20074.16",51267,85968282,0.0198212511841316
"51268","20074.16",51268,85969666,-1.54657400051927
"51269","20074.16",51269,85972598,1.00635391018685
"51270","20074.16",51270,85972612,-0.182520047067785
"51271","20074.16",51271,85972820,-0.418683275867901
"51272","20074.16",51272,85972992,-0.384919944838288
"51273","20074.16",51273,85973028,0.694962205948024
"51274","20074.16",51274,85973059,0.414400562684379
"51275","20074.16",51275,85973866,0.304365112809221
"51276","20074.16",51276,85976264,0.159655346029541
"51277","20074.16",51277,85977517,-0.253121091953536
"51278","20074.16",51278,85977729,-0.739117277794106
"51279","20074.16",51279,85977815,0.495996038387157
"51280","20074.16",51280,85977911,0.474988827967509
"51281","20074.16",51281,85977932,0.196251187391376
"51282","20074.16",51282,85978125,0.491491956949502
"51283","20074.16",51283,85978487,0.222076217514203
"51284","20074.16",51284,85978545,0.856063265871467
"51285","20074.16",51285,85979243,0.150215818655503
"51286","20074.16",51286,85979802,0.271815719696121
"51287","20074.16",51287,85980447,-0.44952697885945
"51288","20074.16",51288,85981423,0.17628666590101
"51289","20074.16",51289,85981601,0.861318993972042
"51290","20074.16",51290,85982521,-0.272768356673265
"51291","20074.16",51291,85987998,0.123370246221508
"51292","20074.16",51292,85988360,-0.433533369826696
"51293","20074.16",51293,85988455,-0.804155458673527
"51294","20074.16",51294,85990580,0.408152599274685
"51295","20074.16",51295,85990923,-0.257692575102569
"51296","20074.16",51296,85991705,0.493616072595931
"51297","20074.16",51297,85992138,-0.539058034433106
"51298","20074.16",51298,85992718,0.0472802023777454
"51299","20074.16",51299,85992732,0.241629166743532
"51300","20074.16",51300,85992829,0.379352475522921
"51301","20074.16",51301,85992958,0.107193338628096
"51302","20074.16",51302,85993134,0.265265577106924
"51303","20074.16",51303,85993190,0.288963182937251
"51304","20074.16",51304,85993232,-0.521778944347643
"51305","20074.16",51305,85993580,0.72938383690505
"51306","20074.16",51306,85994520,0.500080112345681
"51307","20074.16",51307,85994724,0.153103078042815
"51308","20074.16",51308,85996295,-0.184151564204075
"51309","20074.16",51309,85997281,0.517991113991466
"51310","20074.16",51310,85999992,0.663811872053828
"51311","20074.16",51311,86000463,-0.262139927877718
"51312","20074.16",51312,86002184,-0.44865787121754
"51313","20074.16",51313,86002806,0.0912155401423567
"51314","20074.16",51314,86002947,0.789128192873853
"51315","20074.16",51315,86003058,0.277052471863429
"51316","20074.16",51316,86003392,0.280457670143163
"51317","20074.16",51317,86003417,0.015897484846767
"51318","20074.16",51318,86003446,-0.0326747437796477
"51319","20074.16",51319,86003553,-0.0363411663439503
"51320","20074.16",51320,86004239,0.134694426126919
"51321","20074.16",51321,86009127,0.0481579254994822
"51322","20074.16",51322,86009480,0.00196160307580939
"51323","20074.16",51323,86009686,-0.319836148637001
"51324","20074.16",51324,86009760,-0.442171402629778
"51325","20074.16",51325,86010523,0.0609057163883264
"51326","20074.16",51326,86018475,-0.216262301712745
"51327","20074.16",51327,86018633,-0.0447143147428335
"51328","20074.16",51328,86019605,-0.428211531879757
"51329","20074.16",51329,86020129,-0.196017766102088
"51330","20074.16",51330,86020272,0.00175184056055677
"51331","20074.16",51331,86020696,-0.75826750019558
"51332","20074.16",51332,86022341,-0.328749001922146
"51333","20074.16",51333,86023333,0.0664024907126448
"51334","20074.16",51334,86024104,0.810679565630424
"51335","20074.16",51335,86024616,0.229753861570251
"51336","20074.16",51336,86024879,-0.866337426315812
"51337","20074.16",51337,86026178,0.325279743506306
"51338","20074.16",51338,86026486,0.188495951332963
"51339","20074.16",51339,86026833,-0.0750404392940895
"51340","20074.16",51340,86028384,0.228614958180265
"51341","20074.16",51341,86028516,0.418894444471426
"51342","20074.16",51342,86028538,0.367688848702936
"51343","20074.16",51343,86028554,-0.346370815488844
"51344","20074.16",51344,86028662,0.0259583113006414
"51345","20074.16",51345,86029293,-0.181939188497632
"51346","20074.16",51346,86029349,-0.133035650160039
"51347","20074.16",51347,86029565,0.361321899431933
"51348","20074.16",51348,86030100,0.241656930532304
"51349","20074.16",51349,86030512,-0.0525645172402252
"51350","20074.16",51350,86032358,-0.123005272924775
"51351","20074.16",51351,86035720,0.0954504707789656
"51352","20074.16",51352,86035941,0.445474896546636
"51353","20074.16",51353,86036063,-1.58570597915746
"51354","20074.16",51354,86036078,-0.748837840929931
"51355","20074.16",51355,86036524,0.0773068106382464
"51356","20074.16",51356,86037476,0.0634222405222467
"51357","20074.16",51357,86037980,0.795114582305597
"51358","20074.16",51358,86038884,-0.281154288670513
"51359","20074.16",51359,86044626,-0.790508067021083
"51360","20074.16",51360,86045247,0.236266858540182
"51361","20074.16",51361,86045299,-0.365945960327073
"51362","20074.16",51362,86045419,-0.165030446929348
"51363","20074.16",51363,86049621,0.796822780900116
"51364","20074.16",51364,86049725,0.13097303403618
"51365","20074.16",51365,86049751,1.16804337537315
"51366","20074.16",51366,86049770,0.65366303436758
"51367","20074.16",51367,86049770,1.05072814431026
"51368","20074.16",51368,86049828,-0.39136000248492
"51369","20074.16",51369,86049947,0.493587559694388
"51370","20074.16",51370,86050274,0.781163568222927
"51371","20074.16",51371,86050359,0.943817457014211
"51372","20074.16",51372,86050696,-0.618230241175273
"51373","20074.16",51373,86051786,0.153084027458714
"51374","20074.16",51374,86053017,0.475144600138532
"51375","20074.16",51375,86053034,0.647718941284304
"51376","20074.16",51376,86053326,0.974454011246563
"51377","20074.16",51377,86053834,-1.16887359697428
"51378","20074.16",51378,86054704,0.00686474380999069
"51379","20074.16",51379,86054886,1.05157118398269
"51380","20074.16",51380,86055428,0.0644521796782671
"51381","20074.16",51381,86055711,-1.03013146263692
"51382","20074.16",51382,86057137,-1.23293644314545
"51383","20074.16",51383,86057221,-1.3437041764489
"51384","20074.16",51384,86057221,-0.650583428143805
"51385","20074.16",51385,86059612,0.237853194203948
"51386","20074.16",51386,86061587,0.297076642685904
"51387","20074.16",51387,86062049,-0.0303860045329394
"51388","20074.16",51388,86062977,-0.682804162655946
"51389","20074.16",51389,86063764,-0.378206691561222
"51390","20074.16",51390,86066372,0.566007701355859
"51391","20074.16",51391,86067389,-1.26546360863449
"51392","20074.16",51392,86067573,0.0877903102228013
"51393","20074.16",51393,86068522,-0.94492274013761
"51394","20074.16",51394,86068653,0.0403081788122783
"51395","20074.16",51395,86068776,0.249922658524855
"51396","20074.16",51396,86069446,-1.86551758805686
"51397","20074.16",51397,86069620,0.68538767136062
"51398","20074.16",51398,86069738,0.766742769782462
"51399","20074.16",51399,86069827,0.0465548340534809
"51400","20074.16",51400,86070024,0.668938061916964
"51401","20074.16",51401,86070065,-0.759290237494608
"51402","20074.16",51402,86070195,0.404014053024487
"51403","20074.16",51403,86074896,-0.973143317015213
"51404","20074.16",51404,86074916,0.216734975321748
"51405","20074.16",51405,86075526,0.522507897773484
"51406","20074.16",51406,86075541,-0.336572245447538
"51407","20074.16",51407,86075829,1.02777022633735
"51408","20074.16",51408,86077100,0.327002135918469
"51409","20074.16",51409,86077847,-0.568880157062968
"51410","20074.16",51410,86079098,-0.227999951010112
"51411","20074.16",51411,86079845,-0.998829007406854
"51412","20074.16",51412,86080767,0.561246831009067
"51413","20074.16",51413,86080981,0.014270539137093
"51414","20074.16",51414,86081257,0.347474086782985
"51415","20074.16",51415,86081388,-0.467283634390931
"51416","20074.16",51416,86083882,-0.597988484010815
"51417","20074.16",51417,86084026,0.329055567769953
"51418","20074.16",51418,86084146,-0.305689535915024
"51419","20074.16",51419,86084355,0.205716397116697
"51420","20074.16",51420,86085992,-0.290415080128289
"51421","20074.16",51421,86086134,-0.252417680770762
"51422","20074.16",51422,86086812,-0.437626665215398
"51423","20074.16",51423,86086847,-0.0726232026883578
"51424","20074.16",51424,86087029,0.508258352947792
"51425","20074.16",51425,86088403,0.449737798989832
"51426","20074.16",51426,86088717,0.345662616951418
"51427","20074.16",51427,86088864,0.105756276915267
"51428","20074.16",51428,86093586,-1.42323689750545
"51429","20074.16",51429,86093804,0.624823418933778
"51430","20074.16",51430,86094005,-0.277301897073174
"51431","20074.16",51431,86094754,0.384434126149693
"51432","20074.16",51432,86095265,-0.244633785141811
"51433","20074.16",51433,86096394,-0.24661939407784
"51434","20074.16",51434,86096556,1.00524886834847
"51435","20074.16",51435,86096628,0.61532695694505
"51436","20074.16",51436,86096670,0.0549819917441461
"51437","20074.16",51437,86096843,1.06200857120927
"51438","20074.16",51438,86099458,0.195668412145469
"51439","20074.16",51439,86099768,0.533037680222223
"51440","20074.16",51440,86100225,-0.5234081618338
"51441","20074.16",51441,86103199,-0.562820232142015
"51442","20074.16",51442,86103545,0.102828636453879
"51443","20074.16",51443,86103887,-0.191285341381811
"51444","20074.16",51444,86104142,-0.321448029123913
"51445","20074.16",51445,86104164,-0.118478425016194
"51446","20074.16",51446,86104838,0.164447950246967
"51447","20074.16",51447,86105099,-0.193885053193264
"51448","20074.16",51448,86105623,0.548057857262969
"51449","20074.16",51449,86105704,-0.0564371778888493
"51450","20074.16",51450,86105916,1.02398110111948
"51451","20074.16",51451,86106010,-0.58701500080906
"51452","20074.16",51452,86107685,0.114076377349613
"51453","20074.16",51453,86108815,0.543159555792056
"51454","20074.16",51454,86109235,-1.11630979879986
"51455","20074.16",51455,86112896,-1.3855252653789
"51456","20074.16",51456,86113630,0.127987524862555
"51457","20074.16",51457,86114253,-0.167993488567595
"51458","20074.16",51458,86114829,-0.155813162586451
"51459","20074.16",51459,86115067,0.801951115744624
"51460","20074.16",51460,86115309,-0.0256490741054396
"51461","20074.16",51461,86115935,-0.590445836486357
"51462","20074.16",51462,86115955,0.00851058907776014
"51463","20074.16",51463,86116276,-1.03068422065019
"51464","20074.16",51464,86116860,0.433814005084238
"51465","20074.16",51465,86117786,0.41016418959292
"51466","20074.16",51466,86117865,0.41650324068359
"51467","20074.16",51467,86118554,-0.207008390851898
"51468","20074.16",51468,86119907,0.404163468690368
"51469","20074.16",51469,86119951,0.211210823778852
"51470","20074.16",51470,86120025,0.513902660989786
"51471","20074.16",51471,86120246,0.268957318754405
"51472","20074.16",51472,86120375,0.084622083880193
"51473","20074.16",51473,86122013,0.00161544148734727
"51474","20074.16",51474,86123228,-0.191653596454676
"51475","20074.16",51475,86126236,0.227682567320866
"51476","20074.16",51476,86126304,0.386654996803474
"51477","20074.16",51477,86129425,0.277315334978192
"51478","20074.16",51478,86129507,0.436775484696375
"51479","20074.16",51479,86129930,-1.49966704190493
"51480","20074.16",51480,86130322,-0.702480771708337
"51481","20074.16",51481,86130531,-0.171338192407791
"51482","20074.16",51482,86130720,-0.0124389289455094
"51483","20074.16",51483,86130876,-0.506892435970585
"51484","20074.16",51484,86131064,-0.154731613929701
"51485","20074.16",51485,86132119,-0.464063874040733
"51486","20074.16",51486,86132152,-0.0591386594423851
"51487","20074.16",51487,86132393,-0.714367101940142
"51488","20074.16",51488,86133137,0.223645604836994
"51489","20074.16",51489,86133483,-0.842375060532108
"51490","20074.16",51490,86133665,0.595383686629879
"51491","20074.16",51491,86136356,1.13871434495436
"51492","20074.16",51492,86136672,0.926846889284413
"51493","20074.16",51493,86136699,-0.2038839800815
"51494","20074.16",51494,86136768,0.12466848675279
"51495","20074.16",51495,86136911,0.372541570721428
"51496","20074.16",51496,86136933,0.256796727463464
"51497","20074.16",51497,86137481,-0.200588062103817
"51498","20074.16",51498,86137679,0.223511800896441
"51499","20074.16",51499,86137945,-0.906070732247188
"51500","20074.16",51500,86138102,-0.0298321119316984
"51501","20074.16",51501,86138212,-0.00266897517360576
"51502","20074.16",51502,86138344,0.381049852172818
"51503","20074.16",51503,86138570,0.310135731757195
"51504","20074.16",51504,86139608,-0.276018093998009
"51505","20074.16",51505,86139685,-0.0638803685747611
"51506","20074.16",51506,86145369,-0.40411917341851
"51507","20074.16",51507,86146150,-0.423716807355433
"51508","20074.16",51508,86146266,-0.553994149897879
"51509","20074.16",51509,86146506,-0.0115674269811734
"51510","20074.16",51510,86149114,-1.01517874159628
"51511","20074.16",51511,86149140,0.215059902797832
"51512","20074.16",51512,86149217,-0.729060548235783
"51513","20074.16",51513,86149418,0.345019511071656
"51514","20074.16",51514,86149484,-0.585595617877916
"51515","20074.16",51515,86149508,-0.194179345320056
"51516","20074.16",51516,86153427,-0.0395005136577309
"51517","20074.16",51517,86153864,0.330640926512733
"51518","20074.16",51518,86153978,-0.370711884223041
"51519","20074.16",51519,86154015,-0.257898114307491
"51520","20074.16",51520,86156676,-0.86657678531417
"51521","20074.16",51521,86157516,-1.31086066237199
"51522","20074.16",51522,86158850,-0.204786632203049
"51523","20074.16",51523,86159002,0.369698724465972
"51524","20074.16",51524,86159370,-0.131635415512618
"51525","20074.16",51525,86159610,-0.440695015227906
"51526","20074.16",51526,86160599,-0.32882136917054
"51527","20074.16",51527,86161565,0.183361573057856
"51528","20074.16",51528,86163221,-0.671310671356224
"51529","20074.16",51529,86166274,-0.245660840206104
"51530","20074.16",51530,86168147,-0.406333121021693
"51531","20074.16",51531,86168483,-1.10617332419515
"51532","20074.16",51532,86168727,0.472860229170661
"51533","20074.16",51533,86169419,0.0302734808031886
"51534","20074.16",51534,86169595,-0.325747295018465
"51535","20074.16",51535,86170590,0.2666848975523
"51536","20074.16",51536,86171280,-0.0644480313479754
"51537","20074.16",51537,86171438,-0.5805089108334
"51538","20074.16",51538,86171965,0.795872817000123
"51539","20074.16",51539,86174480,0.548501263456397
"51540","20074.16",51540,86174888,-0.231979410810855
"51541","20074.16",51541,86175607,-0.444992005706871
"51542","20074.16",51542,86175643,-0.0794488186967834
"51543","20074.16",51543,86180244,-0.295901310116992
"51544","20074.16",51544,86180385,0.0409988723311763
"51545","20074.16",51545,86186412,-0.332434756311867
"51546","20074.16",51546,86187627,-0.160315274545108
"51547","20074.16",51547,86188011,0.645488196410805
"51548","20074.16",51548,86188122,-0.466794043766906
"51549","20074.16",51549,86191117,-0.625120582785421
"51550","20074.16",51550,86192565,0.22304237248512
"51551","20074.16",51551,86193365,0.312145717924705
"51552","20074.16",51552,86193545,0.40143338396527
"51553","20074.16",51553,86196770,0.140551160345483
"51554","20074.16",51554,86198252,0.311500384014072
"51555","20074.16",51555,86198462,0.196336904336218
"51556","20074.16",51556,86199601,0.250756603786564
"51557","20074.16",51557,86201323,0.109891145752997
"51558","20074.16",51558,86201589,0.0825695908746535
"51559","20074.16",51559,86203624,-0.747871100364181
"51560","20074.16",51560,86204429,-0.432437730873836
"51561","20074.16",51561,86205067,0.00726114673216482
"51562","20074.16",51562,86209149,0.475949147224825
"51563","20074.16",51563,86211051,0.334982311237146
"51564","20074.16",51564,86213358,0.523156724721948
"51565","20074.16",51565,86213505,1.06112767202552
"51566","20074.16",51566,86213720,0.343012691402696
"51567","20074.16",51567,86215442,0.031829372832795
"51568","20074.16",51568,86216181,0.0651181213877807
"51569","20074.16",51569,86216619,0.174805232999645
"51570","20074.16",51570,86220090,1.25524452029205
"51571","20074.16",51571,86220703,0.606724803451644
"51572","20074.16",51572,86220883,0.4939046482942
"51573","20074.16",51573,86221270,-0.243392688706588
"51574","20074.16",51574,86225082,1.32691313700632
"51575","20074.16",51575,86225557,-0.365910685254919
"51576","20074.16",51576,86225964,-1.01810855156343
"51577","20074.16",51577,86227241,-0.595104603422175
"51578","20074.16",51578,86227833,-0.633382927397049
"51579","20074.16",51579,86227965,0.151825372252012
"51580","20074.16",51580,86229030,0.47630011936728
"51581","20074.16",51581,86229046,0.29277200520914
"51582","20074.16",51582,86233754,-0.57878807576964
"51583","20074.16",51583,86234015,-0.590384345771088
"51584","20074.16",51584,86234609,-1.01831952879836
"51585","20074.16",51585,86235640,0.259819396234845
"51586","20074.16",51586,86236006,-1.01194911984694
"51587","20074.16",51587,86236236,-0.660019071086796
"51588","20074.16",51588,86237547,-0.403993886249956
"51589","20074.16",51589,86237942,0.145277959358105
"51590","20074.16",51590,86238171,-0.322017892116887
"51591","20074.16",51591,86244517,-0.484132369935243
"51592","20074.16",51592,86244780,1.0731578249165
"51593","20074.16",51593,86247642,-0.21230074507924
"51594","20074.16",51594,86247683,0.171459026207623
"51595","20074.16",51595,86248135,0.0518280109022626
"51596","20074.16",51596,86248387,0.347967807192446
"51597","20074.16",51597,86248858,0.971994696547132
"51598","20074.16",51598,86248886,0.198381090729848
"51599","20074.16",51599,86249038,1.04452740115486
"51600","20074.16",51600,86249466,0.227181618461437
"51601","20074.16",51601,86249485,0.427742322581087
"51602","20074.16",51602,86249920,0.414071086837626
"51603","20074.16",51603,86250043,0.404202229885981
"51604","20074.16",51604,86250157,0.144878518363368
"51605","20074.16",51605,86250351,0.461957757849393
"51606","20074.16",51606,86251429,-0.459742272490122
"51607","20074.16",51607,86251524,0.105541801523537
"51608","20074.16",51608,86252544,0.153230890749056
"51609","20074.16",51609,86254850,0.0757339365175653
"51610","20074.16",51610,86255891,0.00144611025493102
"51611","20074.16",51611,86257109,-0.564972138018454
"51612","20074.16",51612,86257213,0.425251462589707
"51613","20074.16",51613,86260764,0.487000449399608
"51614","20074.16",51614,86261733,0.666406088227032
"51615","20074.16",51615,86262170,0.449452261585338
"51616","20074.16",51616,86264192,1.3237579074151
"51617","20074.16",51617,86264615,-0.191207695240569
"51618","20074.16",51618,86264794,-0.0101202036272889
"51619","20074.16",51619,86265020,0.567860637004604
"51620","20074.16",51620,86265024,0.398666938096134
"51621","20074.16",51621,86266032,-0.110939769925157
"51622","20074.16",51622,86273615,-0.00179944104658336
"51623","20074.16",51623,86273703,-0.421584546480903
"51624","20074.16",51624,86274475,0.0478848237659246
"51625","20074.16",51625,86275857,0.136491183079555
"51626","20074.16",51626,86276519,-0.102538871981558
"51627","20074.16",51627,86276596,-0.0169968073432667
"51628","20074.16",51628,86276730,0.0150385834502824
"51629","20074.16",51629,86276817,0.219575688156752
"51630","20074.16",51630,86276882,-0.191660112719066
"51631","20074.16",51631,86276917,-0.0899018672911387
"51632","20074.16",51632,86277154,0.199690756953256
"51633","20074.16",51633,86277170,-0.592543252513011
"51634","20074.16",51634,86277233,0.711889698958763
"51635","20074.16",51635,86277251,-0.0142119745673543
"51636","20074.16",51636,86277575,-0.446523666746023
"51637","20074.16",51637,86277603,0.312096125291302
"51638","20074.16",51638,86277750,0.326157056487403
"51639","20074.16",51639,86277810,-0.6168482465882
"51640","20074.16",51640,86277963,-0.25993495823823
"51641","20074.16",51641,86279301,0.429655861203252
"51642","20074.16",51642,86280016,0.011398425947716
"51643","20074.16",51643,86280098,-0.196704420705106
"51644","20074.16",51644,86280112,-0.275983601967845
"51645","20074.16",51645,86280228,1.2828219481159
"51646","20074.16",51646,86280251,0.487294664623156
"51647","20074.16",51647,86280891,0.0925951743455355
"51648","20074.16",51648,86280942,0.186855922942513
"51649","20074.16",51649,86281121,0.193046640608277
"51650","20074.16",51650,86281134,-1.42062817759698
"51651","20074.16",51651,86281179,-0.41507283319546
"51652","20074.16",51652,86281388,-0.538668108509699
"51653","20074.16",51653,86281422,0.00948279850601264
"51654","20074.16",51654,86281537,0.431724215472411
"51655","20074.16",51655,86281693,0.436433624141691
"51656","20074.16",51656,86281874,-0.563339906272826
"51657","20074.16",51657,86281901,-0.00477095925073101
"51658","20074.16",51658,86281916,-0.637334655589187
"51659","20074.16",51659,86282109,0.00965077444372842
"51660","20074.16",51660,86282235,-1.3841638549161
"51661","20074.16",51661,86283897,0.682576115036146
"51662","20074.16",51662,86285360,-0.185202835360532
"51663","20074.16",51663,86285396,-0.192905239538487
"51664","20074.16",51664,86285675,-0.304479707840208
"51665","20074.16",51665,86285790,-0.0181903249115116
"51666","20074.16",51666,86287331,-0.522298591478571
"51667","20074.16",51667,86287497,-0.0513874469278779
"51668","20074.16",51668,86287590,0.242851719366333
"51669","20074.16",51669,86287711,-0.195196841754204
"51670","20074.16",51670,86290486,-0.381459983551093
"51671","20074.16",51671,86290512,-0.0492920127942078
"51672","20074.16",51672,86290572,-0.460452841913378
"51673","20074.16",51673,86290615,-0.58169060183931
"51674","20074.16",51674,86290633,0.360047085811824
"51675","20074.16",51675,86290787,-0.0747226035599358
"51676","20074.16",51676,86290803,0.709122531244081
"51677","20074.16",51677,86290816,-0.0471558878466709
"51678","20074.16",51678,86290841,-0.0188524012587177
"51679","20074.16",51679,86290930,-1.32988594166755
"51680","20074.16",51680,86291039,-0.189247758350344
"51681","20074.16",51681,86291295,-0.454821667699439
"51682","20074.16",51682,86291490,0.724256359184319
"51683","20074.16",51683,86291577,0.267872121392036
"51684","20074.16",51684,86291623,-0.0475632252528175
"51685","20074.16",51685,86291638,-0.203130961988111
"51686","20074.16",51686,86291648,0.703854241360216
"51687","20074.16",51687,86292215,0.4169208993684
"51688","20074.16",51688,86292293,0.564509771164544
"51689","20074.16",51689,86302032,0.287293095415792
"51690","20074.16",51690,86302072,0.276459991790985
"51691","20074.16",51691,86302131,-0.106691711496874
"51692","20074.16",51692,86304008,-0.826339303076399
"51693","20074.16",51693,86304244,0.322592927170242
"51694","20074.16",51694,86304261,-0.99698494468465
"51695","20074.16",51695,86304528,-0.952621227586391
"51696","20074.16",51696,86304997,-0.9549092721854
"51697","20074.16",51697,86305265,0.282361618463821
"51698","20074.16",51698,86305435,0.452780903339666
"51699","20074.16",51699,86306097,0.95063926134147
"51700","20074.16",51700,86306611,-0.654039626196834
"51701","20074.16",51701,86306702,1.00492083125138
"51702","20074.16",51702,86306722,-0.161185998566358
"51703","20074.16",51703,86307192,-0.528435061104943
"51704","20074.16",51704,86310445,0.117714111584647
"51705","20074.16",51705,86315481,0.770654180299714
"51706","20074.16",51706,86315881,-0.500490958736838
"51707","20074.16",51707,86316141,-0.282966814145699
"51708","20074.16",51708,86316718,-0.235647274747595
"51709","20074.16",51709,86318237,-0.0135237926953291
"51710","20074.16",51710,86323717,-0.270788239333872
"51711","20074.16",51711,86324282,-0.451888371974556
"51712","20074.16",51712,86324375,-0.420915430745961
"51713","20074.16",51713,86324608,0.614690134987232
"51714","20074.16",51714,86325095,0.769573944544807
"51715","20074.16",51715,86325169,0.0565129731703795
"51716","20074.16",51716,86325769,0.522618617696538
"51717","20074.16",51717,86325854,-0.0726359664904361
"51718","20074.16",51718,86326318,0.292646820125666
"51719","20074.16",51719,86329583,0.0289822278499363
"51720","20074.16",51720,86331192,0.0163739136864276
"51721","20074.16",51721,86336017,-0.340160281706813
"51722","20074.16",51722,86338488,-1.60746446305227
"51723","20074.16",51723,86339403,0.0697889985895417
"51724","20074.16",51724,86339508,0.186280119863439
"51725","20074.16",51725,86339569,0.563954917038362
"51726","20074.16",51726,86339661,0.75371946007706
"51727","20074.16",51727,86340110,-0.0127200561055583
"51728","20074.16",51728,86340760,0.603709718164986
"51729","20074.16",51729,86343501,0.49080607129762
"51730","20074.16",51730,86345298,0.0875389705253573
"51731","20074.16",51731,86346060,0.327117429253085
"51732","20074.16",51732,86347358,-0.347884646253885
"51733","20074.16",51733,86348568,0.26790076651075
"51734","20074.16",51734,86350468,-1.00545623179513
"51735","20074.16",51735,86351040,-0.431363336991159
"51736","20074.16",51736,86351765,0.475926625423143
"51737","20074.16",51737,86351890,0.508289815075977
"51738","20074.16",51738,86353239,-0.0102661258613495
"51739","20074.16",51739,86353620,-0.0960902508097092
"51740","20074.16",51740,86354108,-0.467006115786922
"51741","20074.16",51741,86354605,-0.0965532889702523
"51742","20074.16",51742,86355203,0.289124803890227
"51743","20074.16",51743,86357705,0.82130575285498
"51744","20074.16",51744,86359225,-0.377315003221761
"51745","20074.16",51745,86360323,0.21946194292271
"51746","20074.16",51746,86360503,0.833565001329101
"51747","20074.16",51747,86360554,-0.123674486879863
"51748","20074.16",51748,86361271,-0.64893401984206
"51749","20074.16",51749,86361788,-0.256077138368976
"51750","20074.16",51750,86361814,-0.342232108825298
"51751","20074.16",51751,86364307,-0.0220711582621327
"51752","20074.16",51752,86366001,-0.85476297894084
"51753","20074.16",51753,86367189,-0.00649929196868726
"51754","20074.16",51754,86371123,-0.469417662917252
"51755","20074.16",51755,86371509,0.0496926380901357
"51756","20074.16",51756,86371775,0.395668204024381
"51757","20074.16",51757,86371824,0.0864108407171784
"51758","20074.16",51758,86372832,-0.436181402909293
"51759","20074.16",51759,86373330,0.33652348334977
"51760","20074.16",51760,86373344,0.265076699606783
"51761","20074.16",51761,86375805,0.445036220691825
"51762","20074.16",51762,86375859,1.13064399649818
"51763","20074.16",51763,86376214,0.133829215314272
"51764","20074.16",51764,86376307,0.056467658485813
"51765","20074.16",51765,86376392,0.599884004886696
"51766","20074.16",51766,86376725,-0.634280145602161
"51767","20074.16",51767,86376876,-0.958626366788927
"51768","20074.16",51768,86381184,0.0336566357064578
"51769","20074.16",51769,86381372,-0.0314229354954305
"51770","20074.16",51770,86381519,-0.0355640135426674
"51771","20074.16",51771,86382120,0.413044379932766
"51772","20074.16",51772,86382332,0.381143943310684
"51773","20074.16",51773,86382763,0.119153167746771
"51774","20074.16",51774,86382872,-0.00877796774369699
"51775","20074.16",51775,86385918,-0.00604171359944239
"51776","20074.16",51776,86386213,-0.353271290390581
"51777","20074.16",51777,86386367,0.433389808457652
"51778","20074.16",51778,86386888,0.518920331840765
"51779","20074.16",51779,86387069,1.0512945720769
"51780","20074.16",51780,86387275,-0.47739304455794
"51781","20074.16",51781,86387726,-0.271575110211685
"51782","20074.16",51782,86388095,-0.252177276545424
"51783","20074.16",51783,86388752,0.170426073346169
"51784","20074.16",51784,86389194,-0.306371878908249
"51785","20074.16",51785,86389589,0.789101001413289
"51786","20074.16",51786,86389880,0.205986011073059
"51787","20074.16",51787,86390039,0.356665917850377
"51788","20074.16",51788,86390270,0.413642524009558
"51789","20074.16",51789,86391038,0.861664291526165
"51790","20074.16",51790,86391758,-1.62978013039213
"51791","20074.16",51791,86392062,0.320289176663775
"51792","20074.16",51792,86392392,-0.517165219297656
"51793","20074.16",51793,86392449,0.0428124580201326
"51794","20074.16",51794,86393114,-0.222652885708038
"51795","20074.16",51795,86393876,-0.845465538893002
"51796","20074.16",51796,86393926,-0.514550667075679
"51797","20074.16",51797,86395092,0.0824293525608955
"51798","20074.16",51798,86395119,0.212352516004428
"51799","20074.16",51799,86395647,0.127392095983709
"51800","20074.16",51800,86396233,-0.842247282366724
"51801","20074.16",51801,86396256,-0.117332107149377
"51802","20074.16",51802,86396562,0.0473813984193443
"51803","20074.16",51803,86397305,-0.57945344856618
"51804","20074.16",51804,86397764,0.444172941591588
"51805","20074.16",51805,86398634,0.326879162236097
"51806","20074.16",51806,86399261,0.679663765308466
"51807","20074.16",51807,86399781,0.756561085923873
"51808","20074.16",51808,86399882,0.206590136915443
"51809","20074.16",51809,86400081,0.127360181959262
"51810","20074.16",51810,86400101,0.297535790751206
"51811","20074.16",51811,86400392,-0.18533325564548
"51812","20074.16",51812,86400504,-0.232779804009892
"51813","20074.16",51813,86401190,0.404658786384045
"51814","20074.16",51814,86401425,0.53263854692283
"51815","20074.16",51815,86401481,0.540118050372876
"51816","20074.16",51816,86402140,0.163204251534336
"51817","20074.16",51817,86402460,0.103777925243072
"51818","20074.16",51818,86405551,0.534363096772824
"51819","20074.16",51819,86405965,-0.120902207207785
"51820","20074.16",51820,86405993,-0.0161067901637422
"51821","20074.16",51821,86406141,0.310742049607577
"51822","20074.16",51822,86406709,-0.322876037969281
"51823","20074.16",51823,86407397,-0.831604348622974
"51824","20074.16",51824,86407652,-0.0381389993073293
"51825","20074.16",51825,86407762,0.16125465903366
"51826","20074.16",51826,86407962,-0.504532598648034
"51827","20074.16",51827,86408213,0.631718230239415
"51828","20074.16",51828,86408342,0.266040888107359
"51829","20074.16",51829,86408537,-0.0103814811767711
"51830","20074.16",51830,86408583,1.42904560991542
"51831","20074.16",51831,86408666,0.973767303836728
"51832","20074.16",51832,86408950,0.98553244424132
"51833","20074.16",51833,86409229,0.942971832778098
"51834","20074.16",51834,86409309,0.702784528961581
"51835","20074.16",51835,86409396,0.890242989086352
"51836","20074.16",51836,86409502,0.658763695619835
"51837","20074.16",51837,86409573,-0.0610332177270987
"51838","20074.16",51838,86409801,0.261319026132575
"51839","20074.16",51839,86410875,-0.262050865505504
"51840","20074.16",51840,86411331,-0.474146933392466
"51841","20074.16",51841,86411580,-0.292524349551933
"51842","20074.16",51842,86411952,0.715786332231812
"51843","20074.16",51843,86413918,-0.160112055968097
"51844","20074.16",51844,86414059,0.099764307959184
"51845","20074.16",51845,86415588,0.231726293059731
"51846","20074.16",51846,86417234,0.674730210609773
"51847","20074.16",51847,86417539,0.0405239897859948
"51848","20074.16",51848,86417890,0.401510916733728
"51849","20074.16",51849,86418076,0.48875315602178
"51850","20074.16",51850,86418428,0.798442987524555
"51851","20074.16",51851,86418555,0.368285284359417
"51852","20074.16",51852,86418561,0.889668160271813
"51853","20074.16",51853,86420361,-0.393740600586857
"51854","20074.16",51854,86421182,-0.137169256592058
"51855","20074.16",51855,86422084,0.163936834278985
"51856","20074.16",51856,86422112,0.371958648060846
"51857","20074.16",51857,86422256,-0.295081937160229
"51858","20074.16",51858,86423251,0.518175882286385
"51859","20074.16",51859,86426193,0.0832755553683855
"51860","20074.16",51860,86426766,1.06239709640607
"51861","20074.16",51861,86429251,-0.942567214597593
"51862","20074.16",51862,86429940,0.0681002294646165
"51863","20074.16",51863,86430290,-0.779911786498454
"51864","20074.16",51864,86430324,0.09018882014424
"51865","20074.16",51865,86430897,0.29181932513649
"51866","20074.16",51866,86430998,0.709909064787694
"51867","20074.16",51867,86431621,0.519239905219886
"51868","20074.16",51868,86431721,0.0526123554186242
"51869","20074.16",51869,86433124,0.0186957527230058
"51870","20074.16",51870,86433235,0.117743032946517
"51871","20074.16",51871,86433447,0.449833513666822
"51872","20074.16",51872,86433591,0.164602968881387
"51873","20074.16",51873,86433715,-0.161948535886776
"51874","20074.16",51874,86434308,0.253783246725336
"51875","20074.16",51875,86435407,0.00216748723908555
"51876","20074.16",51876,86435444,-0.24652798818993
"51877","20074.16",51877,86437318,0.14449850249389
"51878","20074.16",51878,86437454,-0.0427783782666946
"51879","20074.16",51879,86437526,0.322179483799885
"51880","20074.16",51880,86439058,1.17160827535567
"51881","20074.16",51881,86439224,0.355948232552488
"51882","20074.16",51882,86439735,-0.399508231269108
"51883","20074.16",51883,86443418,-0.272117690429493
"51884","20074.16",51884,86443847,-0.123614430123553
"51885","20074.16",51885,86444032,0.334420559374167
"51886","20074.16",51886,86444189,0.344251080866376
"51887","20074.16",51887,86445219,-0.265715235930818
"51888","20074.16",51888,86445586,0.749272229094388
"51889","20074.16",51889,86445827,1.29761054878801
"51890","20074.16",51890,86445869,-0.207597273448724
"51891","20074.16",51891,86446585,-0.632333104535602
"51892","20074.16",51892,86447166,0.385902037747761
"51893","20074.16",51893,86447184,0.722107819473943
"51894","20074.16",51894,86447328,0.247710107455769
"51895","20074.16",51895,86447355,-0.0860763564523106
"51896","20074.16",51896,86447371,-0.240931297024717
"51897","20074.16",51897,86447749,-0.212619784007019
"51898","20074.16",51898,86450822,0.636454977030758
"51899","20074.16",51899,86450870,0.469180063643427
"51900","20074.16",51900,86451996,0.857224437432166
"51901","20074.16",51901,86452088,0.66544397989913
"51902","20074.16",51902,86452366,0.435261084828531
"51903","20074.16",51903,86454048,-0.0733035843014784
"51904","20074.16",51904,86454110,-0.491739023059201
"51905","20074.16",51905,86454210,0.100560876860707
"51906","20074.16",51906,86455896,0.934476680694796
"51907","20074.16",51907,86456113,0.172416387537289
"51908","20074.16",51908,86456162,0.740620725661317
"51909","20074.16",51909,86456224,-0.681215709034636
"51910","20074.16",51910,86456633,0.348389260936163
"51911","20074.16",51911,86456837,1.11526090701883
"51912","20074.16",51912,86456876,-0.595618482863089
"51913","20074.16",51913,86457338,0.611703406626163
"51914","20074.16",51914,86458157,-0.378779226388711
"51915","20074.16",51915,86458316,0.588765378664138
"51916","20074.16",51916,86458607,-0.795864273601994
"51917","20074.16",51917,86460846,-0.435357993315478
"51918","20074.16",51918,86460978,1.04868181653237
"51919","20074.16",51919,86461278,1.01485593133148
"51920","20074.16",51920,86461867,1.38758492739569
"51921","20074.16",51921,86462013,0.0391863845494642
"51922","20074.16",51922,86462297,-0.242863726460171
"51923","20074.16",51923,86462668,-0.572856583364157
"51924","20074.16",51924,86465497,-0.640336232957938
"51925","20074.16",51925,86467434,-0.366463963823171
"51926","20074.16",51926,86469827,0.305720014029128
"51927","20074.16",51927,86470082,0.82001183147221
"51928","20074.16",51928,86470597,0.160986630608977
"51929","20074.16",51929,86472758,0.956815394074533
"51930","20074.16",51930,86473286,-0.52653433383342
"51931","20074.16",51931,86473301,-0.313943666568262
"51932","20074.16",51932,86473325,0.37504333436713
"51933","20074.16",51933,86474127,0.386379644936166
"51934","20074.16",51934,86474303,0.289729419587059
"51935","20074.16",51935,86474673,-0.347125722571481
"51936","20074.16",51936,86474899,-0.234399300882132
"51937","20074.16",51937,86479965,-0.972909238081417
"51938","20074.16",51938,86481095,0.805167620457152
"51939","20074.16",51939,86481431,0.405022047647022
"51940","20074.16",51940,86481451,0.777010011379047
"51941","20074.16",51941,86481612,-1.05878691102751
"51942","20074.16",51942,86482021,0.535596619958077
"51943","20074.16",51943,86484353,0.387223185235317
"51944","20074.16",51944,86484466,0.599290851335124
"51945","20074.16",51945,86484540,-0.293539739628398
"51946","20074.16",51946,86485131,0.668528961247021
"51947","20074.16",51947,86485261,-0.423461486182022
"51948","20074.16",51948,86485356,0.655495783042995
"51949","20074.16",51949,86485784,0.991509711672115
"51950","20074.16",51950,86486037,0.60389263747077
"51951","20074.16",51951,86486176,0.803347478956623
"51952","20074.16",51952,86486813,0.175178887839862
"51953","20074.16",51953,86487499,-0.924993712381476
"51954","20074.16",51954,86487811,0.785981201307492
"51955","20074.16",51955,86487873,0.611264873907291
"51956","20074.16",51956,86488102,0.590904500662867
"51957","20074.16",51957,86491267,0.24759138491022
"51958","20074.16",51958,86491796,0.616136433443578
"51959","20074.16",51959,86491973,0.525474132599787
"51960","20074.16",51960,86492091,0.417033284755964
"51961","20074.16",51961,86492228,-0.74231800555027
"51962","20074.16",51962,86493307,-0.332482623030926
"51963","20074.16",51963,86493355,-0.153219915913831
"51964","20074.16",51964,86493418,0.854775088034011
"51965","20074.16",51965,86493935,0.333376170780597
"51966","20074.16",51966,86494464,0.441305466611484
"51967","20074.16",51967,86494979,0.78726437156929
"51968","20074.16",51968,86497384,0.120924016301123
"51969","20074.16",51969,86498457,-0.163871636401965
"51970","20074.16",51970,86502506,-0.699311281231531
"51971","20074.16",51971,86504771,-0.453675113560416
"51972","20074.16",51972,86505005,-0.572418593149332
"51973","20074.16",51973,86505207,0.289604428309679
"51974","20074.16",51974,86505383,0.154730855003551
"51975","20074.16",51975,86506106,-0.80665023322498
"51976","20074.16",51976,86508283,0.137366748458933
"51977","20074.16",51977,86508722,-0.109374568392646
"51978","20074.16",51978,86508972,0.29881051221697
"51979","20074.16",51979,86509307,-0.27419614711008
"51980","20074.16",51980,86509361,0.715446295758423
"51981","20074.16",51981,86509444,0.172277670252918
"51982","20074.16",51982,86509534,0.165879437367869
"51983","20074.16",51983,86511211,0.325487527134789
"51984","20074.16",51984,86511228,0.519324570732167
"51985","20074.16",51985,86511484,0.440042256950773
"51986","20074.16",51986,86511547,0.027017323584368
"51987","20074.16",51987,86511858,0.618161784191989
"51988","20074.16",51988,86511915,0.916590211761899
"51989","20074.16",51989,86512080,0.725401674196859
"51990","20074.16",51990,86512224,0.459761956441024
"51991","20074.16",51991,86512476,0.065815402073456
"51992","20074.16",51992,86512874,-0.215507111332777
"51993","20074.16",51993,86514902,-0.574635571027696
"51994","20074.16",51994,86515110,-0.364381571737451
"51995","20074.16",51995,86515610,-0.464733350040636
"51996","20074.16",51996,86520577,-0.509082875898192
"51997","20074.16",51997,86520787,0.393674937309156
"51998","20074.16",51998,86521294,0.473123173461523
"51999","20074.16",51999,86521317,0.462910591221189
"52000","20074.16",52000,86521490,0.225056131349658
"52001","20074.16",52001,86521525,-0.174323569142165
"52002","20074.16",52002,86521590,0.086887328744047
"52003","20074.16",52003,86521714,-0.0885742350492595
"52004","20074.16",52004,86522247,0.317319658304766
"52005","20074.16",52005,86522437,0.685329666413229
"52006","20074.16",52006,86522488,0.270138101633719
"52007","20074.16",52007,86522873,0.111860124522029
"52008","20074.16",52008,86522899,0.679202140494579
"52009","20074.16",52009,86523727,-0.076385974881183
"52010","20074.16",52010,86524083,-0.0420527605148528
"52011","20074.16",52011,86524207,0.580393056271407
"52012","20074.16",52012,86524303,0.434341564384863
"52013","20074.16",52013,86524574,-0.487797961766123
"52014","20074.16",52014,86524611,-0.276757679985734
"52015","20074.16",52015,86524637,-0.285555201938197
"52016","20074.16",52016,86524656,-0.246734906354972
"52017","20074.16",52017,86524861,0.370042438788219
"52018","20074.16",52018,86524880,-0.633470690335493
"52019","20074.16",52019,86524894,-0.426330437677723
"52020","20074.16",52020,86525212,-1.19811016943214
"52021","20074.16",52021,86525478,0.233780990947697
"52022","20074.16",52022,86525690,-0.311031052866952
"52023","20074.16",52023,86525755,0.201977027327485
"52024","20074.16",52024,86535945,-0.554020452469588
"52025","20074.16",52025,86536021,-0.17834836708529
"52026","20074.16",52026,86536098,0.394328124811556
"52027","20074.16",52027,86536112,0.322787913396595
"52028","20074.16",52028,86536128,0.834218080492497
"52029","20074.16",52029,86536192,0.299781109134257
"52030","20074.16",52030,86536342,0.219169464341595
"52031","20074.16",52031,86536380,-0.603743910258317
"52032","20074.16",52032,86536696,0.575906411969531
"52033","20074.16",52033,86536731,0.456932220640163
"52034","20074.16",52034,86536798,0.263559637334612
"52035","20074.16",52035,86536825,-0.5892695385436
"52036","20074.16",52036,86536840,0.462657474605611
"52037","20074.16",52037,86536859,-0.44875978886095
"52038","20074.16",52038,86536909,0.274913312611255
"52039","20074.16",52039,86536926,-0.111582194649536
"52040","20074.16",52040,86537032,0.497580899810246
"52041","20074.16",52041,86537060,0.322359765755411
"52042","20074.16",52042,86537175,0.486946769917735
"52043","20074.16",52043,86537913,-1.60160753467579
"52044","20074.16",52044,86538326,-0.36963348950394
"52045","20074.16",52045,86542845,0.0498037052818381
"52046","20074.16",52046,86546145,-1.15760691177178
"52047","20074.16",52047,86546771,-0.610509816848493
"52048","20074.16",52048,86546887,0.071121787077903
"52049","20074.16",52049,86549984,0.252424434279461
"52050","20074.16",52050,86552495,-0.222460223975198
"52051","20074.16",52051,86552500,0.843650734192233
"52052","20074.16",52052,86552647,-0.467249434270764
"52053","20074.16",52053,86552713,0.935887771800862
"52054","20074.16",52054,86555873,-0.3264655411658
"52055","20074.16",52055,86556069,-0.227384569641637
"52056","20074.16",52056,86556993,-0.0761053059786736
"52057","20074.16",52057,86557584,0.531403726262339
"52058","20074.16",52058,86558013,-0.129505441380179
"52059","20074.16",52059,86558210,-0.00734475139595148
"52060","20074.16",52060,86561000,-0.54888734244251
"52061","20074.16",52061,86565486,0.211504118522607
"52062","20074.16",52062,86567492,0.472039397261059
"52063","20074.16",52063,86568175,0.236551009491976
"52064","20074.16",52064,86568824,-1.03033948872431
"52065","20074.16",52065,86569371,-0.00301186158774858
"52066","20074.16",52066,86569399,0.408765080666389
"52067","20074.16",52067,86570197,0.737079376978897
"52068","20074.16",52068,86570702,-0.790066434974135
"52069","20074.16",52069,86570907,-0.36386071368395
"52070","20074.16",52070,86576473,0.121253983084825
"52071","20074.16",52071,86576530,-0.1575085513863
"52072","20074.16",52072,86579045,-0.126947981256627
"52073","20074.16",52073,86580695,-0.414141471867709
"52074","20074.16",52074,86581398,0.248631910581955
"52075","20074.16",52075,86581651,-0.716189834545425
"52076","20074.16",52076,86584005,-0.447653094114401
"52077","20074.16",52077,86585572,-0.364502238606769
"52078","20074.16",52078,86585905,0.65048922561535
"52079","20074.16",52079,86586711,-0.223882484997947
"52080","20074.16",52080,86588993,0.729045695551021
"52081","20074.16",52081,86589931,0.00900379374714344
"52082","20074.16",52082,86590080,0.653551654804091
"52083","20074.16",52083,86590394,-0.323699274267501
"52084","20074.16",52084,86590430,0.0893354078103759
"52085","20074.16",52085,86595151,-0.300877959163963
"52086","20074.16",52086,86595798,-0.0432832223017412
"52087","20074.16",52087,86602707,0.360093999172581
"52088","20074.16",52088,86604327,-0.167451847055434
"52089","20074.16",52089,86604364,0.322107955940651
"52090","20074.16",52090,86607700,0.46804272683594
"52091","20074.16",52091,86608372,0.501204034815316
"52092","20074.16",52092,86608609,-0.113259970155737
"52093","20074.16",52093,86608697,-0.217866555168291
"52094","20074.16",52094,86608786,0.28596709467812
"52095","20074.16",52095,86609056,0.579051955846453
"52096","20074.16",52096,86609366,-0.127812630912444
"52097","20074.16",52097,86609658,-0.231814660718604
"52098","20074.16",52098,86610924,-0.892736540153318
"52099","20074.16",52099,86613676,-0.0599695380083816
"52100","20074.16",52100,86613840,-0.814135688429218
"52101","20074.16",52101,86616156,-0.180092653382438
"52102","20074.16",52102,86617795,-0.762197925825763
"52103","20074.16",52103,86618630,0.562378119135563
"52104","20074.16",52104,86618726,0.202368323493861
"52105","20074.16",52105,86619124,0.184130047230394
"52106","20074.16",52106,86619347,1.42762334580689
"52107","20074.16",52107,86619405,0.123855892929852
"52108","20074.16",52108,86620007,0.466003422269638
"52109","20074.16",52109,86620191,0.62102783422852
"52110","20074.16",52110,86622436,0.273456585800075
"52111","20074.16",52111,86622639,-0.445866200710817
"52112","20074.16",52112,86623781,-0.392733525607649
"52113","20074.16",52113,86623949,0.182006627375159
"52114","20074.16",52114,86624397,0.080121857349365
"52115","20074.16",52115,86624863,0.25609545357833
"52116","20074.16",52116,86625055,1.16732490826929
"52117","20074.16",52117,86625271,0.585282031041914
"52118","20074.16",52118,86625558,-0.22761013334279
"52119","20074.16",52119,86627442,-0.915492262599916
"52120","20074.16",52120,86628383,0.517131244468056
"52121","20074.16",52121,86628423,-0.16927167678435
"52122","20074.16",52122,86628948,0.0515939864930814
"52123","20074.16",52123,86629126,0.125448709348706
"52124","20074.16",52124,86629164,-0.401290002483653
"52125","20074.16",52125,86629376,0.482119781558802
"52126","20074.16",52126,86630065,-0.126380054055645
"52127","20074.16",52127,86630264,0.571564942996075
"52128","20074.16",52128,86630823,-1.08081481095788
"52129","20074.16",52129,86631479,-0.28235948030777
"52130","20074.16",52130,86632293,0.130482700578631
"52131","20074.16",52131,86632309,0.154187483563653
"52132","20074.16",52132,86632510,-0.306632693082704
"52133","20074.16",52133,86634005,0.271996172465196
"52134","20074.16",52134,86636247,-0.809281003569273
"52135","20074.16",52135,86638543,-0.323637839978668
"52136","20074.16",52136,86640450,-0.0143423391513711
"52137","20074.16",52137,86640835,0.907181926197366
"52138","20074.16",52138,86640919,0.936053672371606
"52139","20074.16",52139,86641326,-0.120397418046734
"52140","20074.16",52140,86643830,-0.338627658771146
"52141","20074.16",52141,86643994,0.820058390784195
"52142","20074.16",52142,86645664,-0.386921987618843
"52143","20074.16",52143,86645780,0.600834805810286
"52144","20074.16",52144,86645908,0.359017535704216
"52145","20074.16",52145,86646018,0.0535680551054707
"52146","20074.16",52146,86648447,-0.281706506740131
"52147","20074.16",52147,86649008,1.04969232928165
"52148","20074.16",52148,86649543,0.698717603307201
"52149","20074.16",52149,86649898,-0.303863394619696
"52150","20074.16",52150,86651942,0.479963549229805
"52151","20074.16",52151,86651959,0.62035484427108
"52152","20074.16",52152,86652198,0.410683162249458
"52153","20074.16",52153,86652758,0.104536500304132
"52154","20074.16",52154,86653938,0.742663930258348
"52155","20074.16",52155,86654048,0.283032139549459
"52156","20074.16",52156,86654390,0.0197236322366017
"52157","20074.16",52157,86657256,0.0851627132017212
"52158","20074.16",52158,86660578,0.430700745368656
"52159","20074.16",52159,86660626,-0.0750758322073226
"52160","20074.16",52160,86660638,0.459452569069229
"52161","20074.16",52161,86664493,-0.704244300007855
"52162","20074.16",52162,86664869,-0.332918232111453
"52163","20074.16",52163,86665459,0.411027852758521
"52164","20074.16",52164,86665599,0.423277321812775
"52165","20074.16",52165,86665821,-0.125540264314502
"52166","20074.16",52166,86666303,0.82725482636009
"52167","20074.16",52167,86666526,0.577666930921503
"52168","20074.16",52168,86666903,0.238548201885892
"52169","20074.16",52169,86668167,0.35892968907114
"52170","20074.16",52170,86668473,0.854539442007835
"52171","20074.16",52171,86668566,-0.168270102968735
"52172","20074.16",52172,86669452,-0.0910043846583077
"52173","20074.16",52173,86671711,0.162601454226117
"52174","20074.16",52174,86672285,0.518957253907041
"52175","20074.16",52175,86672941,0.0562210347447945
"52176","20074.16",52176,86672965,0.651615355997769
"52177","20074.16",52177,86673102,-0.352035387476893
"52178","20074.16",52178,86673272,0.42745580828307
"52179","20074.16",52179,86673301,-0.876948121793946
"52180","20074.16",52180,86673554,0.036223479601448
"52181","20074.16",52181,86674260,-1.0113397070425
"52182","20074.16",52182,86677297,0.76004067862331
"52183","20074.16",52183,86678875,0.169038475527837
"52184","20074.16",52184,86679494,0.553047396020703
"52185","20074.16",52185,86679585,-0.673580503735329
"52186","20074.16",52186,86680376,-0.24640463353761
"52187","20074.16",52187,86680465,-0.350602198486115
"52188","20074.16",52188,86680658,0.232436095260486
"52189","20074.16",52189,86680745,-1.37377434174661
"52190","20074.16",52190,86681031,-0.0483182162526417
"52191","20074.16",52191,86681155,0.142561008053196
"52192","20074.16",52192,86681203,0.782049007039892
"52193","20074.16",52193,86681666,0.411899000693761
"52194","20074.16",52194,86681826,0.841588694194775
"52195","20074.16",52195,86685109,-0.262379742081412
"52196","20074.16",52196,86685956,0.395850370643017
"52197","20074.16",52197,86686069,-0.528251625166823
"52198","20074.16",52198,86686140,-0.0522417779316608
"52199","20074.16",52199,86686187,1.01325230697722
"52200","20074.16",52200,86692951,-0.259071878231205
"52201","20074.16",52201,86693036,-0.746613652298526
"52202","20074.16",52202,86693458,-0.32460228019769
"52203","20074.16",52203,86694310,0.978359193763308
"52204","20074.16",52204,86694506,-0.524983234249266
"52205","20074.16",52205,86695180,0.709829118675699
"52206","20074.16",52206,86695585,0.649085376738488
"52207","20074.16",52207,86695720,0.141136508815591
"52208","20074.16",52208,86696694,-0.0532775855338503
"52209","20074.16",52209,86697008,0.109052131208276
"52210","20074.16",52210,86697222,-0.213040625385903
"52211","20074.16",52211,86699755,-0.207289445789326
"52212","20074.16",52212,86700030,0.0777765949984843
"52213","20074.16",52213,86701791,-1.08175583358713
"52214","20074.16",52214,86702061,0.326862473104794
"52215","20074.16",52215,86702431,-0.58520927399079
"52216","20074.16",52216,86702768,0.64876986439068
"52217","20074.16",52217,86703438,0.666986433021166
"52218","20074.16",52218,86703757,-0.548549429968232
"52219","20074.16",52219,86710198,-0.454278622218093
"52220","20074.16",52220,86710660,0.0557396385541509
"52221","20074.16",52221,86711605,-0.195140532074199
"52222","20074.16",52222,86716195,0.421130570319622
"52223","20074.16",52223,86718866,0.0429292002653323
"52224","20074.16",52224,86719305,-0.793568236929376
"52225","20074.16",52225,86720507,-1.00791617686843
"52226","20074.16",52226,86721778,-1.00142028025129
"52227","20074.16",52227,86722070,1.3691840036664
"52228","20074.16",52228,86723417,-0.0142141832609672
"52229","20074.16",52229,86725218,-0.275818473085784
"52230","20074.16",52230,86725449,0.615783756349722
"52231","20074.16",52231,86725801,-0.250783192727832
"52232","20074.16",52232,86725901,0.0243363725619528
"52233","20074.16",52233,86725932,0.634636806758832
"52234","20074.16",52234,86728016,0.513472590295588
"52235","20074.16",52235,86729101,-0.18613686151449
"52236","20074.16",52236,86729613,0.504817620899442
"52237","20074.16",52237,86729728,0.433971040603667
"52238","20074.16",52238,86729899,0.681286449712105
"52239","20074.16",52239,86731628,-0.377161153116351
"52240","20074.16",52240,86732039,0.450364012574711
"52241","20074.16",52241,86732778,0.0146691930111826
"52242","20074.16",52242,86733521,0.427673061076285
"52243","20074.16",52243,86733704,0.088853873568719
"52244","20074.16",52244,86733730,-0.607641156341831
"52245","20074.16",52245,86739749,0.975266370719413
"52246","20074.16",52246,86739847,0.153632319350962
"52247","20074.16",52247,86739957,-0.163021538753955
"52248","20074.16",52248,86739975,0.336883606311367
"52249","20074.16",52249,86740411,-0.614945085856513
"52250","20074.16",52250,86740990,0.173660855525219
"52251","20074.16",52251,86741000,0.170365401024451
"52252","20074.16",52252,86741746,0.440878886904573
"52253","20074.16",52253,86742223,0.0330157115644409
"52254","20074.16",52254,86744363,0.273495919749322
"52255","20074.16",52255,86744389,0.248734495281972
"52256","20074.16",52256,86745576,0.890447798192405
"52257","20074.16",52257,86746070,0.187586607669282
"52258","20074.16",52258,86746818,-0.494057420540918
"52259","20074.16",52259,86747384,0.873604923780777
"52260","20074.16",52260,86748782,-0.015309516621655
"52261","20074.16",52261,86748935,-0.364756344379156
"52262","20074.16",52262,86749588,-0.168180533355214
"52263","20074.16",52263,86750796,-0.00909559522034709
"52264","20074.16",52264,86751066,-0.507916276899967
"52265","20074.16",52265,86751195,-0.679699196159706
"52266","20074.16",52266,86752976,0.0234917401201553
"52267","20074.16",52267,86753056,0.816390627789926
"52268","20074.16",52268,86753056,0.903056582024258
"52269","20074.16",52269,86753070,0.938829654732168
"52270","20074.16",52270,86754022,0.0897719041667875
"52271","20074.16",52271,86756751,0.456704737203419
"52272","20074.16",52272,86758933,0.00426575126643947
"52273","20074.16",52273,86758954,0.0186882934792862
"52274","20074.16",52274,86759160,0.400424309790192
"52275","20074.16",52275,86759325,1.03221073747429
"52276","20074.16",52276,86759675,0.272053974227124
"52277","20074.16",52277,86763202,-0.466288562105484
"52278","20074.16",52278,86763436,-0.146672051673753
"52279","20074.16",52279,86763555,-0.550035264345683
"52280","20074.16",52280,86763712,0.72409377103898
"52281","20074.16",52281,86764018,-0.229099658711622
"52282","20074.16",52282,86764208,0.265749709566466
"52283","20074.16",52283,86765050,0.365231596347832
"52284","20074.16",52284,86766579,0.439883201873987
"52285","20074.16",52285,86766685,0.391719563839103
"52286","20074.16",52286,86766886,0.455289625267294
"52287","20074.16",52287,86769299,-0.0579022530982831
"52288","20074.16",52288,86770709,-0.77022920025398
"52289","20074.16",52289,86770924,0.320457837685955
"52290","20074.16",52290,86771069,-0.132559018870706
"52291","20074.16",52291,86771101,0.107667542862776
"52292","20074.16",52292,86771543,-0.635095252377946
"52293","20074.16",52293,86771796,0.107273117000751
"52294","20074.16",52294,86771845,-0.195754920126835
"52295","20074.16",52295,86774324,0.631419897413655
"52296","20074.16",52296,86774392,0.548536788640994
"52297","20074.16",52297,86777091,0.0179693049219258
"52298","20074.16",52298,86778348,1.00714144507887
"52299","20074.16",52299,86781454,0.0420015947161252
"52300","20074.16",52300,86783646,0.152421574165094
"52301","20074.16",52301,86783898,-0.0690224728232263
"52302","20074.16",52302,86784839,0.645603208969791
"52303","20074.16",52303,86787382,-0.320550101307332
"52304","20074.16",52304,86787450,-0.351241883618869
"52305","20074.16",52305,86787603,-0.557265801421951
"52306","20074.16",52306,86788335,-0.103721345078277
"52307","20074.16",52307,86788421,-0.167104557123425
"52308","20074.16",52308,86788707,-0.599594007566897
"52309","20074.16",52309,86788808,-0.554617275811546
"52310","20074.16",52310,86789705,-1.36289771339792
"52311","20074.16",52311,86792446,-0.584548105187665
"52312","20074.16",52312,86792669,-0.327890011321958
"52313","20074.16",52313,86793626,0.00162989214526643
"52314","20074.16",52314,86793875,0.707552319446704
"52315","20074.16",52315,86796095,-0.601208266440929
"52316","20074.16",52316,86796247,-0.398382831988197
"52317","20074.16",52317,86796319,0.101612918473418
"52318","20074.16",52318,86799674,0.433000212664722
"52319","20074.16",52319,86799778,0.714656062940949
"52320","20074.16",52320,86799854,0.308682234316477
"52321","20074.16",52321,86800723,-1.05578620865354
"52322","20074.16",52322,86801044,-0.0110350386256535
"52323","20074.16",52323,86801241,0.308328496855764
"52324","20074.16",52324,86802780,0.537021997646851
"52325","20074.16",52325,86802836,0.845545823403586
"52326","20074.16",52326,86802880,0.413412119931743
"52327","20074.16",52327,86803036,0.87316342954499
"52328","20074.16",52328,86804699,0.79545585424822
"52329","20074.16",52329,86804847,-0.0176830384281379
"52330","20074.16",52330,86804898,0.437081818273692
"52331","20074.16",52331,86805502,-0.429022452850361
"52332","20074.16",52332,86805799,-0.129756102916264
"52333","20074.16",52333,86806361,0.58288470208823
"52334","20074.16",52334,86806906,-0.163822545575627
"52335","20074.16",52335,86807312,0.161436623017066
"52336","20074.16",52336,86807371,0.232424859888721
"52337","20074.16",52337,86807617,-0.213403080733923
"52338","20074.16",52338,86807662,-0.983311805209554
"52339","20074.16",52339,86807675,0.0301885179395933
"52340","20074.16",52340,86807990,0.149181309552679
"52341","20074.16",52341,86808177,0.468198221287218
"52342","20074.16",52342,86808234,0.679785147484202
"52343","20074.16",52343,86808352,0.402918064484278
"52344","20074.16",52344,86809283,-0.250587832593477
"52345","20074.16",52345,86810343,0.150472534034354
"52346","20074.16",52346,86811863,-0.28322584472168
"52347","20074.16",52347,86812305,0.575948945765362
"52348","20074.16",52348,86817240,0.226679159170281
"52349","20074.16",52349,86817387,0.691509987374752
"52350","20074.16",52350,86817945,-0.0903951366647373
"52351","20074.16",52351,86818606,0.134168542136361
"52352","20074.16",52352,86818630,-0.111014862016769
"52353","20074.16",52353,86818703,0.467568715277806
"52354","20074.16",52354,86818760,0.622366659676243
"52355","20074.16",52355,86819937,0.342321490528653
"52356","20074.16",52356,86820336,0.0746653542484221
"52357","20074.16",52357,86820528,-0.68514693954962
"52358","20074.16",52358,86820570,0.451298207251386
"52359","20074.16",52359,86825472,-0.0216065313328926
"52360","20074.16",52360,86825510,-0.466611019685655
"52361","20074.16",52361,86826704,-0.0314612239233965
"52362","20074.16",52362,86827160,-0.270164256290262
"52363","20074.16",52363,86827339,0.27980717398746
"52364","20074.16",52364,86827528,0.665130887260566
"52365","20074.16",52365,86827554,0.163720128055064
"52366","20074.16",52366,86831147,-0.0499660346792652
"52367","20074.16",52367,86831465,0.546484794649653
"52368","20074.16",52368,86831579,-0.226433184418936
"52369","20074.16",52369,86831802,0.395527345612869
"52370","20074.16",52370,86832063,-0.433229238138098
"52371","20074.16",52371,86833417,0.184987749665148
"52372","20074.16",52372,86833500,0.379188756884678
"52373","20074.16",52373,86833675,0.717463217955857
"52374","20074.16",52374,86837251,-0.293698772074645
"52375","20074.16",52375,86838435,0.572618302940556
"52376","20074.16",52376,86838504,0.0771657532319372
"52377","20074.16",52377,86839081,0.0351992390513427
"52378","20074.16",52378,86839333,0.748033471245672
"52379","20074.16",52379,86839378,0.0311034255744556
"52380","20074.16",52380,86844173,-0.106050093672924
"52381","20074.16",52381,86844203,-0.172829690588379
"52382","20074.16",52382,86844237,-0.0684854025080064
"52383","20074.16",52383,86844245,-0.935932307998645
"52384","20074.16",52384,86844260,0.121517484907568
"52385","20074.16",52385,86846495,-0.366643283132851
"52386","20074.16",52386,86849998,-1.45712705870168
"52387","20074.16",52387,86850902,0.0900555383182562
"52388","20074.16",52388,86851125,0.182061437019321
"52389","20074.16",52389,86854468,0.883241040112723
"52390","20074.16",52390,86854704,-0.632476306907318
"52391","20074.16",52391,86857941,0.354779591697679
"52392","20074.16",52392,86858528,-0.307445156706414
"52393","20074.16",52393,86858890,-0.346751096641838
"52394","20074.16",52394,86859952,-0.325540571720941
"52395","20074.16",52395,86861907,0.296109989017503
"52396","20074.16",52396,86865795,0.813338662099759
"52397","20074.16",52397,86865852,-0.674940251650339
"52398","20074.16",52398,86866866,-0.892329918182364
"52399","20074.16",52399,86867395,-0.54571043870856
"52400","20074.16",52400,86867463,-0.145957284435173
"52401","20074.16",52401,86867738,0.484303942456774
"52402","20074.16",52402,86868534,-0.613406284402929
"52403","20074.16",52403,86869232,-0.192905032414563
"52404","20074.16",52404,86871082,-0.0643136096969252
"52405","20074.16",52405,86872373,-0.067804132130247
"52406","20074.16",52406,86874176,-0.112797305882069
"52407","20074.16",52407,86877844,-0.209217096209341
"52408","20074.16",52408,86877865,0.322557735310901
"52409","20074.16",52409,86878502,-0.540881828413678
"52410","20074.16",52410,86878517,-0.0985581695700173
"52411","20074.16",52411,86878723,-0.0190514752195279
"52412","20074.16",52412,86882228,0.818125090043774
"52413","20074.16",52413,86882611,0.278574973027713
"52414","20074.16",52414,86883820,-0.192724954396493
"52415","20074.16",52415,86890722,0.0684598937942846
"52416","20074.16",52416,86891851,0.536485209700166
"52417","20074.16",52417,86892017,0.52120958805894
"52418","20074.16",52418,86893022,-1.74824541308984
"52419","20074.16",52419,86896105,-0.275539194468788
"52420","20074.16",52420,86896940,0.935831600174523
"52421","20074.16",52421,86897208,0.745669461848837
"52422","20074.16",52422,86898457,-0.367125035730727
"52423","20074.16",52423,86898888,-0.237908631147592
"52424","20074.16",52424,86899565,0.384702981304742
"52425","20074.16",52425,86900797,-0.560771535605417
"52426","20074.16",52426,86900887,0.614032389453471
"52427","20074.16",52427,86900952,-0.057593932957487
"52428","20074.16",52428,86904001,0.503508691682524
"52429","20074.16",52429,86904108,-0.191688453791461
"52430","20074.16",52430,86904135,0.458195403065798
"52431","20074.16",52431,86910194,0.570113274160042
"52432","20074.16",52432,86914742,0.0257071256621293
"52433","20074.16",52433,86914977,0.253947971401728
"52434","20074.16",52434,86921977,-0.460541216446602
"52435","20074.16",52435,86922012,0.139250953363539
"52436","20074.16",52436,86922133,-0.050350540987897
"52437","20074.16",52437,86924036,0.139335569279948
"52438","20074.16",52438,86924246,0.0560715215242817
"52439","20074.16",52439,86924684,-0.516657107704504
"52440","20074.16",52440,86924875,-1.03173410535272
"52441","20074.16",52441,86925689,0.250142480966999
"52442","20074.16",52442,86926541,-0.395385366088603
"52443","20074.16",52443,86928259,-0.0291649705325474
"52444","20074.16",52444,86928408,0.32750981954577
"52445","20074.16",52445,86929282,-0.414906533547163
"52446","20074.16",52446,86929302,0.222099503156252
"52447","20074.16",52447,86929329,-0.25216634296159
"52448","20074.16",52448,86929340,0.412841528427566
"52449","20074.16",52449,86931131,0.32437029791459
"52450","20074.16",52450,86931485,-0.723625266253954
"52451","20074.16",52451,86932609,-0.542562106354985
"52452","20074.16",52452,86933894,0.397100354524331
"52453","20074.16",52453,86935215,-1.05223071642889
"52454","20074.16",52454,86935809,0.305312968691649
"52455","20074.16",52455,86937076,-0.0949853076756568
"52456","20074.16",52456,86937194,0.147552055568375
"52457","20074.16",52457,86940665,0.223281024708841
"52458","20074.16",52458,86943660,-0.389252016292622
"52459","20074.16",52459,86944267,-0.407078502021929
"52460","20074.16",52460,86952035,-0.107973710118372
"52461","20074.16",52461,86952227,-0.0260738618127272
"52462","20074.16",52462,86953654,-1.89702935847974
"52463","20074.16",52463,86954010,0.059948562436066
"52464","20074.16",52464,86954485,0.491336176894012
"52465","20074.16",52465,86956138,-0.0458046572968733
"52466","20074.16",52466,86956304,-0.132676363673382
"52467","20074.16",52467,86956356,0.833069014246626
"52468","20074.16",52468,86956525,-0.184167630526264
"52469","20074.16",52469,86958876,0.840646425570013
"52470","20074.16",52470,86959644,0.209062478603934
"52471","20074.16",52471,86959679,-0.0177445772106282
"52472","20074.16",52472,86960714,-0.424901136717419
"52473","20074.16",52473,86964308,-2.33448252955338
"52474","20074.16",52474,86966599,-0.401506552126655
"52475","20074.16",52475,86966613,-0.18915479398813
"52476","20074.16",52476,86966684,0.982834144493801
"52477","20074.16",52477,86967140,-0.113612250998469
"52478","20074.16",52478,86969592,0.10778416126954
"52479","20074.16",52479,86970479,0.889341207542514
"52480","20074.16",52480,86970535,0.539331608823869
"52481","20074.16",52481,86970995,0.237539044067359
"52482","20074.16",52482,86972183,1.1495667265057
"52483","20074.16",52483,86972212,0.33620593947196
"52484","20074.16",52484,86972555,0.0248952610549615
"52485","20074.16",52485,86972701,0.720898613688134
"52486","20074.16",52486,86972990,-0.242558237360798
"52487","20074.16",52487,86974416,-0.161065260365731
"52488","20074.16",52488,86974464,-0.898383347610498
"52489","20074.16",52489,86977103,-0.0893336266055638
"52490","20074.16",52490,86977214,0.193039776412708
"52491","20074.16",52491,86977775,-0.107747898283921
"52492","20074.16",52492,86978033,0.201377368367938
"52493","20074.16",52493,86980212,0.693655716410169
"52494","20074.16",52494,86981532,0.259772440977073
"52495","20074.16",52495,86981573,0.3807029276326
"52496","20074.16",52496,86981609,0.343380116930343
"52497","20074.16",52497,86981954,0.0857471770639195
"52498","20074.16",52498,86982099,-0.480639439541772
"52499","20074.16",52499,86982640,0.161387392818409
"52500","20074.16",52500,86982766,-0.126109119260891
"52501","20074.16",52501,86983641,-1.28107360952883
"52502","20074.16",52502,86989164,-0.287726136247283
"52503","20074.16",52503,86989348,-0.01295030891196
"52504","20074.16",52504,86989734,0.160988302602153
"52505","20074.16",52505,86989746,0.92684672029162
"52506","20074.16",52506,86990619,0.535536889361542
"52507","20074.16",52507,86990853,0.450753214532774
"52508","20074.16",52508,86991714,0.495019314940799
"52509","20074.16",52509,86992017,0.13120343169787
"52510","20074.16",52510,86992246,0.0258012912627059
"52511","20074.16",52511,86993494,0.17597673346627
"52512","20074.16",52512,86993534,0.25515645824419
"52513","20074.16",52513,86993623,0.0312458762536316
"52514","20074.16",52514,86995820,0.29711689832923
"52515","20074.16",52515,86999614,-0.165176091521748
"52516","20074.16",52516,86999891,-0.424902246847878
"52517","20074.16",52517,87000300,-0.856946539605748
"52518","20074.16",52518,87000321,0.572451298595886
"52519","20074.16",52519,87000335,0.328025949605695
"52520","20074.16",52520,87000472,0.87324648420929
"52521","20074.16",52521,87000753,0.657563943544484
"52522","20074.16",52522,87000951,0.62077651154751
"52523","20074.16",52523,87001063,0.187142814966289
"52524","20074.16",52524,87001088,-0.307765378339222
"52525","20074.16",52525,87001102,0.91862727489959
"52526","20074.16",52526,87003114,-0.746530779375279
"52527","20074.16",52527,87003124,0.0808755869092899
"52528","20074.16",52528,87003147,-0.291102156978068
"52529","20074.16",52529,87006982,-0.69169254337411
"52530","20074.16",52530,87009494,0.310593681262438
"52531","20074.16",52531,87009542,0.29439362909616
"52532","20074.16",52532,87009764,-0.0502408080586099
"52533","20074.16",52533,87013383,-0.782229852945318
"52534","20074.16",52534,87013832,0.213818183023039
"52535","20074.16",52535,87014566,0.141795473378534
"52536","20074.16",52536,87015909,0.0288410306685023
"52537","20074.16",52537,87016628,0.418605889183552
"52538","20074.16",52538,87021175,-1.04583216219089
"52539","20074.16",52539,87021527,-0.24365931767457
"52540","20074.16",52540,87035241,-0.332366710927415
"52541","20074.16",52541,87036360,0.52960027344225
"52542","20074.16",52542,87036486,0.36187787285922
"52543","20074.16",52543,87036728,0.0598714325555028
"52544","20074.16",52544,87037983,-0.562424902867868
"52545","20074.16",52545,87038056,-0.531996162779376
"52546","20074.16",52546,87040507,-0.80740438969761
"52547","20074.16",52547,87042708,-0.351389612732963
"52548","20074.16",52548,87043822,1.00744006809313
"52549","20074.16",52549,87043844,0.149974693055641
"52550","20074.16",52550,87043874,0.267658155270452
"52551","20074.16",52551,87043991,0.189840584887092
"52552","20074.16",52552,87044630,0.566677686890418
"52553","20074.16",52553,87044684,0.648281784485181
"52554","20074.16",52554,87045147,-0.553253058446792
"52555","20074.16",52555,87045502,-0.189180123598716
"52556","20074.16",52556,87045538,0.15013472727795
"52557","20074.16",52557,87045923,-0.112447079745135
"52558","20074.16",52558,87046012,-0.833856995339562
"52559","20074.16",52559,87046363,0.388845738503261
"52560","20074.16",52560,87046564,0.216834422547538
"52561","20074.16",52561,87050623,0.73139382925086
"52562","20074.16",52562,87050635,0.218507488586583
"52563","20074.16",52563,87050649,0.210703074699435
"52564","20074.16",52564,87051042,0.227142154973001
"52565","20074.16",52565,87051764,0.753730350715917
"52566","20074.16",52566,87056185,-0.737650149232446
"52567","20074.16",52567,87057046,-0.0973835708925073
"52568","20074.16",52568,87058383,-0.228269319603074
"52569","20074.16",52569,87060483,-0.640817653161671
"52570","20074.16",52570,87061084,-0.703033168096225
"52571","20074.16",52571,87061190,-0.230063796168444
"52572","20074.16",52572,87062221,0.119915700544981
"52573","20074.16",52573,87062245,-0.0245482265334855
"52574","20074.16",52574,87063220,0.242229370086501
"52575","20074.16",52575,87063374,0.0928050508921583
"52576","20074.16",52576,87063922,-0.34389010127292
"52577","20074.16",52577,87066500,-0.48819240625954
"52578","20074.16",52578,87067144,-0.371625252694729
"52579","20074.16",52579,87068409,0.411853918475129
"52580","20074.16",52580,87068634,-0.0396135164402782
"52581","20074.16",52581,87068938,-0.785944669156648
"52582","20074.16",52582,87069064,1.19253551026646
"52583","20074.16",52583,87069257,0.689307955528512
"52584","20074.16",52584,87069386,0.266533934232045
"52585","20074.16",52585,87073635,0.77390257439459
"52586","20074.16",52586,87073743,-0.727352948624134
"52587","20074.16",52587,87074428,-1.03026663280141
"52588","20074.16",52588,87074641,0.862494231663907
"52589","20074.16",52589,87074708,1.03962343262527
"52590","20074.16",52590,87075050,-0.245480776991366
"52591","20074.16",52591,87076065,0.313463755280964
"52592","20074.16",52592,87077299,-0.266526939187965
"52593","20074.16",52593,87079180,-0.196852205322733
"52594","20074.16",52594,87079540,0.278106775380153
"52595","20074.16",52595,87079696,0.144315647371031
"52596","20074.16",52596,87081190,0.487943751416045
"52597","20074.16",52597,87081718,-0.536271006917952
"52598","20074.16",52598,87082638,0.837546092503946
"52599","20074.16",52599,87084572,-0.484203598999003
"52600","20074.16",52600,87084591,0.325030703991264
"52601","20074.16",52601,87084701,0.866030267959238
"52602","20074.16",52602,87084966,1.36854343859344
"52603","20074.16",52603,87085067,0.410850921752886
"52604","20074.16",52604,87085237,-0.107578858140288
"52605","20074.16",52605,87085297,0.461809980245513
"52606","20074.16",52606,87085366,0.583637234545937
"52607","20074.16",52607,87085394,-0.111410882396546
"52608","20074.16",52608,87085701,-0.168120471142564
"52609","20074.16",52609,87085778,0.10927006559351
"52610","20074.16",52610,87087705,-0.181020841900179
"52611","20074.16",52611,87088176,-0.107610524245272
"52612","20074.16",52612,87089842,0.199676594902646
"52613","20074.16",52613,87094121,0.376804628462664
"52614","20074.16",52614,87094261,-0.420519598444539
"52615","20074.16",52615,87095235,0.0997700656795288
"52616","20074.16",52616,87095254,-0.582089954766058
"52617","20074.16",52617,87095399,-0.0806539459103677
"52618","20074.16",52618,87095413,-0.414701154151322
"52619","20074.16",52619,87097879,0.200889607689009
"52620","20074.16",52620,87098055,0.158645790305223
"52621","20074.16",52621,87098993,-0.506323844066983
"52622","20074.16",52622,87099317,0.389283930583713
"52623","20074.16",52623,87100124,-0.278944566880757
"52624","20074.16",52624,87100306,-0.255804641694703
"52625","20074.16",52625,87100825,0.22022020575656
"52626","20074.16",52626,87101452,-0.274703118767606
"52627","20074.16",52627,87105283,0.0270357753583506
"52628","20074.16",52628,87108278,0.396073047104939
"52629","20074.16",52629,87111618,-0.12556141868528
"52630","20074.16",52630,87111630,0.868682603848595
"52631","20074.16",52631,87115287,-0.307235564050425
"52632","20074.16",52632,87115302,0.516228543051814
"52633","20074.16",52633,87115780,0.22096122329047
"52634","20074.16",52634,87116864,-1.07005952142359
"52635","20074.16",52635,87119810,-0.502449541090898
"52636","20074.16",52636,87120018,0.184551286673746
"52637","20074.16",52637,87120591,-0.930285671952786
"52638","20074.16",52638,87120997,0.516449276394909
"52639","20074.16",52639,87122427,0.309032429987576
"52640","20074.16",52640,87123875,0.0330066646564084
"52641","20074.16",52641,87125822,0.421433581517761
"52642","20074.16",52642,87133445,0.0736428712909634
"52643","20074.16",52643,87134337,-0.288923319159908
"52644","20074.16",52644,87135953,0.281291168142638
"52645","20074.16",52645,87136163,-0.15744053068789
"52646","20074.16",52646,87136272,0.169946679657087
"52647","20074.16",52647,87138269,-0.589494155846466
"52648","20074.16",52648,87138334,0.28797264420107
"52649","20074.16",52649,87142166,-0.326281449191249
"52650","20074.16",52650,87142809,-0.794677646400764
"52651","20074.16",52651,87142937,-0.372346684763659
"52652","20074.16",52652,87147405,-0.180921783152632
"52653","20074.16",52653,87149375,-0.135313987190254
"52654","20074.16",52654,87151830,0.706734003266267
"52655","20074.16",52655,87153804,-0.405634478258813
"52656","20074.16",52656,87156775,-0.319569870143629
"52657","20074.16",52657,87157718,-0.465270885534966
"52658","20074.16",52658,87158014,0.516147794042408
"52659","20074.16",52659,87158969,-0.330395703277921
"52660","20074.16",52660,87159197,0.562476361748524
"52661","20074.16",52661,87159237,0.706264672466063
"52662","20074.16",52662,87159445,-0.92025404654004
"52663","20074.16",52663,87159966,-0.519975696367477
"52664","20074.16",52664,87160481,0.417769752014139
"52665","20074.16",52665,87160954,0.126333051678611
"52666","20074.16",52666,87164320,-0.474605959962314
"52667","20074.16",52667,87165877,-0.303906962182882
"52668","20074.16",52668,87166078,-0.266581395748156
"52669","20074.16",52669,87166435,-1.37113171059601
"52670","20074.16",52670,87168895,-0.185362908335651
"52671","20074.16",52671,87169041,0.593678304793619
"52672","20074.16",52672,87169347,0.355586414091154
"52673","20074.16",52673,87171281,-0.856756842682725
"52674","20074.16",52674,87171415,0.328601632335464
"52675","20074.16",52675,87172625,0.623293196087928
"52676","20074.16",52676,87173678,0.132937761301235
"52677","20074.16",52677,87175053,-0.746233484240935
"52678","20074.16",52678,87175089,0.0240526846463451
"52679","20074.16",52679,87175636,-0.511667626492128
"52680","20074.16",52680,87176336,0.494787447890473
"52681","20074.16",52681,87177642,-0.176980045911669
"52682","20074.16",52682,87177762,-0.062038561398424
"52683","20074.16",52683,87178031,-0.359603868546208
"52684","20074.16",52684,87180078,0.647905578308506
"52685","20074.16",52685,87180108,0.882950349649682
"52686","20074.16",52686,87180388,0.613625343464077
"52687","20074.16",52687,87180877,0.255461353095535
"52688","20074.16",52688,87180928,0.244632738823106
"52689","20074.16",52689,87180953,0.174337152082305
"52690","20074.16",52690,87181104,0.457085883954682
"52691","20074.16",52691,87181274,-0.0595769201971459
"52692","20074.16",52692,87181941,-0.165430063435794
"52693","20074.16",52693,87182096,0.366977584272511
"52694","20074.16",52694,87184318,0.242889563075971
"52695","20074.16",52695,87186353,0.0866717430990551
"52696","20074.16",52696,87186432,-0.354776738639055
"52697","20074.16",52697,87186670,-0.256071071049083
"52698","20074.16",52698,87187454,-0.490389143239653
"52699","20074.16",52699,87188106,0.0426899335436692
"52700","20074.16",52700,87188206,0.595726405144677
"52701","20074.16",52701,87189900,0.240547556395911
"52702","20074.16",52702,87193084,-0.469833267502587
"52703","20074.16",52703,87193529,0.128838021688767
"52704","20074.16",52704,87195568,0.252973339520472
"52705","20074.16",52705,87206462,-0.196541742529266
"52706","20074.16",52706,87207369,-0.505048310888928
"52707","20074.16",52707,87209434,-0.674682354945761
"52708","20074.16",52708,87213315,0.687504828322624
"52709","20074.16",52709,87213961,0.213281262648287
"52710","20074.16",52710,87214029,0.679936302867497
"52711","20074.16",52711,87217273,0.174742567179877
"52712","20074.16",52712,87217927,-1.12942157569904
"52713","20074.16",52713,87219195,-0.47160408240974
"52714","20074.16",52714,87219381,1.34929327614195
"52715","20074.16",52715,87219426,0.132337456097535
"52716","20074.16",52716,87220220,-0.540233635348216
"52717","20074.16",52717,87220556,0.0276689967780879
"52718","20074.16",52718,87222170,0.0515337280997201
"52719","20074.16",52719,87225431,0.276066127428179
"52720","20074.16",52720,87225473,0.81723696456382
"52721","20074.16",52721,87229435,0.81819775404112
"52722","20074.16",52722,87229538,-0.130578424091284
"52723","20074.16",52723,87229739,-0.0861890693819056
"52724","20074.16",52724,87231201,-0.00617239208904685
"52725","20074.16",52725,87232041,-0.327928178285955
"52726","20074.16",52726,87232383,1.3807887037961
"52727","20074.16",52727,87240148,0.624538340981659
"52728","20074.16",52728,87241021,0.377477267856121
"52729","20074.16",52729,87241232,-0.574838337751117
"52730","20074.16",52730,87243127,-0.201070272533578
"52731","20074.16",52731,87245307,-0.594233717902422
"52732","20074.16",52732,87245514,0.92535140225442
"52733","20074.16",52733,87245611,0.119189058887316
"52734","20074.16",52734,87245646,-0.836971506044763
"52735","20074.16",52735,87245731,0.363604996932247
"52736","20074.16",52736,87247822,-0.529097463080653
"52737","20074.16",52737,87247885,0.33921822352803
"52738","20074.16",52738,87249123,-0.0357487422898233
"52739","20074.16",52739,87249305,-0.1347722647651
"52740","20074.16",52740,87253376,-0.319156955432677
"52741","20074.16",52741,87256549,0.227661825556613
"52742","20074.16",52742,87257820,0.0781518687815401
"52743","20074.16",52743,87258770,-1.15478987664026
"52744","20074.16",52744,87259488,-0.173115210331039
"52745","20074.16",52745,87259939,-0.700934616053563
"52746","20074.16",52746,87259939,-0.858174807471396
"52747","20074.16",52747,87262531,-0.634062305670177
"52748","20074.16",52748,87264809,-0.287971653816289
"52749","20074.16",52749,87265785,-0.143899019120769
"52750","20074.16",52750,87266245,0.104134181311909
"52751","20074.16",52751,87266322,-0.206731562525594
"52752","20074.16",52752,87268053,0.0483702999664253
"52753","20074.16",52753,87268129,0.81905295360127
"52754","20074.16",52754,87268880,-0.313564264535316
"52755","20074.16",52755,87269044,-0.693416034085758
"52756","20074.16",52756,87269421,-0.22890414066952
"52757","20074.16",52757,87270315,-0.233213584265496
"52758","20074.16",52758,87270478,0.352015001313478
"52759","20074.16",52759,87280770,-0.480425837392015
"52760","20074.16",52760,87281025,0.0204674223933559
"52761","20074.16",52761,87281847,0.667966959812058
"52762","20074.16",52762,87283409,-0.293673228968648
"52763","20074.16",52763,87284961,0.775616086483955
"52764","20074.16",52764,87285026,0.407286362970166
"52765","20074.16",52765,87286189,0.286958915993449
"52766","20074.16",52766,87286255,0.00532138882993394
"52767","20074.16",52767,87286409,-0.0354083811723775
"52768","20074.16",52768,87287217,0.0856551594038315
"52769","20074.16",52769,87287523,0.544723416431615
"52770","20074.16",52770,87287775,0.432530181191935
"52771","20074.16",52771,87288428,-0.26548274966964
"52772","20074.16",52772,87289017,0.344431481928502
"52773","20074.16",52773,87289924,-0.373060949302089
"52774","20074.16",52774,87291771,-1.12100694111023
"52775","20074.16",52775,87297390,-0.0082333291092409
"52776","20074.16",52776,87299332,-0.139411834438107
"52777","20074.16",52777,87301139,-1.48137634544086
"52778","20074.16",52778,87301475,0.72558554363123
"52779","20074.16",52779,87301562,-0.0656091717324712
"52780","20074.16",52780,87301770,-0.490392838479296
"52781","20074.16",52781,87304836,0.431981818198813
"52782","20074.16",52782,87305229,0.217137172101065
"52783","20074.16",52783,87306878,-1.51435926781084
"52784","20074.16",52784,87307129,-0.300860076999466
"52785","20074.16",52785,87307398,0.272314349742383
"52786","20074.16",52786,87308024,-1.30675636187889
"52787","20074.16",52787,87308241,0.396131775541218
"52788","20074.16",52788,87308257,0.23569946115236
"52789","20074.16",52789,87308574,0.331167891382308
"52790","20074.16",52790,87308590,0.0805098037654588
"52791","20074.16",52791,87309947,0.952777079397252
"52792","20074.16",52792,87310063,-0.347222331410975
"52793","20074.16",52793,87311820,-0.761723804771482
"52794","20074.16",52794,87312926,-0.824034788268323
"52795","20074.16",52795,87313584,-0.267257639851424
"52796","20074.16",52796,87313604,0.749821199947255
"52797","20074.16",52797,87314676,0.481980359208994
"52798","20074.16",52798,87314696,0.355412563047127
"52799","20074.16",52799,87314806,0.47405886762722
"52800","20074.16",52800,87316329,-0.110766325886136
"52801","20074.16",52801,87317037,0.627436037661837
"52802","20074.16",52802,87317441,-0.276788988939907
"52803","20074.16",52803,87317869,-1.05715166230424
"52804","20074.16",52804,87318235,-0.0665093757303223
"52805","20074.16",52805,87319096,-0.0180829777970795
"52806","20074.16",52806,87319938,0.563693326733277
"52807","20074.16",52807,87320132,0.306095330333263
"52808","20074.16",52808,87320836,0.291731655159649
"52809","20074.16",52809,87321349,0.38211723489042
"52810","20074.16",52810,87321781,-0.59621632771072
"52811","20074.16",52811,87322945,-0.585065707727144
"52812","20074.16",52812,87322986,0.485473053628854
"52813","20074.16",52813,87323407,-1.00554679215023
"52814","20074.16",52814,87324739,-0.246047329634773
"52815","20074.16",52815,87325729,0.391846359243
"52816","20074.16",52816,87326113,1.45694205271188
"52817","20074.16",52817,87329543,-0.0656833978691784
"52818","20074.16",52818,87329704,-0.538531728876587
"52819","20074.16",52819,87331718,-0.2768117955398
"52820","20074.16",52820,87332533,0.277305531032989
"52821","20074.16",52821,87332619,-0.262337391629082
"52822","20074.16",52822,87333133,-0.191963683238788
"52823","20074.16",52823,87333583,-0.659866005535824
"52824","20074.16",52824,87337543,0.328381674132783
"52825","20074.16",52825,87339745,-0.337055573090268
"52826","20074.16",52826,87340191,-0.19846558478417
"52827","20074.16",52827,87340387,0.426507228159669
"52828","20074.16",52828,87343376,-0.0986121222607776
"52829","20074.16",52829,87345558,0.535674714205578
"52830","20074.16",52830,87348260,0.679025931445717
"52831","20074.16",52831,87348876,-1.66630733258343
"52832","20074.16",52832,87349799,-0.721094538087546
"52833","20074.16",52833,87352540,-0.382079367395008
"52834","20074.16",52834,87352844,-0.194343195271615
"52835","20074.16",52835,87353428,0.266848328244758
"52836","20074.16",52836,87354372,0.994693120784754
"52837","20074.16",52837,87357617,-0.498496490898049
"52838","20074.16",52838,87358454,0.0233339151547218
"52839","20074.16",52839,87359568,0.427514949820284
"52840","20074.16",52840,87359648,0.617908290047732
"52841","20074.16",52841,87360205,-0.052963169587243
"52842","20074.16",52842,87360627,-0.0536606644929547
"52843","20074.16",52843,87361393,0.22806335725703
"52844","20074.16",52844,87361831,-0.214346164574592
"52845","20074.16",52845,87361865,0.383833111600812
"52846","20074.16",52846,87364378,0.341771340621679
"52847","20074.16",52847,87364650,0.538833525450804
"52848","20074.16",52848,87368340,-1.67620459909593
"52849","20074.16",52849,87369578,-0.0166875577963497
"52850","20074.16",52850,87374212,-0.485255719181118
"52851","20074.16",52851,87374646,-0.315114859705015
"52852","20074.16",52852,87374925,-0.998079135435727
"52853","20074.16",52853,87377120,-0.35488212639807
"52854","20074.16",52854,87377455,0.464002582727535
"52855","20074.16",52855,87378157,-0.712727318759612
"52856","20074.16",52856,87381359,0.341923678133708
"52857","20074.16",52857,87381456,-0.309961489011763
"52858","20074.16",52858,87383638,0.0959808183688757
"52859","20074.16",52859,87383709,0.50880216170608
"52860","20074.16",52860,87384086,-0.138166028790055
"52861","20074.16",52861,87389991,0.246662182591707
"52862","20074.16",52862,87390136,0.253869537618351
"52863","20074.16",52863,87390155,-0.515345316435879
"52864","20074.16",52864,87395360,0.232187872426726
"52865","20074.16",52865,87396666,-0.599947207979678
"52866","20074.16",52866,87397288,0.995927795374373
"52867","20074.16",52867,87398155,-0.764550447671864
"52868","20074.16",52868,87399248,-0.322961250265744
"52869","20074.16",52869,87400666,-0.0591836863781481
"52870","20074.16",52870,87401744,0.190352082111452
"52871","20074.16",52871,87404375,-0.168638771690263
"52872","20074.16",52872,87404391,-0.251866787296587
"52873","20074.16",52873,87404860,-0.52463245054791
"52874","20074.16",52874,87409266,-0.164218207725161
"52875","20074.16",52875,87409288,-0.521309975375227
"52876","20074.16",52876,87409383,0.148737284266035
"52877","20074.16",52877,87410263,-0.327494855515725
"52878","20074.16",52878,87415676,0.232606268633184
"52879","20074.16",52879,87420769,0.548047318144223
"52880","20074.16",52880,87428568,-0.576621161575718
"52881","20074.16",52881,87429204,-0.940019910408926
"52882","20074.16",52882,87432103,-0.0606219906458918
"52883","20074.16",52883,87434125,-0.279242579982219
"52884","20074.16",52884,87435076,0.566815258760218
"52885","20074.16",52885,87435243,-0.239327665105054
"52886","20074.16",52886,87436223,0.12868047394959
"52887","20074.16",52887,87436463,0.283731628246939
"52888","20074.16",52888,87437794,-1.6704852899474
"52889","20074.16",52889,87438527,-1.11209708875669
"52890","20074.16",52890,87440430,-0.0789133284778734
"52891","20074.16",52891,87440895,-0.188856406857321
"52892","20074.16",52892,87441048,-0.329109347791631
"52893","20074.16",52893,87443734,0.712014396736515
"52894","20074.16",52894,87446285,0.0930969290480572
"52895","20074.16",52895,87454892,0.0901171872725088
"52896","20074.16",52896,87457055,-0.719040063814544
"52897","20074.16",52897,87461969,-0.455042387324369
"52898","20074.16",52898,87462859,0.753706419285192
"52899","20074.16",52899,87467760,0.10285225156941
"52900","20074.16",52900,87469141,-1.12259423304265
"52901","20074.16",52901,87469883,0.0238838590190982
"52902","20074.16",52902,87470127,0.0858176737929535
"52903","20074.16",52903,87471873,-0.767114920849015
"52904","20074.16",52904,87474175,-0.429099043225269
"52905","20074.16",52905,87479339,-0.168092083025889
"52906","20074.16",52906,87479522,-0.304494296997385
"52907","20074.16",52907,87480943,0.106500686958251
"52908","20074.16",52908,87481032,-0.0248516879832126
"52909","20074.16",52909,87481428,0.231624251643731
"52910","20074.16",52910,87482054,-0.0434052593231637
"52911","20074.16",52911,87483121,0.674113765050039
"52912","20074.16",52912,87483838,-0.152645081533534
"52913","20074.16",52913,87485628,-0.47883767957437
"52914","20074.16",52914,87485844,-0.620094344897533
"52915","20074.16",52915,87488583,-0.415328543758883
"52916","20074.16",52916,87489155,0.0484296916507772
"52917","20074.16",52917,87491827,0.34269862627342
"52918","20074.16",52918,87492449,-1.03770902287729
"52919","20074.16",52919,87492864,-0.733596532229013
"52920","20074.16",52920,87502323,-0.993822109426823
"52921","20074.16",52921,87502815,0.139939856005904
"52922","20074.16",52922,87504071,-0.881917878829197
"52923","20074.16",52923,87504079,-0.232922669841039
"52924","20074.16",52924,87507489,0.672777205596497
"52925","20074.16",52925,87510044,-0.191909158928977
"52926","20074.16",52926,87511877,0.756364628567954
"52927","20074.16",52927,87513127,-0.66242179048211
"52928","20074.16",52928,87514538,0.0510465804522671
"52929","20074.16",52929,87517426,0.453722310045246
"52930","20074.16",52930,87518044,0.604291461074793
"52931","20074.16",52931,87518101,0.420621646761542
"52932","20074.16",52932,87518800,0.0944037719450534
"52933","20074.16",52933,87519075,-0.433093666572218
"52934","20074.16",52934,87521356,-0.633487262387274
"52935","20074.16",52935,87522129,-0.35947125218923
"52936","20074.16",52936,87522758,-0.49040873513763
"52937","20074.16",52937,87524126,0.430590357527096
"52938","20074.16",52938,87528843,0.113704211636935
"52939","20074.16",52939,87536751,-0.250267362250187
"52940","20074.16",52940,87537384,0.254665050499047
"52941","20074.16",52941,87539839,0.161150254603874
"52942","20074.16",52942,87541080,-0.461807060571753
"52943","20074.16",52943,87550648,0.226587664402013
"52944","20074.16",52944,87556088,-0.144787092844068
"52945","20074.16",52945,87557621,0.175768637829047
"52946","20074.16",52946,87557774,0.229812257152495
"52947","20074.16",52947,87557805,0.713995134717202
"52948","20074.16",52948,87559640,0.779136392613855
"52949","20074.16",52949,87561849,-0.624893402987109
"52950","20074.16",52950,87562053,0.737389977448495
"52951","20074.16",52951,87562522,0.104497271804114
"52952","20074.16",52952,87567117,-0.224658942247363
"52953","20074.16",52953,87567373,-0.619879334973826
"52954","20074.16",52954,87569135,-0.0856599593134142
"52955","20074.16",52955,87570851,-0.174283416070518
"52956","20074.16",52956,87571084,0.161918914435834
"52957","20074.16",52957,87571161,0.368754133293979
"52958","20074.16",52958,87572280,-0.740789394485542
"52959","20074.16",52959,87573279,0.176681523212716
"52960","20074.16",52960,87575619,-0.131716753852737
"52961","20074.16",52961,87575683,0.912211050433481
"52962","20074.16",52962,87576129,-0.480275639027735
"52963","20074.16",52963,87577747,-0.200017215578968
"52964","20074.16",52964,87581991,-2.01931996132533
"52965","20074.16",52965,87583194,-0.29014858804689
"52966","20074.16",52966,87583254,-0.250428654098978
"52967","20074.16",52967,87586305,-0.676553866651692
"52968","20074.16",52968,87586448,0.120596362740953
"52969","20074.16",52969,87586635,-0.371064223451343
"52970","20074.16",52970,87595160,0.473924802545706
"52971","20074.16",52971,87596199,-0.354581334923401
"52972","20074.16",52972,87596630,-0.209529940425081
"52973","20074.16",52973,87597244,0.595881756029976
"52974","20074.16",52974,87597268,0.249485929392219
"52975","20074.16",52975,87601862,-0.814054543432799
"52976","20074.16",52976,87601878,0.657810834198837
"52977","20074.16",52977,87603645,0.362438975357541
"52978","20074.16",52978,87603665,-0.638357327654282
"52979","20074.16",52979,87609145,-0.288879088587752
"52980","20074.16",52980,87609343,0.442464305996041
"52981","20074.16",52981,87609570,-0.310456640364154
"52982","20074.16",52982,87609974,0.134304509412138
"52983","20074.16",52983,87610019,0.160913605397053
"52984","20074.16",52984,87610218,0.0653120458951939
"52985","20074.16",52985,87612032,-0.283329169662245
"52986","20074.16",52986,87612344,-0.286891019362203
"52987","20074.16",52987,87613609,-0.743494353950705
"52988","20074.16",52988,87613881,0.334610350520902
"52989","20074.16",52989,87614294,0.232068612849483
"52990","20074.16",52990,87614465,0.16985495965664
"52991","20074.16",52991,87614525,-0.387769243367063
"52992","20074.16",52992,87621262,-0.558902252554843
"52993","20074.16",52993,87623079,0.23208019075794
"52994","20074.16",52994,87624787,0.650404384939649
"52995","20074.16",52995,87624830,0.188943279509159
"52996","20074.16",52996,87627784,-0.260175628780968
"52997","20074.16",52997,87633579,-0.621799631296138
"52998","20074.16",52998,87638855,-1.0574680248116
"52999","20074.16",52999,87638855,-0.918532633653044
"53000","20074.16",53000,87640120,0.394477095226525
"53001","20074.16",53001,87640654,0.240649329086962
"53002","20074.16",53002,87641912,-0.282971573673665
"53003","20074.16",53003,87642073,-0.283477345943541
"53004","20074.16",53004,87643944,0.10000278121528
"53005","20074.16",53005,87644507,0.107511493675142
"53006","20074.16",53006,87645002,0.0372198514608124
"53007","20074.16",53007,87645474,0.198591710393912
"53008","20074.16",53008,87645778,1.11040210383031
"53009","20074.16",53009,87652978,-0.495641147440647
"53010","20074.16",53010,87655496,-0.0458917322416807
"53011","20074.16",53011,87657287,-0.186514338538298
"53012","20074.16",53012,87657494,0.0374536444921967
"53013","20074.16",53013,87657779,0.298401816278031
"53014","20074.16",53014,87658098,0.328275812570614
"53015","20074.16",53015,87659212,-0.169573027569513
"53016","20074.16",53016,87659661,0.211396640097675
"53017","20074.16",53017,87660154,-0.211765968067501
"53018","20074.16",53018,87660784,-0.78976945701196
"53019","20074.16",53019,87669407,-0.280925366852252
"53020","20074.16",53020,87670042,-0.078882973981008
"53021","20074.16",53021,87680154,0.114609885644985
"53022","20074.16",53022,87683948,-0.020141492815454
"53023","20074.16",53023,87685250,-0.510946633069124
"53024","20074.16",53024,87686346,-0.245833510835125
"53025","20074.16",53025,87686462,-0.28896869172798
"53026","20074.16",53026,87686735,-0.186632683103783
"53027","20074.16",53027,87687216,0.405567375313562
"53028","20074.16",53028,87687317,0.234069227651699
"53029","20074.16",53029,87688524,0.0111647517663513
"53030","20074.16",53030,87688568,0.0935243211752432
"53031","20074.16",53031,87689336,0.713180548473528
"53032","20074.16",53032,87689562,-0.507805239801649
"53033","20074.16",53033,87689768,0.211728023604374
"53034","20074.16",53034,87690403,1.15832181491422
"53035","20074.16",53035,87690516,0.00682539171675778
"53036","20074.16",53036,87690676,-0.964213262652336
"53037","20074.16",53037,87690883,0.833418878728046
"53038","20074.16",53038,87691090,-0.570581141328015
"53039","20074.16",53039,87693858,0.131459832739256
"53040","20074.16",53040,87695609,-0.18209156846688
"53041","20074.16",53041,87696658,0.0889958700135773
"53042","20074.16",53042,87697045,1.03956643992302
"53043","20074.16",53043,87697395,0.703522841618521
"53044","20074.16",53044,87698258,-0.524399504645097
"53045","20074.16",53045,87702670,-0.531996526196777
"53046","20074.16",53046,87708186,0.479091861965309
"53047","20074.16",53047,87708959,-1.46649233968284
"53048","20074.16",53048,87709933,0.589677537591871
"53049","20074.16",53049,87713846,0.283743941297341
"53050","20074.16",53050,87717518,-0.124330224338879
"53051","20074.16",53051,87721691,0.00198614778425288
"53052","20074.16",53052,87722157,0.151838100904416
"53053","20074.16",53053,87725548,-0.33297964353846
"53054","20074.16",53054,87726546,-0.227709315997379
"53055","20074.16",53055,87728296,-0.575657864294642
"53056","20074.16",53056,87731878,0.603221816420688
"53057","20074.16",53057,87732035,0.364140301909811
"53058","20074.16",53058,87732269,-1.15722382174121
"53059","20074.16",53059,87732477,1.23074725587234
"53060","20074.16",53060,87732868,0.438673043679965
"53061","20074.16",53061,87736384,0.372815435855341
"53062","20074.16",53062,87736713,-1.19148806388143
"53063","20074.16",53063,87742417,0.693850209362899
"53064","20074.16",53064,87747369,-0.79552205288711
"53065","20074.16",53065,87748198,0.513895382286965
"53066","20074.16",53066,87748548,0.0728679488966941
"53067","20074.16",53067,87749441,0.5147097319696
"53068","20074.16",53068,87749634,0.542806970853742
"53069","20074.16",53069,87751186,-0.177407206195888
"53070","20074.16",53070,87751310,-0.123512298436103
"53071","20074.16",53071,87754538,0.576346880350477
"53072","20074.16",53072,87755080,-0.429386047006166
"53073","20074.16",53073,87755392,0.616858948774179
"53074","20074.16",53074,87755654,-0.0709209710800902
"53075","20074.16",53075,87756007,0.465851444822241
"53076","20074.16",53076,87756047,0.808076581687652
"53077","20074.16",53077,87756803,0.657796458614718
"53078","20074.16",53078,87756858,0.793869538070182
"53079","20074.16",53079,87757382,-0.680687037714534
"53080","20074.16",53080,87758854,-0.0467310889177766
"53081","20074.16",53081,87765157,0.276060263637082
"53082","20074.16",53082,87765670,0.25452361558986
"53083","20074.16",53083,87766206,-0.599704131109136
"53084","20074.16",53084,87768164,0.923411794624289
"53085","20074.16",53085,87768285,-1.01826787367419
"53086","20074.16",53086,87768317,0.0587200507219716
"53087","20074.16",53087,87769704,0.471002991849425
"53088","20074.16",53088,87769888,0.537165756170906
"53089","20074.16",53089,87769951,0.0838738437254722
"53090","20074.16",53090,87770059,-0.986642255919339
"53091","20074.16",53091,87773794,0.113632033249734
"53092","20074.16",53092,87774200,0.725601498332444
"53093","20074.16",53093,87776213,0.0248808095400337
"53094","20074.16",53094,87780307,0.4036369941915
"53095","20074.16",53095,87782258,-0.160132852026687
"53096","20074.16",53096,87782506,0.732405122757059
"53097","20074.16",53097,87782649,0.534663715708342
"53098","20074.16",53098,87782682,0.417611726151613
"53099","20074.16",53099,87782852,0.343999790467069
"53100","20074.16",53100,87783383,-0.231142266531444
"53101","20074.16",53101,87788051,-0.0700468295317069
"53102","20074.16",53102,87788174,0.974540166965933
"53103","20074.16",53103,87788558,0.225306948552138
"53104","20074.16",53104,87788686,0.342442883072269
"53105","20074.16",53105,87788686,-0.0311775102076624
"53106","20074.16",53106,87788836,0.140944323247765
"53107","20074.16",53107,87788864,-0.554173674987624
"53108","20074.16",53108,87788864,0.448898276092227
"53109","20074.16",53109,87789491,-0.653344574575822
"53110","20074.16",53110,87791864,-0.0321646876472004
"53111","20074.16",53111,87792392,0.12444890643379
"53112","20074.16",53112,87792598,-1.36286151048912
"53113","20074.16",53113,87794855,-0.236274414817345
"53114","20074.16",53114,87800470,-0.922826101952879
"53115","20074.16",53115,87800958,0.148207212392118
"53116","20074.16",53116,87802311,0.466544158904409
"53117","20074.16",53117,87804518,-1.41169083892318
"53118","20074.16",53118,87806222,-0.068357340363538
"53119","20074.16",53119,87807147,0.101729126628079
"53120","20074.16",53120,87807195,0.0628352435148942
"53121","20074.16",53121,87807684,-0.396537736058524
"53122","20074.16",53122,87808535,-0.576873590847741
"53123","20074.16",53123,87808697,0.354178968735504
"53124","20074.16",53124,87808841,0.13522678434083
"53125","20074.16",53125,87810867,0.496840521006335
"53126","20074.16",53126,87814291,0.323221162461892
"53127","20074.16",53127,87816592,0.633654343569334
"53128","20074.16",53128,87821502,-0.458510778113162
"53129","20074.16",53129,87822433,-0.87346111344394
"53130","20074.16",53130,87825247,-0.860431146502272
"53131","20074.16",53131,87825771,-0.192639068914402
"53132","20074.16",53132,87828924,-0.553217792679324
"53133","20074.16",53133,87833469,0.646045829038436
"53134","20074.16",53134,87834943,-0.733718979776909
"53135","20074.16",53135,87836840,-0.130022192714657
"53136","20074.16",53136,87837752,-0.552112859587649
"53137","20074.16",53137,87838326,-0.782612004359702
"53138","20074.16",53138,87838455,0.229683110465466
"53139","20074.16",53139,87838792,-0.914066540196885
"53140","20074.16",53140,87840623,0.0397804903114816
"53141","20074.16",53141,87841868,-0.273505037071127
"53142","20074.16",53142,87841897,0.373813169234913
"53143","20074.16",53143,87842141,-0.336481621363768
"53144","20074.16",53144,87842834,0.0093633120421961
"53145","20074.16",53145,87842914,0.0139505921041208
"53146","20074.16",53146,87845038,-1.17071470190392
"53147","20074.16",53147,87845846,-1.85026533874821
"53148","20074.16",53148,87848401,-0.352107638219302
"53149","20074.16",53149,87848903,0.210048896507883
"53150","20074.16",53150,87848983,0.506064917736139
"53151","20074.16",53151,87849799,-0.58040690765336
"53152","20074.16",53152,87849982,-0.157535990876291
"53153","20074.16",53153,87850063,-0.0262140221927201
"53154","20074.16",53154,87852975,-0.569477466457714
"53155","20074.16",53155,87859176,-0.687597626805402
"53156","20074.16",53156,87864074,0.642738333442332
"53157","20074.16",53157,87867161,-0.137493516226157
"53158","20074.16",53158,87867802,-0.572256496088253
"53159","20074.16",53159,87870379,0.197041133088879
"53160","20074.16",53160,87874736,1.02732732481251
"53161","20074.16",53161,87874856,0.505145442324687
"53162","20074.16",53162,87875876,0.285205673117921
"53163","20074.16",53163,87878268,-1.04545156154552
"53164","20074.16",53164,87879522,0.438242529576637
"53165","20074.16",53165,87883089,0.0834930526418356
"53166","20074.16",53166,87883721,0.066871154825809
"53167","20074.16",53167,87884517,0.0688714807152033
"53168","20074.16",53168,87884547,0.111667536488008
"53169","20074.16",53169,87894157,-1.01265116800572
"53170","20074.16",53170,87894373,-0.259788513142823
"53171","20074.16",53171,87900867,-0.215860659962932
"53172","20074.16",53172,87908537,0.282356435340451
"53173","20074.16",53173,87910281,0.274831251452876
"53174","20074.16",53174,87920816,0.159275516688258
"53175","20074.16",53175,87922822,-0.129864465311431
"53176","20074.16",53176,87923473,0.215605092737492
"53177","20074.16",53177,87923824,0.111343902014316
"53178","20074.16",53178,87925166,0.444053733610585
"53179","20074.16",53179,87925260,0.263244338770181
"53180","20074.16",53180,87926696,0.289094969617691
"53181","20074.16",53181,87928405,-0.231816114277206
"53182","20074.16",53182,87929855,0.136518374520675
"53183","20074.16",53183,87930851,-0.797691368124347
"53184","20074.16",53184,87935540,0.200758941425879
"53185","20074.16",53185,87935560,-0.77806089698134
"53186","20074.16",53186,87945456,0.523564718506431
"53187","20074.16",53187,87947549,0.249005306947796
"53188","20074.16",53188,87947607,0.140175285634605
"53189","20074.16",53189,87954852,0.117313567201862
"53190","20074.16",53190,87955114,0.109664163890582
"53191","20074.16",53191,87955747,-0.844756663089497
"53192","20074.16",53192,87955808,0.320333839582184
"53193","20074.16",53193,87955858,0.120890760141121
"53194","20074.16",53194,87957458,-0.0867720100467508
"53195","20074.16",53195,87958562,-0.14272684923718
"53196","20074.16",53196,87967621,0.262331019735428
"53197","20074.16",53197,87968243,-1.24727039801328
"53198","20074.16",53198,87968258,-0.529866335649434
"53199","20074.16",53199,87969957,-0.40200967685442
"53200","20074.16",53200,87972843,-0.692915365243053
"53201","20074.16",53201,87973500,-0.762211376103313
"53202","20074.16",53202,87976349,-0.245290651458283
"53203","20074.16",53203,87977506,-0.574655823094631
"53204","20074.16",53204,87977937,-0.397500552930572
"53205","20074.16",53205,87977958,-0.0315269653572505
"53206","20074.16",53206,87978097,0.456854190431888
"53207","20074.16",53207,87978129,0.0120230621033395
"53208","20074.16",53208,87980060,-0.0230406004729984
"53209","20074.16",53209,87981784,0.219388197010737
"53210","20074.16",53210,87982931,0.499266144318997
"53211","20074.16",53211,87983055,0.262666963361533
"53212","20074.16",53212,87989146,-0.467146636568886
"53213","20074.16",53213,87991361,0.255881134250108
"53214","20074.16",53214,87991779,-0.244165808878159
"53215","20074.16",53215,87992612,0.386951585337173
"53216","20074.16",53216,87996082,0.188962790101503
"53217","20074.16",53217,87996158,0.0543173916734849
"53218","20074.16",53218,87996390,0.253196569412617
"53219","20074.16",53219,87996455,0.167535244236264
"53220","20074.16",53220,87996677,0.217086416651549
"53221","20074.16",53221,87996879,-1.30193332257728
"53222","20074.16",53222,87997074,-0.358612913292737
"53223","20074.16",53223,87998312,0.0266127951045485
"53224","20074.16",53224,88000704,0.220973752069864
"53225","20074.16",53225,88001746,-1.48612786494959
"53226","20074.16",53226,88002242,-0.973566085804448
"53227","20074.16",53227,88002598,1.16582504015751
"53228","20074.16",53228,88003095,0.305622954736896
"53229","20074.16",53229,88006945,-0.0816769963051422
"53230","20074.16",53230,88008160,0.428153199649084
"53231","20074.16",53231,88008590,0.638602690281682
"53232","20074.16",53232,88009107,0.269254251647307
"53233","20074.16",53233,88009658,0.530614442404915
"53234","20074.16",53234,88013029,0.218588745457475
"53235","20074.16",53235,88013385,0.305315894724605
"53236","20074.16",53236,88013639,0.0686643730141538
"53237","20074.16",53237,88015736,0.171483880510067
"53238","20074.16",53238,88016763,-0.290415593889043
"53239","20074.16",53239,88017519,0.395078679958627
"53240","20074.16",53240,88017657,0.289178426599039
"53241","20074.16",53241,88019663,0.366386938849403
"53242","20074.16",53242,88019960,0.110472960313366
"53243","20074.16",53243,88020348,-0.602204848546327
"53244","20074.16",53244,88023917,0.488218036712735
"53245","20074.16",53245,88024069,-0.0669789564013206
"53246","20074.16",53246,88025205,-0.590462866538504
"53247","20074.16",53247,88028130,-0.361193574572388
"53248","20074.16",53248,88032126,-0.00795724759345173
"53249","20074.16",53249,88032577,0.141807033535461
"53250","20074.16",53250,88036056,-0.127014249941166
"53251","20074.16",53251,88037329,0.757818748593887
"53252","20074.16",53252,88039150,0.388288027526818
"53253","20074.16",53253,88043875,0.472325959717913
"53254","20074.16",53254,88044779,-0.104392465644747
"53255","20074.16",53255,88051561,-0.276214490544087
"53256","20074.16",53256,88052161,-0.344882420191993
"53257","20074.16",53257,88053124,-0.139437112929159
"53258","20074.16",53258,88059576,0.095997187197212
"53259","20074.16",53259,88060013,-0.0690072847213283
"53260","20074.16",53260,88061576,-0.39785019319612
"53261","20074.16",53261,88067214,-0.909212483307742
"53262","20074.16",53262,88068012,-0.510343084336619
"53263","20074.16",53263,88068111,-0.694535268556048
"53264","20074.16",53264,88068387,0.138890939962248
"53265","20074.16",53265,88069652,0.217079131297746
"53266","20074.16",53266,88069837,-0.231039084839421
"53267","20074.16",53267,88069881,0.0130147068676605
"53268","20074.16",53268,88072224,-0.306580014275417
"53269","20074.16",53269,88072428,0.73009343629027
"53270","20074.16",53270,88072574,0.278704258444839
"53271","20074.16",53271,88073296,0.823885455492555
"53272","20074.16",53272,88074533,-0.00443261557105412
"53273","20074.16",53273,88074927,-0.670106709199681
"53274","20074.16",53274,88078224,-0.00383084578556581
"53275","20074.16",53275,88081639,-0.852201162833466
"53276","20074.16",53276,88081884,-0.125125303153683
"53277","20074.16",53277,88081904,-0.62924838872649
"53278","20074.16",53278,88081951,0.212395329580039
"53279","20074.16",53279,88082063,0.236151456044012
"53280","20074.16",53280,88093462,-0.744768743832307
"53281","20074.16",53281,88093530,-0.220086311434694
"53282","20074.16",53282,88093671,0.288496945306314
"53283","20074.16",53283,88094038,-0.507357527097479
"53284","20074.16",53284,88098019,0.0513078687437609
"53285","20074.16",53285,88098032,-0.562289590020763
"53286","20074.16",53286,88099257,0.864043150683892
"53287","20074.16",53287,88099282,0.73754325044662
"53288","20074.16",53288,88100321,0.608411073352388
"53289","20074.16",53289,88104092,-0.360922547123074
"53290","20074.16",53290,88104307,-1.33260874889493
"53291","20074.16",53291,88110422,0.122558975958428
"53292","20074.16",53292,88113664,-1.31733863061573
"53293","20074.16",53293,88114212,-0.4451895076149
"53294","20074.16",53294,88114839,-0.663594642707396
"53295","20074.16",53295,88115392,0.295344146999965
"53296","20074.16",53296,88116130,0.318696249082733
"53297","20074.16",53297,88116483,0.565978343175499
"53298","20074.16",53298,88116559,0.129919502074624
"53299","20074.16",53299,88117015,-0.119732654814778
"53300","20074.16",53300,88117030,0.613916044782008
"53301","20074.16",53301,88121429,-0.820153140615544
"53302","20074.16",53302,88123327,0.443141197353543
"53303","20074.16",53303,88123598,0.461545362615769
"53304","20074.16",53304,88127685,0.383226263992193
"53305","20074.16",53305,88130249,0.766001930457361
"53306","20074.16",53306,88130402,-0.862606798939317
"53307","20074.16",53307,88130832,-0.0933097656851372
"53308","20074.16",53308,88132669,-1.155310163185
"53309","20074.16",53309,88133704,0.396312708697713
"53310","20074.16",53310,88136668,-0.884711260252264
"53311","20074.16",53311,88141330,-0.444692362392088
"53312","20074.16",53312,88149604,-0.134859135622635
"53313","20074.16",53313,88150111,0.0956072492213504
"53314","20074.16",53314,88150158,0.336390054612404
"53315","20074.16",53315,88157233,0.0924430223076396
"53316","20074.16",53316,88157383,0.226677014857449
"53317","20074.16",53317,88159048,-0.0528894314546369
"53318","20074.16",53318,88159093,-0.371897338927804
"53319","20074.16",53319,88162610,1.67114979845037
"53320","20074.16",53320,88165210,0.0192823443580679
"53321","20074.16",53321,88170109,-0.776865669924083
"53322","20074.16",53322,88171363,-0.220923939327577
"53323","20074.16",53323,88173527,-0.178721791863373
"53324","20074.16",53324,88176080,0.44916386340664
"53325","20074.16",53325,88181358,-0.0280756609061648
"53326","20074.16",53326,88187668,0.205569813115451
"53327","20074.16",53327,88190298,0.629406117595864
"53328","20074.16",53328,88190404,-0.114247253362367
"53329","20074.16",53329,88190585,0.56915464197183
"53330","20074.16",53330,88194365,-0.197209879378271
"53331","20074.16",53331,88203730,0.281614649788794
"53332","20074.16",53332,88204633,-0.820314490618959
"53333","20074.16",53333,88211144,-0.318249518430538
"53334","20074.16",53334,88216892,-0.716593366032584
"53335","20074.16",53335,88216962,0.474048236635327
"53336","20074.16",53336,88218869,0.354769560314872
"53337","20074.16",53337,88222794,-0.0428425505479009
"53338","20074.16",53338,88228332,0.586708727198016
"53339","20074.16",53339,88228558,-0.0192259531619703
"53340","20074.16",53340,88228827,0.709431581594397
"53341","20074.16",53341,88231704,0.449057620595011
"53342","20074.16",53342,88233137,-0.0973317080736988
"53343","20074.16",53343,88234722,-1.10105982890002
"53344","20074.16",53344,88237456,-0.349807892118394
"53345","20074.16",53345,88243525,-0.361925789389332
"53346","20074.16",53346,88247458,-1.25354976947554
"53347","20074.16",53347,88248598,-0.379065429644432
"53348","20074.16",53348,88251033,-0.313366294050497
"53349","20074.16",53349,88253715,0.470561106592091
"53350","20074.16",53350,88255554,1.28887185604893
"53351","20074.16",53351,88255712,0.212801863616535
"53352","20074.16",53352,88256057,0.167194158901165
"53353","20074.16",53353,88257996,0.269801496745663
"53354","20074.16",53354,88258370,0.875799036568938
"53355","20074.16",53355,88261616,-0.551325289454945
"53356","20074.16",53356,88261754,-0.179298689712768
"53357","20074.16",53357,88267819,0.392066611442179
"53358","20074.16",53358,88272550,-0.957849950955723
"53359","20074.16",53359,88275877,0.200172496886919
"53360","20074.16",53360,88276636,-0.0920149593295854
"53361","20074.16",53361,88277215,-1.92137290560635
"53362","20074.16",53362,88282397,0.365639380817885
"53363","20074.16",53363,88283703,0.282413094112784
"53364","20074.16",53364,88284433,0.368430741427344
"53365","20074.16",53365,88285212,0.582863868456436
"53366","20074.16",53366,88286232,-0.140865428123337
"53367","20074.16",53367,88286568,-0.222580233153645
"53368","20074.16",53368,88288487,0.253645099544502
"53369","20074.16",53369,88289276,-0.590368241684753
"53370","20074.16",53370,88289289,0.0875404178846555
"53371","20074.16",53371,88291557,0.143717771947765
"53372","20074.16",53372,88299491,-0.00707944997140242
"53373","20074.16",53373,88301998,-0.479885132236535
"53374","20074.16",53374,88304284,0.75898444977159
"53375","20074.16",53375,88304380,-0.290072859949301
"53376","20074.16",53376,88304433,0.0292752189027006
"53377","20074.16",53377,88305099,0.249072341068422
"53378","20074.16",53378,88307825,0.805444079760462
"53379","20074.16",53379,88308461,-0.016595044679641
"53380","20074.16",53380,88308880,0.0547231978897891
"53381","20074.16",53381,88320862,0.811962370235682
"53382","20074.16",53382,88320911,0.678857812191345
"53383","20074.16",53383,88320962,0.0680053768010858
"53384","20074.16",53384,88320991,1.09026679491575
"53385","20074.16",53385,88321311,0.0540930500935417
"53386","20074.16",53386,88321436,0.395315359427891
"53387","20074.16",53387,88321797,0.751451363456089
"53388","20074.16",53388,88330513,0.131080187536143
"53389","20074.16",53389,88330645,0.506802487680635
"53390","20074.16",53390,88331054,-0.298888886074256
"53391","20074.16",53391,88331640,0.682877884115157
"53392","20074.16",53392,88331815,0.775546591835934
"53393","20074.16",53393,88334112,0.419040221289062
"53394","20074.16",53394,88336849,-0.929186392032102
"53395","20074.16",53395,88337809,0.194895054401063
"53396","20074.16",53396,88338610,0.0279757833962426
"53397","20074.16",53397,88340248,-0.549238679616021
"53398","20074.16",53398,88349981,-0.559426019841922
"53399","20074.16",53399,88350475,-0.125334746514199
"53400","20074.16",53400,88352707,-0.123904987562189
"53401","20074.16",53401,88356427,-0.219742435659833
"53402","20074.16",53402,88357259,-1.12187630981124
"53403","20074.16",53403,88359932,-0.561891250189229
"53404","20074.16",53404,88363994,-0.319766309801842
"53405","20074.16",53405,88364272,-0.461609839972354
"53406","20074.16",53406,88368014,0.289188498522322
"53407","20074.16",53407,88368499,0.370371559941888
"53408","20074.16",53408,88369332,-0.0284200801171988
"53409","20074.16",53409,88370667,-0.127448619720513
"53410","20074.16",53410,88370745,0.349034299944885
"53411","20074.16",53411,88375153,-0.164788457905284
"53412","20074.16",53412,88376343,-0.384265316546955
"53413","20074.16",53413,88376441,-0.956268262716149
"53414","20074.16",53414,88376480,-0.306213718037551
"53415","20074.16",53415,88376640,-0.313065061558818
"53416","20074.16",53416,88383141,0.283331870064443
"53417","20074.16",53417,88383580,0.976160306483245
"53418","20074.16",53418,88449031,0.0386967156739386
"53419","20074.16",53419,88451125,0.156754994861388
"53420","20074.16",53420,88453256,-0.120908760207216
"53421","20074.16",53421,88460899,0.532570292135428
"53422","20074.16",53422,88460915,-0.110508552804235
"53423","20074.16",53423,88460931,0.748791190539285
"53424","20074.16",53424,88460933,-0.407699521251325
"53425","20074.16",53425,88461060,0.227524170947452
"53426","20074.16",53426,88461074,-0.400511321645865
"53427","20074.16",53427,88461115,-0.494331140395782
"53428","20074.16",53428,88461183,0.348524925097721
"53429","20074.16",53429,88465301,-0.320492213339242
"53430","20074.16",53430,88465416,0.79631323292882
"53431","20074.16",53431,88465431,0.310204457904924
"53432","20074.16",53432,88470715,-0.450054592015369
"53433","20074.16",53433,88470863,-0.033694665666701
"53434","20074.16",53434,88471041,-0.338268418337389
"53435","20074.16",53435,88471248,-0.587431851330865
"53436","20074.16",53436,88471287,0.51452718067969
"53437","20074.16",53437,88473844,0.282114794708542
"53438","20074.16",53438,88474259,0.570857912438288
"53439","20074.16",53439,88480080,-0.139205261942537
"53440","20074.16",53440,88480321,-0.741873028736515
"53441","20074.16",53441,88489987,-0.0851812936082705
"53442","20074.16",53442,88490018,-0.0266583438428674
"53443","20074.16",53443,88490034,-0.627106853634205
"53444","20074.16",53444,88490148,-0.652536190668323
"53445","20074.16",53445,88490418,0.483413204348438
"53446","20074.16",53446,88490453,-0.40462207889008
"53447","20074.16",53447,88490469,-0.330230429899515
"53448","20074.16",53448,88490638,0.0730937141238863
"53449","20074.16",53449,88490721,0.426683918900305
"53450","20074.16",53450,88490874,0.264229833204159
"53451","20074.16",53451,88490929,0.113087555000575
"53452","20074.16",53452,88490957,0.268420221105566
"53453","20074.16",53453,88490971,-0.356363783405936
"53454","20074.16",53454,88516171,-0.280973148823072
"53455","20074.16",53455,88516380,-0.580514022710063
"53456","20074.16",53456,88516422,-0.5019625334027
"53457","20074.16",53457,88516511,-0.510109531979328
"53458","20074.16",53458,88516769,-0.516753383509491
"53459","20074.16",53459,88517262,-0.802499219550947
"53460","20074.16",53460,88517286,-0.86013149375507
"53461","20074.16",53461,88517325,-0.461530921979319
"53462","20074.16",53462,88517341,-0.411607728743381
"53463","20074.16",53463,88517376,0.359753045295927
"53464","20074.16",53464,88523815,0.304674826079116
"53465","20074.16",53465,88525775,-1.64382568382518
"53466","20074.16",53466,88525832,-1.96674299955714
"53467","20074.16",53467,88526285,-2.60335714825774
"53468","20074.16",53468,88536100,0.133980277954335
"53469","20074.16",53469,88570675,-0.16506907190344
"53470","20074.16",53470,88608314,0.551155266845922
"53471","20074.16",53471,88608359,0.575300853292309
"53472","20074.16",53472,88608387,-0.262037603936679
"53473","20074.16",53473,88608491,0.662237956869489
"53474","20074.16",53474,88608527,0.283076889313915
"53475","20074.16",53475,88608565,0.376274918804794
"53476","20074.16",53476,88609326,0.975417446562752
"53477","20074.16",53477,88612013,-0.621259011229687
"53478","20074.16",53478,88613013,-0.30009501993288
"53479","20074.16",53479,88626602,-0.0582651576673241
"53480","20074.16",53480,88627517,1.28890909593385
"53481","20074.16",53481,88629998,0.111892651591273
"53482","20074.16",53482,88630668,0.516119432240351
"53483","20074.16",53483,88637783,0.282169342013739
"53484","20074.16",53484,88637797,0.407184385080639
"53485","20074.16",53485,88637896,-0.0021961577876306
"53486","20074.16",53486,88639749,0.387721863698483
"53487","20074.16",53487,88645818,0.549102012010395
"53488","20074.16",53488,88646134,-0.156772064967629
"53489","20074.16",53489,88646646,0.643566020369801
"53490","20074.16",53490,88647697,-0.262514687135916
"53491","20074.16",53491,88649755,0.355442368229862
"53492","20074.16",53492,88649906,0.877708673776577
"53493","20074.16",53493,88651220,0.354496398527499
"53494","20074.16",53494,88654531,-0.10897425892132
"53495","20074.16",53495,88654751,-0.119604548038809
"53496","20074.16",53496,88654964,-0.956858684925174
"53497","20074.16",53497,88658434,0.146550150619528
"53498","20074.16",53498,88660519,0.1977812678778
"53499","20074.16",53499,88660627,-0.279513239279767
"53500","20074.16",53500,88660836,0.410090951497126
"53501","20074.16",53501,88661350,-1.27697239333796
"53502","20074.16",53502,88664312,-0.162105431240834
"53503","20074.16",53503,88665233,-0.228339596940544
"53504","20074.16",53504,88665696,0.484666616207124
"53505","20074.16",53505,88668051,0.118857386314469
"53506","20074.16",53506,88668077,0.88302095998014
"53507","20074.16",53507,88668557,0.192248353265246
"53508","20074.16",53508,88668830,0.327827183242227
"53509","20074.16",53509,88669216,0.18003878747201
"53510","20074.16",53510,88669347,-0.491061622790184
"53511","20074.16",53511,88672001,-0.579129202119124
"53512","20074.16",53512,88672412,-1.4756661778729
"53513","20074.16",53513,88675177,0.526167837270589
"53514","20074.16",53514,88675194,0.497229606341759
"53515","20074.16",53515,88675407,0.0136169383019844
"53516","20074.16",53516,88677513,-0.324718595429348
"53517","20074.16",53517,88678259,-0.494206833880392
"53518","20074.16",53518,88682094,-0.695390836827313
"53519","20074.16",53519,88683946,-0.233413613445621
"53520","20074.16",53520,88685042,0.274960178512498
"53521","20074.16",53521,88686062,-0.200755053142266
"53522","20074.16",53522,88686449,-0.371772370696076
"53523","20074.16",53523,88695376,-0.662308679466177
"53524","20074.16",53524,88695972,0.177485750993829
"53525","20074.16",53525,88696309,0.535064442103125
"53526","20074.16",53526,88705418,0.540937184224529
"53527","20074.16",53527,88712319,0.134481664730446
"53528","20074.16",53528,88713213,-0.721916017044395
"53529","20074.16",53529,88727567,0.252835644085281
"53530","20074.16",53530,88727733,0.826032026731439
"53531","20074.16",53531,88734268,0.512231051032589
"53532","20074.16",53532,88734345,-0.81672266993561
"53533","20074.16",53533,88737173,-0.944789291338833
"53534","20074.16",53534,88737331,-0.236363590271895
"53535","20074.16",53535,88741504,-0.364609394140485
"53536","20074.16",53536,88744107,0.874580991999976
"53537","20074.16",53537,88746135,-1.25514530327825
"53538","20074.16",53538,88750174,-0.109898126955224
"53539","20074.16",53539,88751528,0.76174334532524
"53540","20074.16",53540,88755325,-0.0136499556643361
"53541","20074.16",53541,88756081,-0.670022346762077
"53542","20074.16",53542,88756812,0.0104556270026341
"53543","20074.16",53543,88757033,-0.191568682034088
"53544","20074.16",53544,88770621,0.352960650254151
"53545","20074.16",53545,88773738,-0.0598564326797062
"53546","20074.16",53546,88773893,0.454824457041735
"53547","20074.16",53547,88774569,-0.023239985621947
"53548","20074.16",53548,88777995,0.81633034592292
"53549","20074.16",53549,88778213,-0.776655201510396
"53550","20074.16",53550,88779032,-0.151000018594056
"53551","20074.16",53551,88780023,-0.246344163630698
"53552","20074.16",53552,88780518,0.173509244942452
"53553","20074.16",53553,88781040,-0.658935725678914
"53554","20074.16",53554,88781850,-0.384299677481234
"53555","20074.16",53555,88792047,-0.516649305833379
"53556","20074.16",53556,88793338,0.0564594669211917
"53557","20074.16",53557,88797628,0.429881386644731
"53558","20074.16",53558,88802494,-0.409154503104906
"53559","20074.16",53559,88808743,-0.77923521724191
"53560","20074.16",53560,88812250,-0.398629411760435
"53561","20074.16",53561,88818587,-0.379886137639716
"53562","20074.16",53562,88827209,-0.814172793738958
"53563","20074.16",53563,88833474,-0.63127161971862
"53564","20074.16",53564,88835579,0.134096257661676
"53565","20074.16",53565,88844932,-0.798400467245893
"53566","20074.16",53566,88848279,-0.431761710528017
"53567","20074.16",53567,88850105,-0.203419196947063
"53568","20074.16",53568,88855960,-0.583316667931937
"53569","20074.16",53569,88857336,-0.852897203860485
"53570","20074.16",53570,88861399,-0.476573170513123
"53571","20074.16",53571,88862739,-0.704697546336249
"53572","20074.16",53572,88876103,-0.420243057518588
"53573","20074.16",53573,88877124,0.125690323764982
"53574","20074.16",53574,88880965,-0.577235813879202
"53575","20074.16",53575,88884909,0.330527695409079
"53576","20074.16",53576,88885000,-0.122578137581937
"53577","20074.16",53577,88885080,-0.602340213423886
"53578","20074.16",53578,88889515,-0.538844976108884
"53579","20074.16",53579,88897367,-0.592913746419915
"53580","20074.16",53580,88904521,0.112014198786435
"53581","20074.16",53581,88906780,-0.152700938512028
"53582","20074.16",53582,88909747,-0.507740397000724
"53583","20074.16",53583,88909788,0.0474811184236525
"53584","20074.16",53584,88912899,-0.345663592214021
"53585","20074.16",53585,88920549,0.854936936491941
"53586","20074.16",53586,88921022,0.40695919561461
"53587","20074.16",53587,88921250,-0.445645096824096
"53588","20074.16",53588,88925989,0.209515695877627
"53589","20074.16",53589,88927977,-0.675208195941837
"53590","20074.16",53590,88928290,1.20704504016575
"53591","20074.16",53591,88929234,0.06360615734524
"53592","20074.16",53592,88929744,0.605482084532167
"53593","20074.16",53593,88937848,-0.315261794246116
"53594","20074.16",53594,88952904,0.879677403798742
"53595","20074.16",53595,88958141,-0.808404205266621
"53596","20074.16",53596,88958282,0.0972543811846247
"53597","20074.16",53597,88963600,-0.398994273092844
"53598","20074.16",53598,88967053,0.251585637846676
"53599","20074.16",53599,88970319,0.338730722059483
"53600","20074.16",53600,88970566,0.0186905564017996
"53601","20074.16",53601,88970609,-0.210980419524443
"53602","20074.16",53602,88970776,0.396089252360475
"53603","20074.16",53603,88973937,-0.517196658099435
"53604","20074.16",53604,88983257,1.11430784597334
"53605","20074.16",53605,88984118,0.290250532906588
"53606","20074.16",53606,88985897,0.656676297162492
"53607","20074.16",53607,88993580,0.383768420451724
"53608","20074.16",53608,88998409,-0.340444583213293
"53609","20074.16",53609,89018398,-1.03536967016103
"53610","20074.16",53610,89025629,0.352084181530041
"53611","20074.16",53611,89030118,0.262194705434776
"53612","20074.16",53612,89031580,-1.30692609196902
"53613","20074.16",53613,89031659,-1.05661085771341
"53614","20074.16",53614,89032631,-0.652411156647632
"53615","20074.16",53615,89048291,-1.10104621822216
"53616","20074.16",53616,89051089,-0.423781185972167
"53617","20074.16",53617,89053046,-1.11421020249471
"53618","20074.16",53618,89057561,-0.697313894079454
"53619","20074.16",53619,89061253,0.131972737023789
"53620","20074.16",53620,89064019,-0.170343407198075
"53621","20074.16",53621,89066988,-0.102176282850946
"53622","20074.16",53622,89078623,-1.59958058995173
"53623","20074.16",53623,89079313,0.65824788599057
"53624","20074.16",53624,89079361,0.431795026795531
"53625","20074.16",53625,89079773,-0.271242636046923
"53626","20074.16",53626,89089186,0.255571407290392
"53627","20074.16",53627,89089653,0.742487238745501
"53628","20074.16",53628,89092892,0.887883425758072
"53629","20074.16",53629,89093257,0.121906597906668
"53630","20074.16",53630,89094231,1.01384717465313
"53631","20074.16",53631,89094243,0.850020361408913
"53632","20074.16",53632,89099733,0.154387715096668
"53633","20074.16",53633,89101562,-0.163098082289183
"53634","20074.16",53634,89103585,-0.237466746163061
"53635","20074.16",53635,89105208,-0.147060836190013
"53636","20074.16",53636,89110169,0.096033298522575
"53637","20074.16",53637,89110500,0.227784909727845
"53638","20074.16",53638,89110920,0.0839435304280238
"53639","20074.16",53639,89113424,0.420646486516387
"53640","20074.16",53640,89122739,0.00626335288132651
"53641","20074.16",53641,89126910,0.10163656231539
"53642","20074.16",53642,89127354,-0.308339060220066
"53643","20074.16",53643,89134106,-0.199421468575463
"53644","20074.16",53644,89140318,0.533104675496475
"53645","20074.16",53645,89145934,0.0454210980095713
"53646","20074.16",53646,89147282,-0.0534405281719623
"53647","20074.16",53647,89151374,0.478226110325696
"53648","20074.16",53648,89151436,0.202580301744271
"53649","20074.16",53649,89151778,-0.324099250047618
"53650","20074.16",53650,89156234,-0.0774360828864822
"53651","20074.16",53651,89156920,-0.447098836957557
"53652","20074.16",53652,89157526,-0.030353346808119
"53653","20074.16",53653,89162252,0.00644150036309288
"53654","20074.16",53654,89162884,0.0503258482337925
"53655","20074.16",53655,89165128,0.290868226403862
"53656","20074.16",53656,89166229,-0.15658149921048
"53657","20074.16",53657,89169205,-1.13486742905249
"53658","20074.16",53658,89169312,0.11704515711871
"53659","20074.16",53659,89169514,0.370969992690802
"53660","20074.16",53660,89174133,-0.960846510555875
"53661","20074.16",53661,89174154,-0.619582968507819
"53662","20074.16",53662,89174311,-1.66192714601679
"53663","20074.16",53663,89177734,-1.06047958060956
"53664","20074.16",53664,89178773,0.471117750880578
"53665","20074.16",53665,89179434,-0.45887417610449
"53666","20074.16",53666,89182104,-0.47707300869688
"53667","20074.16",53667,89182218,0.00216978785738497
"53668","20074.16",53668,89182295,-0.215666759560378
"53669","20074.16",53669,89183385,0.359994152983883
"53670","20074.16",53670,89188973,-1.63460252384657
"53671","20074.16",53671,89189472,0.39191188602359
"53672","20074.16",53672,89190684,-0.741316324358191
"53673","20074.16",53673,89194235,-1.13997951712272
"53674","20074.16",53674,89195254,-0.278555928697219
"53675","20074.16",53675,89198571,-0.139841115560351
"53676","20074.16",53676,89201970,-0.93857485628306
"53677","20074.16",53677,89202485,0.00247210269807852
"53678","20074.16",53678,89214409,-0.420677015197589
"53679","20074.16",53679,89216560,0.196561915827171
"53680","20074.16",53680,89217271,-1.10661029373512
"53681","20074.16",53681,89221702,0.60371174922918
"53682","20074.16",53682,89222432,-0.128699298248311
"53683","20074.16",53683,89223225,0.0242383182482442
"53684","20074.16",53684,89226511,-0.258886010053692
"53685","20074.16",53685,89228695,0.110824890533062
"53686","20074.16",53686,89229088,0.176249867121351
"53687","20074.16",53687,89229804,0.571815637052317
"53688","20074.16",53688,89229984,0.296880987968108
"53689","20074.16",53689,89234462,0.184203491947101
"53690","20074.16",53690,89235677,-0.523691982003269
"53691","20074.16",53691,89245955,-0.0343578108091265
"53692","20074.16",53692,89255375,0.323447789208118
"53693","20074.16",53693,89256131,0.0886045985844977
"53694","20074.16",53694,89256665,-0.640339148976365
"53695","20074.16",53695,89257297,0.0765659284168807
"53696","20074.16",53696,89260909,-0.484410455341546
"53697","20074.16",53697,89270418,0.117540565845875
"53698","20074.16",53698,89270486,-0.00710860431233584
"53699","20074.16",53699,89270661,-1.72142566463126
"53700","20074.16",53700,89270661,-0.575509589368362
"53701","20074.16",53701,89270729,-0.197781934975493
"53702","20074.16",53702,89270844,-0.32014836670251
"53703","20074.16",53703,89273092,0.774345645901048
"53704","20074.16",53704,89273342,-1.11745999095473
"53705","20074.16",53705,89273367,-0.598636692725955
"53706","20074.16",53706,89273390,-0.501378408880418
"53707","20074.16",53707,89273883,0.590759939424479
"53708","20074.16",53708,89277435,0.0215243647102499
"53709","20074.16",53709,89280840,-0.171630586032307
"53710","20074.16",53710,89280896,0.302669247669525
"53711","20074.16",53711,89281093,0.0924586317046288
"53712","20074.16",53712,89281142,-0.0840894932468466
"53713","20074.16",53713,89281219,0.0679717095207728
"53714","20074.16",53714,89282867,-0.418001635689575
"53715","20074.16",53715,89286360,0.110575719767986
"53716","20074.16",53716,89286562,0.151059007001701
"53717","20074.16",53717,89286691,-0.0550608147899396
"53718","20074.16",53718,89287083,0.935360280684923
"53719","20074.16",53719,89289210,0.133511031506837
"53720","20074.16",53720,89289624,0.462413436089331
"53721","20074.16",53721,89289715,0.388524900900172
"53722","20074.16",53722,89289912,0.0783808658794891
"53723","20074.16",53723,89289963,0.213992415850041
"53724","20074.16",53724,89289990,-0.177225258464039
"53725","20074.16",53725,89292951,0.733876071804347
"53726","20074.16",53726,89293734,0.158532987709682
"53727","20074.16",53727,89296823,-0.831102433879798
"53728","20074.16",53728,89297098,-0.568550650526558
"53729","20074.16",53729,89300423,-0.637052124559866
"53730","20074.16",53730,89304311,0.183513509811942
"53731","20074.16",53731,89304888,0.202506590436005
"53732","20074.16",53732,89304903,0.269470420222587
"53733","20074.16",53733,89311761,-0.104071512903763
"53734","20074.16",53734,89312716,-0.896207417601633
"53735","20074.16",53735,89316412,-0.0444057484086677
"53736","20074.16",53736,89316506,-0.167225067852886
"53737","20074.16",53737,89316645,-0.249550556266476
"53738","20074.16",53738,89317034,-0.576376394161861
"53739","20074.16",53739,89317407,0.00144994738283533
"53740","20074.16",53740,89319433,0.903974873874403
"53741","20074.16",53741,89319464,0.16950702445181
"53742","20074.16",53742,89320859,-1.05793316354549
"53743","20074.16",53743,89337514,0.0849021227422693
"53744","20074.16",53744,89337945,0.27729572699167
"53745","20074.16",53745,89338918,0.121316045376211
"53746","20074.16",53746,89339499,0.687933924280105
"53747","20074.16",53747,89339571,0.331061312500236
"53748","20074.16",53748,89339694,0.558781979641556
"53749","20074.16",53749,89339753,0.351026378535365
"53750","20074.16",53750,89354347,-0.790032753596764
"53751","20074.16",53751,89359141,-0.201169363501934
"53752","20074.16",53752,89359661,0.465283441714971
"53753","20074.16",53753,89359715,0.638729610802938
"53754","20074.16",53754,89360840,-0.12556141868528
"53755","20074.16",53755,89361613,-1.01111329738172
"53756","20074.16",53756,89365286,-0.0276897027618288
"53757","20074.16",53757,89367002,0.260935136597547
"53758","20074.16",53758,89367498,0.948861147565563
"53759","20074.16",53759,89368030,-0.499651160873961
"53760","20074.16",53760,89368047,-0.690292129292485
"53761","20074.16",53761,89371260,-0.191422606800016
"53762","20074.16",53762,89371303,-0.618581368488918
"53763","20074.16",53763,89371839,-0.0873492801139086
"53764","20074.16",53764,89373707,-0.228739091356035
"53765","20074.16",53765,89374279,-0.208590491448125
"53766","20074.16",53766,89375066,0.224327150009837
"53767","20074.16",53767,89375239,-0.831160368197884
"53768","20074.16",53768,89376280,-0.555821073297018
"53769","20074.16",53769,89376290,-0.781757337440133
"53770","20074.16",53770,89376470,0.848703667728304
"53771","20074.16",53771,89378665,-0.401950130944618
"53772","20074.16",53772,89379320,0.267036544547987
"53773","20074.16",53773,89379936,-0.266073175526068
"53774","20074.16",53774,89383725,-0.349564460257352
"53775","20074.16",53775,89384042,-0.3994502983156
"53776","20074.16",53776,89385561,0.843119631852169
"53777","20074.16",53777,89385974,-0.176815398351476
"53778","20074.16",53778,89392000,-1.01204966755009
"53779","20074.16",53779,89393562,0.787314656912392
"53780","20074.16",53780,89393764,-0.222072346149396
"53781","20074.16",53781,89400930,-0.250198926647459
"53782","20074.16",53782,89402235,-0.588202256854035
"53783","20074.16",53783,89405748,0.421322726212943
"53784","20074.16",53784,89405827,0.337300980545264
"53785","20074.16",53785,89406267,-0.529616069981078
"53786","20074.16",53786,89406440,0.572594532896727
"53787","20074.16",53787,89409644,0.184182077047647
"53788","20074.16",53788,89409742,-0.232274413585579
"53789","20074.16",53789,89413671,0.214851965895842
"53790","20074.16",53790,89416594,0.232658813834969
"53791","20074.16",53791,89417018,-0.101111458671877
"53792","20074.16",53792,89420230,1.0076044746148
"53793","20074.16",53793,89420879,-0.0488457715485922
"53794","20074.16",53794,89421751,-0.279188502070159
"53795","20074.16",53795,89421821,0.398057271503689
"53796","20074.16",53796,89425081,-1.23055726354432
"53797","20074.16",53797,89425678,-0.475333011529181
"53798","20074.16",53798,89425954,-0.57722341826991
"53799","20074.16",53799,89427549,-0.0652368931491978
"53800","20074.16",53800,89427566,0.520762332217838
"53801","20074.16",53801,89428457,-0.186058894102258
"53802","20074.16",53802,89428466,-0.0970586490479386
"53803","20074.16",53803,89428967,0.620265708743735
"53804","20074.16",53804,89429052,1.10192874439762
"53805","20074.16",53805,89429653,0.128126851751629
"53806","20074.16",53806,89429681,-0.326369319146377
"53807","20074.16",53807,89430025,0.198164893365395
"53808","20074.16",53808,89430462,0.547387921099859
"53809","20074.16",53809,89430545,0.0901832800943216
"53810","20074.16",53810,89431603,0.353721100418857
"53811","20074.16",53811,89432980,-0.493277474528203
"53812","20074.16",53812,89433470,4.88863382699378e-05
"53813","20074.16",53813,89434523,0.62053710880731
"53814","20074.16",53814,89441123,0.10688202704149
"53815","20074.16",53815,89443344,0.43076002835264
"53816","20074.16",53816,89443382,0.346718529152311
"53817","20074.16",53817,89443550,0.092614556595855
"53818","20074.16",53818,89443662,0.177986238158928
"53819","20074.16",53819,89443863,0.798210847195452
"53820","20074.16",53820,89455109,-0.772985214872897
"53821","20074.16",53821,89455306,0.345309148832382
"53822","20074.16",53822,89455982,0.197449925689782
"53823","20074.16",53823,89456061,0.430589136170272
"53824","20074.16",53824,89457350,-0.0296625469683489
"53825","20074.16",53825,89462389,0.162557398336387
"53826","20074.16",53826,89470079,-0.375170273805212
"53827","20074.16",53827,89471246,1.09125668403223
"53828","20074.16",53828,89472044,-0.190332602881759
"53829","20074.16",53829,89472129,-0.509759945452304
"53830","20074.16",53830,89472675,-0.995972169370169
"53831","20074.16",53831,89474693,-0.585684807159295
"53832","20074.16",53832,89477051,-0.311101741219141
"53833","20074.16",53833,89480633,-0.465460600947457
"53834","20074.16",53834,89481020,-0.778548130632713
"53835","20074.16",53835,89481274,0.457081531747298
"53836","20074.16",53836,89483900,-0.339441667776664
"53837","20074.16",53837,89484040,-0.196525891917489
"53838","20074.16",53838,89484134,-0.535487932949395
"53839","20074.16",53839,89484180,-0.220946039292321
"53840","20074.16",53840,89490148,-0.361304236642342
"53841","20074.16",53841,89499504,0.56820711208385
"53842","20074.16",53842,89501030,0.0605937592796577
"53843","20074.16",53843,89505535,0.360552234396715
"53844","20074.16",53844,89508630,0.100404680091462
"53845","20074.16",53845,89508862,-0.136171373181031
"53846","20074.16",53846,89508984,-0.761059060089269
"53847","20074.16",53847,89509001,0.246313742626168
"53848","20074.16",53848,89509867,-0.925075978976977
"53849","20074.16",53849,89514183,1.23888724000952
"53850","20074.16",53850,89515041,0.382602331647429
"53851","20074.16",53851,89515124,-0.179235248878016
"53852","20074.16",53852,89515372,-0.0618052185272715
"53853","20074.16",53853,89515844,-0.501839037791203
"53854","20074.16",53854,89518182,0.0388527507646943
"53855","20074.16",53855,89520152,-0.083397744646934
"53856","20074.16",53856,89525023,-0.399905639935536
"53857","20074.16",53857,89525069,-0.806729727283127
"53858","20074.16",53858,89526747,0.752062038104637
"53859","20074.16",53859,89531551,-0.0177188921312128
"53860","20074.16",53860,89532018,-1.05819060133734
"53861","20074.16",53861,89532795,-0.513080719944278
"53862","20074.16",53862,89532973,0.00366624059156173
"53863","20074.16",53863,89533020,0.514351871492596
"53864","20074.16",53864,89538759,-0.758200059645538
"53865","20074.16",53865,89541243,1.0774296841264
"53866","20074.16",53866,89542858,0.810704506346874
"53867","20074.16",53867,89542874,0.393269122008141
"53868","20074.16",53868,89544822,-0.670431124454884
"53869","20074.16",53869,89545606,-0.342117285376444
"53870","20074.16",53870,89548130,0.384380753436045
"53871","20074.16",53871,89548507,0.103830652062508
"53872","20074.16",53872,89552320,-0.254255618343104
"53873","20074.16",53873,89552431,-1.58330700739251
"53874","20074.16",53874,89557797,-0.59892893567478
"53875","20074.16",53875,89560178,-0.0593395296541299
"53876","20074.16",53876,89560708,-0.347230548728573
"53877","20074.16",53877,89561283,0.227087345768981
"53878","20074.16",53878,89563721,-1.58538560292422
"53879","20074.16",53879,89565169,-0.43703972989443
"53880","20074.16",53880,89568393,0.0140491551198494
"53881","20074.16",53881,89568493,-0.968569286839767
"53882","20074.16",53882,89569022,-0.98970971097052
"53883","20074.16",53883,89569215,0.0718605134652188
"53884","20074.16",53884,89570356,-0.187837764775406
"53885","20074.16",53885,89570635,-0.422042137385764
"53886","20074.16",53886,89570718,-1.00949822736237
"53887","20074.16",53887,89571815,-1.03294869049565
"53888","20074.16",53888,89577046,-0.115344085367528
"53889","20074.16",53889,89578083,-0.873345457097368
"53890","20074.16",53890,89580684,-0.171591098523395
"53891","20074.16",53891,89582421,-0.364809596113955
"53892","20074.16",53892,89585375,-0.355868231702251
"53893","20074.16",53893,89586094,-0.749690481335086
"53894","20074.16",53894,89586592,0.0765327854263491
"53895","20074.16",53895,89590825,0.645255309765692
"53896","20074.16",53896,89591157,-0.872424467480046
"53897","20074.16",53897,89591774,0.377640769366899
"53898","20074.16",53898,89592622,-0.354879508312278
"53899","20074.16",53899,89592690,0.207739888718541
"53900","20074.16",53900,89595723,-0.36308226763315
"53901","20074.16",53901,89596106,0.495059940800258
"53902","20074.16",53902,89597727,-1.17914544360572
"53903","20074.16",53903,89600848,0.153957233612608
"53904","20074.16",53904,89600864,-1.00793840400402
"53905","20074.16",53905,89601148,0.614886640176223
"53906","20074.16",53906,89601554,0.526811571803392
"53907","20074.16",53907,89601893,-0.592312081966723
"53908","20074.16",53908,89602006,-0.198614671472263
"53909","20074.16",53909,89603586,-0.609336549818551
"53910","20074.16",53910,89604092,0.256583912785417
"53911","20074.16",53911,89605495,0.289330166161041
"53912","20074.16",53912,89605538,-0.903480657261867
"53913","20074.16",53913,89606431,0.359751376734251
"53914","20074.16",53914,89606767,0.0228791115040057
"53915","20074.16",53915,89607069,0.21018281835932
"53916","20074.16",53916,89607142,-0.471002748930737
"53917","20074.16",53917,89607414,0.00404588311458642
"53918","20074.16",53918,89607508,0.957483517701335
"53919","20074.16",53919,89612770,-0.537535054235673
"53920","20074.16",53920,89613412,-0.498049553214803
"53921","20074.16",53921,89617518,-0.129411113258159
"53922","20074.16",53922,89619697,0.38193056739565
"53923","20074.16",53923,89620814,-0.580571018089905
"53924","20074.16",53924,89626240,0.0895835247630865
"53925","20074.16",53925,89626894,-0.160993035091457
"53926","20074.16",53926,89630212,0.947265429474938
"53927","20074.16",53927,89630238,0.229289323897785
"53928","20074.16",53928,89630311,-0.258052296440111
"53929","20074.16",53929,89632423,0.456471981584923
"53930","20074.16",53930,89644837,0.562562237057969
"53931","20074.16",53931,89647454,0.661326595223348
"53932","20074.16",53932,89647606,-0.162985354749241
"53933","20074.16",53933,89647864,0.139009323995806
"53934","20074.16",53934,89647913,0.34620706697942
"53935","20074.16",53935,89648580,0.504094962355052
"53936","20074.16",53936,89648792,0.379201585352445
"53937","20074.16",53937,89648810,0.295773407159003
"53938","20074.16",53938,89649095,0.644300198496526
"53939","20074.16",53939,89656539,-1.60965308342445
"53940","20074.16",53940,89656631,0.964653237437155
"53941","20074.16",53941,89661807,0.343058047540873
"53942","20074.16",53942,89662422,1.02621729179209
"53943","20074.16",53943,89662875,-0.405289790153941
"53944","20074.16",53944,89663072,-0.219811797118485
"53945","20074.16",53945,89666817,0.657174240139285
"53946","20074.16",53946,89667337,-0.127746454844587
"53947","20074.16",53947,89676788,0.195937238542596
"53948","20074.16",53948,89679053,-0.167751740943714
"53949","20074.16",53949,89683802,0.327827090955259
"53950","20074.16",53950,89683838,-0.688249009227873
"53951","20074.16",53951,89689938,-0.27234970628026
"53952","20074.16",53952,89693030,-1.57378268035837
"53953","20074.16",53953,89708096,0.0698641330626648
"53954","20074.16",53954,89708224,-0.769365878165936
"53955","20074.16",53955,89709019,0.0490246748390408
"53956","20074.16",53956,89709325,0.191259903008661
"53957","20074.16",53957,89711973,0.393003396191616
"53958","20074.16",53958,89713253,-1.77164085712717
"53959","20074.16",53959,89716915,-0.303683532172617
"53960","20074.16",53960,89720831,0.185881235380615
"53961","20074.16",53961,89720909,-0.887830502027985
"53962","20074.16",53962,89726484,0.296268744683311
"53963","20074.16",53963,89727447,-0.48737197512907
"53964","20074.16",53964,89727595,0.654453661371284
"53965","20074.16",53965,89737883,-1.62670005933374
"53966","20074.16",53966,89740285,0.485694795988208
"53967","20074.16",53967,89740597,-1.13132532472006
"53968","20074.16",53968,89740609,-0.0920779230212068
"53969","20074.16",53969,89751961,0.265616806837778
"53970","20074.16",53970,89755538,-0.112671183580404
"53971","20074.16",53971,89755903,0.97985272822639
"53972","20074.16",53972,89756394,-1.2710880479552
"53973","20074.16",53973,89760142,-0.345581249116711
"53974","20074.16",53974,89760579,-0.0952374190155387
"53975","20074.16",53975,89769764,0.00689972685985918
"53976","20074.16",53976,89774396,0.948116481657936
"53977","20074.16",53977,89797627,0.0694125245221686
"53978","20074.16",53978,89797667,0.968697162704326
"53979","20074.16",53979,89798404,1.09725978715235
"53980","20074.16",53980,89798667,-0.294720974362169
"53981","20074.16",53981,89804855,-0.325173234791292
"53982","20074.16",53982,89805017,-0.586272597027308
"53983","20074.16",53983,89805977,0.0166678923010135
"53984","20074.16",53984,89807233,-0.548658285627472
"53985","20074.16",53985,89813044,-0.830341854917342
"53986","20074.16",53986,89814188,-0.215646524034751
"53987","20074.16",53987,89828413,-0.277468679868383
"53988","20074.16",53988,89828669,0.729974573679599
"53989","20074.16",53989,89831510,0.438549873663594
"53990","20074.16",53990,89835289,0.876689582398389
"53991","20074.16",53991,89835521,0.388560654321824
"53992","20074.16",53992,89836286,-1.4562749739562
"53993","20074.16",53993,89837367,0.136413180514371
"53994","20074.16",53994,89838685,0.426350632889496
"53995","20074.16",53995,89838834,-0.496421256454267
"53996","20074.16",53996,89839091,-1.25509752003501
"53997","20074.16",53997,89839306,-0.441030559527264
"53998","20074.16",53998,89845835,-0.264421183407041
"53999","20074.16",53999,89846050,-0.320340273364592
"54000","20074.16",54000,89846987,-0.210734801833864
"54001","20074.16",54001,89857700,0.022639047319907
"54002","20074.16",54002,89857964,0.363150118627801
"54003","20074.16",54003,89858024,0.825468010396771
"54004","20074.16",54004,89858041,-0.883576421413959
"54005","20074.16",54005,89862202,-0.692695041085658
"54006","20074.16",54006,89864682,-0.0567153621476155
"54007","20074.16",54007,89866043,-0.0165352695214711
"54008","20074.16",54008,89868475,-0.0355152154543923
"54009","20074.16",54009,89869394,-1.16287198906669
"54010","20074.16",54010,89873227,0.270071910861623
"54011","20074.16",54011,89875219,-0.213978872170274
"54012","20074.16",54012,89875234,-0.510134705219578
"54013","20074.16",54013,89875629,0.186766165960368
"54014","20074.16",54014,89875656,-0.00480686780285033
"54015","20074.16",54015,89875697,0.224084345216123
"54016","20074.16",54016,89875710,0.528169884594619
"54017","20074.16",54017,89875753,-1.4307000202581
"54018","20074.16",54018,89884502,-0.435794798537789
"54019","20074.16",54019,89884917,1.05672871425327
"54020","20074.16",54020,89885037,-0.634198590949851
"54021","20074.16",54021,89886564,-0.516023994172357
"54022","20074.16",54022,89888512,0.158567492955203
"54023","20074.16",54023,89890247,-0.598419178308941
"54024","20074.16",54024,89890327,0.484418710875709
"54025","20074.16",54025,89890342,-0.321972762442415
"54026","20074.16",54026,89890354,0.388218382278112
"54027","20074.16",54027,89898764,0.45319247754595
"54028","20074.16",54028,89902949,0.0910717536433499
"54029","20074.16",54029,89903042,0.328743173140292
"54030","20074.16",54030,89903056,0.473876264641087
"54031","20074.16",54031,89903526,-0.14429230040221
"54032","20074.16",54032,89908512,-1.3261359534854
"54033","20074.16",54033,89908584,-0.618448462878454
"54034","20074.16",54034,89909017,-1.76481234030048
"54035","20074.16",54035,89909401,0.678326656368456
"54036","20074.16",54036,89909429,0.624887715983335
"54037","20074.16",54037,89913348,-0.335262581540787
"54038","20074.16",54038,89913511,0.61579005318641
"54039","20074.16",54039,89913597,0.210985281549175
"54040","20074.16",54040,89930483,-0.412580786131351
"54041","20074.16",54041,89930634,-1.2331792301065
"54042","20074.16",54042,89931039,-0.193617170777271
"54043","20074.16",54043,89931138,-0.262548884249861
"54044","20074.16",54044,89937514,-0.417576875503946
"54045","20074.16",54045,89938182,-0.094733635392763
"54046","20074.16",54046,89938241,-0.832408388073934
"54047","20074.16",54047,89938264,-0.666160070412734
"54048","20074.16",54048,89938452,-0.31601828407122
"54049","20074.16",54049,89952071,-0.491968323622271
"54050","20074.16",54050,89955396,-0.529645654775888
"54051","20074.16",54051,89955582,-0.819829258651353
"54052","20074.16",54052,89955890,-0.394472026611721
"54053","20074.16",54053,89956643,0.367516409177068
"54054","20074.16",54054,89958378,-0.40635138980804
"54055","20074.16",54055,89961362,-1.09463848656751
"54056","20074.16",54056,89961470,-0.689600527863789
"54057","20074.16",54057,89961661,0.642524859547295
"54058","20074.16",54058,89961957,0.335394037712391
"54059","20074.16",54059,89961971,-0.138114801362496
"54060","20074.16",54060,89962930,-0.0613792822340891
"54061","20074.16",54061,89965827,0.15860913814421
"54062","20074.16",54062,89965842,0.197519419935885
"54063","20074.16",54063,89966273,-0.155721957760155
"54064","20074.16",54064,89966357,0.773983643295076
"54065","20074.16",54065,89966817,-0.0304770292654961
"54066","20074.16",54066,89966847,0.593042855538889
"54067","20074.16",54067,89967032,0.488066725234492
"54068","20074.16",54068,89967048,-0.379380603686183
"54069","20074.16",54069,89967168,-0.982035730677771
"54070","20074.16",54070,89972345,-0.213776136314253
"54071","20074.16",54071,89978724,-0.00864496724449104
"54072","20074.16",54072,89979851,0.632610449702256
"54073","20074.16",54073,89981428,0.21309065539041
"54074","20074.16",54074,89986117,0.382588964272041
"54075","20074.16",54075,89994526,0.243194169521661
"54076","20074.16",54076,90004334,-0.0451381236262893
"54077","20074.16",54077,90009063,0.272833012392442
"54078","20074.16",54078,90010532,0.841447420613576
"54079","20074.16",54079,90012062,-1.10807362722643
"54080","20074.16",54080,90012928,-1.8823685390562
"54081","20074.16",54081,90020861,0.0572392208846244
"54082","20074.16",54082,90023460,-0.661270742370028
"54083","20074.16",54083,90026979,0.120470858015739
"54084","20074.16",54084,90027305,-0.540178160393366
"54085","20074.16",54085,90027626,0.307102667343014
"54086","20074.16",54086,90029209,0.105902845133625
"54087","20074.16",54087,90032232,-0.176601004777245
"54088","20074.16",54088,90033255,-0.38788760560757
"54089","20074.16",54089,90034081,-0.043394245505973
"54090","20074.16",54090,90034458,0.134672931854825
"54091","20074.16",54091,90036642,-0.241783748561908
"54092","20074.16",54092,90040636,-0.455410788051053
"54093","20074.16",54093,90050689,0.516166395686018
"54094","20074.16",54094,90050880,-0.051648448803439
"54095","20074.16",54095,90050978,0.074961623793909
"54096","20074.16",54096,90055064,-0.309134648549395
"54097","20074.16",54097,90057158,-0.588869539861848
"54098","20074.16",54098,90058085,-1.10412811025525
"54099","20074.16",54099,90063102,-0.980811946832395
"54100","20074.16",54100,90066936,-0.537562462299983
"54101","20074.16",54101,90067153,-0.818981516230555
"54102","20074.16",54102,90069560,-0.149544322641655
"54103","20074.16",54103,90069617,0.198657519942572
"54104","20074.16",54104,90071151,-0.462272997112444
"54105","20074.16",54105,90071285,-0.768043391728518
"54106","20074.16",54106,90071320,-1.79995155774627
"54107","20074.16",54107,90074085,-0.89631727358787
"54108","20074.16",54108,90077136,-0.482752096476011
"54109","20074.16",54109,90080156,-1.05487457050974
"54110","20074.16",54110,90080447,-0.133019116637407
"54111","20074.16",54111,90080999,-0.736052793298663
"54112","20074.16",54112,90081524,0.165212596446367
"54113","20074.16",54113,90081564,-0.395596582090215
"54114","20074.16",54114,90081660,0.481670095821637
"54115","20074.16",54115,90089463,-0.110197548975733
"54116","20074.16",54116,90094900,-1.37486178574131
"54117","20074.16",54117,90095277,-0.0558097966523956
"54118","20074.16",54118,90095312,0.402228631014338
"54119","20074.16",54119,90097748,0.192750275670959
"54120","20074.16",54120,90097995,0.776135816213011
"54121","20074.16",54121,90098223,0.614431232230259
"54122","20074.16",54122,90098629,0.397977118873539
"54123","20074.16",54123,90099209,0.341114403726444
"54124","20074.16",54124,90099225,0.0142326981087635
"54125","20074.16",54125,90099571,1.43299921092633
"54126","20074.16",54126,90099598,0.186886276973407
"54127","20074.16",54127,90102094,0.0349889135526906
"54128","20074.16",54128,90102384,0.373324641472522
"54129","20074.16",54129,90102835,-0.376127155075856
"54130","20074.16",54130,90103035,0.392683688151426
"54131","20074.16",54131,90103117,0.815228816704828
"54132","20074.16",54132,90103246,1.05820041522316
"54133","20074.16",54133,90103659,-0.325453779596243
"54134","20074.16",54134,90104115,-0.0697491636108074
"54135","20074.16",54135,90104249,-0.342754511520285
"54136","20074.16",54136,90104462,-0.579868302002019
"54137","20074.16",54137,90105333,0.732366532349684
"54138","20074.16",54138,90105726,-0.599040929084928
"54139","20074.16",54139,90112226,-0.0453306162837173
"54140","20074.16",54140,90115618,0.78512698725724
"54141","20074.16",54141,90115921,-0.149840133146365
"54142","20074.16",54142,90117614,-0.71927924292214
"54143","20074.16",54143,90117632,-0.429469815694562
"54144","20074.16",54144,90117655,0.427006563694342
"54145","20074.16",54145,90118021,-0.125337214800531
"54146","20074.16",54146,90118119,-1.01008459497141
"54147","20074.16",54147,90118281,0.555458690577278
"54148","20074.16",54148,90123457,0.0861328693579537
"54149","20074.16",54149,90123493,0.396178750061083
"54150","20074.16",54150,90123732,0.694053942618177
"54151","20074.16",54151,90123738,0.504069016344418
"54152","20074.16",54152,90123847,0.199207630340712
"54153","20074.16",54153,90124316,-0.0817608112132415
"54154","20074.16",54154,90128224,0.227773383980131
"54155","20074.16",54155,90128429,-0.470194381401465
"54156","20074.16",54156,90128764,0.292246753670992
"54157","20074.16",54157,90129084,-0.170256537110566
"54158","20074.16",54158,90129970,0.818452158880683
"54159","20074.16",54159,90130209,-0.0336287815752518
"54160","20074.16",54160,90130390,0.78740393242573
"54161","20074.16",54161,90130735,0.890686259867603
"54162","20074.16",54162,90132786,-0.308475818683764
"54163","20074.16",54163,90135308,0.648747837286741
"54164","20074.16",54164,90138399,-1.97203270100583
"54165","20074.16",54165,90138724,-0.0458220895586798
"54166","20074.16",54166,90138740,0.742281330176877
"54167","20074.16",54167,90141355,0.667773344393177
"54168","20074.16",54168,90141477,-0.00442884159143375
"54169","20074.16",54169,90146274,-0.400535283782632
"54170","20074.16",54170,90146782,0.355635003195517
"54171","20074.16",54171,90146835,0.256448662912061
"54172","20074.16",54172,90146957,-0.137524674198993
"54173","20074.16",54173,90148449,0.302761042475706
"54174","20074.16",54174,90148979,-0.54586187723669
"54175","20074.16",54175,90155526,-0.759298265961362
"54176","20074.16",54176,90155644,-0.84351180516702
"54177","20074.16",54177,90158838,-0.370869447107243
"54178","20074.16",54178,90162671,0.340712041381646
"54179","20074.16",54179,90162761,0.7761643252375
"54180","20074.16",54180,90163275,0.554160370822584
"54181","20074.16",54181,90163722,0.0242676147006105
"54182","20074.16",54182,90226123,-0.93240791395089
"54183","20074.16",54183,90245852,-0.67173000612095
"54184","20074.16",54184,90287536,0.646173240440358
