"","pid.chr","data.i","position","logratio"
"1","20151.17",1,5157,-0.649
"2","20151.17",2,58771,-0.326
"3","20151.17",3,89183,-0.328
"4","20151.17",4,125943,0.184
"5","20151.17",5,161462,-0.276
"6","20151.17",6,217981,-0.367
"7","20151.17",7,247509,-0.484
"8","20151.17",8,295338,-0.261
"9","20151.17",9,411188,0.039
"10","20151.17",10,438633,-0.827
"11","20151.17",11,473962,-1.152
"12","20151.17",12,531215,-0.365
"13","20151.17",13,559809,-0.193
"14","20151.17",14,599780,-0.282
"15","20151.17",15,639732,-0.792
"16","20151.17",16,687201,-0.305
"17","20151.17",17,721556,-0.166
"18","20151.17",18,762950,-0.415
"19","20151.17",19,811077,-0.316
"20","20151.17",20,833276,0.019
"21","20151.17",21,873755,-0.399
"22","20151.17",22,917182,-0.407
"23","20151.17",23,969533,-0.454
"24","20151.17",24,1000984,-0.087
"25","20151.17",25,1049264,-0.244
"26","20151.17",26,1092909,-0.428
"27","20151.17",27,1122097,-0.414
"28","20151.17",28,1153894,-0.205
"29","20151.17",29,1199377,0.055
"30","20151.17",30,1245582,-0.364
"31","20151.17",31,1288564,0.134
"32","20151.17",32,1315193,0.072
"33","20151.17",33,1356675,-0.686
"34","20151.17",34,1407872,-0.611
"35","20151.17",35,1433710,-0.536
"36","20151.17",36,1492445,0.02
"37","20151.17",37,1516478,-0.396
"38","20151.17",38,1572983,0.095
"39","20151.17",39,1607821,-0.28
"40","20151.17",40,1651667,-0.257
"41","20151.17",41,1683049,-0.087
"42","20151.17",42,1723950,-0.576
"43","20151.17",43,1755638,-0.044
"44","20151.17",44,1796025,-0.375
"45","20151.17",45,1837999,-0.09
"46","20151.17",46,1879416,-0.347
"47","20151.17",47,1916016,0.133
"48","20151.17",48,1970311,-0.121
"49","20151.17",49,2009154,-0.546
"50","20151.17",50,2036675,-0.087
"51","20151.17",51,2091177,-0.018
"52","20151.17",52,2131073,-0.033
"53","20151.17",53,2155920,-0.664
"54","20151.17",54,2197453,-0.51
"55","20151.17",55,2237378,-0.477
"56","20151.17",56,2277132,-0.797
"57","20151.17",57,2320284,-0.231
"58","20151.17",58,2357649,-0.604
"59","20151.17",59,2395626,-0.129
"60","20151.17",60,2449017,-0.572
"61","20151.17",61,2475422,-0.383
"62","20151.17",62,2519329,-0.015
"63","20151.17",63,2572992,-0.471
"64","20151.17",64,2611501,0.209
"65","20151.17",65,2640556,-0.283
"66","20151.17",66,2676682,-0.387
"67","20151.17",67,2714800,-0.054
"68","20151.17",68,2772611,0.001
"69","20151.17",69,2794936,0.234
"70","20151.17",70,2849892,0.077
"71","20151.17",71,2889248,-0.223
"72","20151.17",72,2917110,0.069
"73","20151.17",73,2965864,-0.513
"74","20151.17",74,3010433,0.288
"75","20151.17",75,3049796,-0.267
"76","20151.17",76,3087225,-0.458
"77","20151.17",77,3132872,-0.068
"78","20151.17",78,3173206,-0.362
"79","20151.17",79,3201464,-0.12
"80","20151.17",80,3248098,-0.286
"81","20151.17",81,3286639,-0.474
"82","20151.17",82,3321436,0.078
"83","20151.17",83,3353551,0.062
"84","20151.17",84,3410664,0.059
"85","20151.17",85,3444706,-0.632
"86","20151.17",86,3478983,-0.124
"87","20151.17",87,3525546,-0.368
"88","20151.17",88,3558350,-0.275
"89","20151.17",89,3606154,-0.484
"90","20151.17",90,3652331,-0.494
"91","20151.17",91,3685038,-0.01
"92","20151.17",92,3732943,0.005
"93","20151.17",93,3753337,-0.773
"94","20151.17",94,3810775,-0.352
"95","20151.17",95,3834555,-0.09
"96","20151.17",96,3882613,-0.456
"97","20151.17",97,3923141,-0.534
"98","20151.17",98,3964595,-0.15
"99","20151.17",99,4004639,-0.069
"100","20151.17",100,4034384,-0.183
"101","20151.17",101,4091787,-0.199
"102","20151.17",102,4117486,-0.287
"103","20151.17",103,4172989,-0.162
"104","20151.17",104,4200350,-0.2
"105","20151.17",105,4233587,-0.335
"106","20151.17",106,4275612,-0.119
"107","20151.17",107,4332542,-0.006
"108","20151.17",108,4357294,-0.557
"109","20151.17",109,4399264,-0.003
"110","20151.17",110,4450710,-0.505
"111","20151.17",111,4476023,-0.243
"112","20151.17",112,4528263,-0.475
"113","20151.17",113,4565445,-0.452
"114","20151.17",114,4609636,-1.257
"115","20151.17",115,4638811,-0.599
"116","20151.17",116,4679093,0.039
"117","20151.17",117,4717408,-0.1
"118","20151.17",118,4769308,-0.087
"119","20151.17",119,4808081,-0.575
"120","20151.17",120,4844706,-1.332
"121","20151.17",121,4898625,-0.211
"122","20151.17",122,4931311,-1.002
"123","20151.17",123,4972825,-0.107
"124","20151.17",124,5012064,-0.42
"125","20151.17",125,5051740,0.01
"126","20151.17",126,5087235,-0.256
"127","20151.17",127,5120591,-0.121
"128","20151.17",128,5165983,-0.375
"129","20151.17",129,5204558,-0.209
"130","20151.17",130,5258263,-0.382
"131","20151.17",131,5294683,-0.384
"132","20151.17",132,5334931,-0.576
"133","20151.17",133,5375152,-0.307
"134","20151.17",134,5402788,-0.811
"135","20151.17",135,5455779,-0.257
"136","20151.17",136,5494576,-0.047
"137","20151.17",137,5519643,-0.281
"138","20151.17",138,5561201,-0.54
"139","20151.17",139,5616880,-0.47
"140","20151.17",140,5651830,-0.396
"141","20151.17",141,5686563,-0.397
"142","20151.17",142,5732405,-0.271
"143","20151.17",143,5762320,-0.466
"144","20151.17",144,5816883,-0.2
"145","20151.17",145,5850938,-0.15
"146","20151.17",146,5887208,-0.085
"147","20151.17",147,5938263,-0.107
"148","20151.17",148,5966190,-0.141
"149","20151.17",149,6004913,-0.227
"150","20151.17",150,6045429,-0.666
"151","20151.17",151,6090232,-0.115
"152","20151.17",152,6121605,-0.502
"153","20151.17",153,6169878,-0.419
"154","20151.17",154,6213697,0.248
"155","20151.17",155,6250933,0.072
"156","20151.17",156,6296853,-0.282
"157","20151.17",157,6329484,-0.398
"158","20151.17",158,6372502,-0.325
"159","20151.17",159,6414537,-0.289
"160","20151.17",160,6445583,-0.32
"161","20151.17",161,6499223,-0.077
"162","20151.17",162,6532150,-0.252
"163","20151.17",163,6568782,0.355
"164","20151.17",164,6600002,-0.035
"165","20151.17",165,6652913,-0.284
"166","20151.17",166,6682382,-0.591
"167","20151.17",167,6726961,-0.106
"168","20151.17",168,6771368,0.132
"169","20151.17",169,6806537,-0.088
"170","20151.17",170,6857680,-0.043
"171","20151.17",171,6897506,-0.348
"172","20151.17",172,6919520,-1.726
"173","20151.17",173,6962513,-0.129
"174","20151.17",174,7014086,-0.407
"175","20151.17",175,7056439,-0.005
"176","20151.17",176,7089503,-0.318
"177","20151.17",177,7138890,-1.193
"178","20151.17",178,7176179,-0.161
"179","20151.17",179,7213672,-1.14
"180","20151.17",180,7257795,-0.666
"181","20151.17",181,7283011,-0.679
"182","20151.17",182,7334769,-1.172
"183","20151.17",183,7370913,-0.306
"184","20151.17",184,7401821,-0.352
"185","20151.17",185,7457233,-1.1
"186","20151.17",186,7487588,-0.05
"187","20151.17",187,7533766,-0.359
"188","20151.17",188,7576678,0.104
"189","20151.17",189,7614215,-0.654
"190","20151.17",190,7653839,-0.285
"191","20151.17",191,7685006,-0.34
"192","20151.17",192,7735088,-0.505
"193","20151.17",193,7772078,-0.471
"194","20151.17",194,7811425,-1.075
"195","20151.17",195,7841881,-0.459
"196","20151.17",196,7880111,-0.35
"197","20151.17",197,7935797,-0.243
"198","20151.17",198,7961510,-0.472
"199","20151.17",199,8008760,-0.262
"200","20151.17",200,8040973,-0.568
"201","20151.17",201,8090563,-0.544
"202","20151.17",202,8124021,0.056
"203","20151.17",203,8177219,-0.291
"204","20151.17",204,8204461,-0.488
"205","20151.17",205,8251841,-0.548
"206","20151.17",206,8283799,-0.744
"207","20151.17",207,8319894,-0.314
"208","20151.17",208,8361048,-0.334
"209","20151.17",209,8416565,0.249
"210","20151.17",210,8442735,-0.017
"211","20151.17",211,8494954,0.028
"212","20151.17",212,8531871,-1.895
"213","20151.17",213,8560672,-0.232
"214","20151.17",214,8599734,-0.268
"215","20151.17",215,8641077,-0.202
"216","20151.17",216,8696109,-0.157
"217","20151.17",217,8724379,-0.553
"218","20151.17",218,8771652,0.196
"219","20151.17",219,8801987,-0.04
"220","20151.17",220,8858860,-0.619
"221","20151.17",221,8889305,-0.04
"222","20151.17",222,8934383,-0.57
"223","20151.17",223,8960713,0.102
"224","20151.17",224,9000327,-0.147
"225","20151.17",225,9050897,-0.324
"226","20151.17",226,9095419,-0.235
"227","20151.17",227,9132014,-0.308
"228","20151.17",228,9165416,0.045
"229","20151.17",229,9200012,0.288
"230","20151.17",230,9258293,0.267
"231","20151.17",231,9281806,-0.251
"232","20151.17",232,9328117,-0.174
"233","20151.17",233,9368983,-0.13
"234","20151.17",234,9418074,-0.121
"235","20151.17",235,9452688,-0.212
"236","20151.17",236,9483327,0.161
"237","20151.17",237,9538990,-0.155
"238","20151.17",238,9571021,-0.147
"239","20151.17",239,9599853,-0.052
"240","20151.17",240,9644759,-0.269
"241","20151.17",241,9692525,-0.372
"242","20151.17",242,9729704,0.189
"243","20151.17",243,9769103,-0.085
"244","20151.17",244,9799438,-0.086
"245","20151.17",245,9844521,-0.382
"246","20151.17",246,9889464,-0.207
"247","20151.17",247,9921327,0.105
"248","20151.17",248,9962700,-1.22
"249","20151.17",249,10003562,-0.177
"250","20151.17",250,10053537,-0.347
"251","20151.17",251,10090800,0.039
"252","20151.17",252,10134919,0.012
"253","20151.17",253,10173763,-0.306
"254","20151.17",254,10217978,0.162
"255","20151.17",255,10254685,-0.326
"256","20151.17",256,10291941,-0.042
"257","20151.17",257,10335801,0.086
"258","20151.17",258,10363850,-0.284
"259","20151.17",259,10414970,-0.408
"260","20151.17",260,10457977,0.014
"261","20151.17",261,10493156,-0.12
"262","20151.17",262,10527814,0.077
"263","20151.17",263,10569144,-0.26
"264","20151.17",264,10609379,-0.551
"265","20151.17",265,10645793,-0.547
"266","20151.17",266,10699219,-0.526
"267","20151.17",267,10737671,-0.427
"268","20151.17",268,10773622,-0.133
"269","20151.17",269,10808918,0.062
"270","20151.17",270,10840484,-0.444
"271","20151.17",271,10885537,-0.589
"272","20151.17",272,10938974,-0.424
"273","20151.17",273,10976046,-0.035
"274","20151.17",274,11011436,0.065
"275","20151.17",275,11040783,0.196
"276","20151.17",276,11091290,-0.067
"277","20151.17",277,11130077,-0.067
"278","20151.17",278,11162070,-0.218
"279","20151.17",279,11200448,-0.306
"280","20151.17",280,11257128,-0.265
"281","20151.17",281,11296061,-0.295
"282","20151.17",282,11321980,-0.131
"283","20151.17",283,11375018,-0.073
"284","20151.17",284,11407174,0.129
"285","20151.17",285,11455216,-0.202
"286","20151.17",286,11494279,-0.127
"287","20151.17",287,11527022,-0.472
"288","20151.17",288,11568918,-0.058
"289","20151.17",289,11612140,-0.375
"290","20151.17",290,11639698,0.142
"291","20151.17",291,11698941,-0.195
"292","20151.17",292,11725411,-0.033
"293","20151.17",293,11759357,-0.015
"294","20151.17",294,11805599,-0.389
"295","20151.17",295,11847951,-0.158
"296","20151.17",296,11880589,-0.447
"297","20151.17",297,11937709,-0.184
"298","20151.17",298,11977539,0.305
"299","20151.17",299,12017554,0.27
"300","20151.17",300,12047873,0.252
"301","20151.17",301,12095760,-0.162
"302","20151.17",302,12138369,-0.476
"303","20151.17",303,12174166,0.265
"304","20151.17",304,12212182,-0.028
"305","20151.17",305,12242307,-0.299
"306","20151.17",306,12297870,-0.015
"307","20151.17",307,12330315,-0.397
"308","20151.17",308,12362737,0.182
"309","20151.17",309,12410741,-0.106
"310","20151.17",310,12451307,0.246
"311","20151.17",311,12494718,-0.247
"312","20151.17",312,12526569,-0.299
"313","20151.17",313,12561810,-0.251
"314","20151.17",314,12606909,0.127
"315","20151.17",315,12657961,-0.333
"316","20151.17",316,12695584,-0.278
"317","20151.17",317,12736571,0.06
"318","20151.17",318,12763640,-0.055
"319","20151.17",319,12810615,-0.322
"320","20151.17",320,12855746,-0.187
"321","20151.17",321,12895000,-0.58
"322","20151.17",322,12930570,-0.273
"323","20151.17",323,12976166,-0.178
"324","20151.17",324,13008172,0.064
"325","20151.17",325,13058724,0.183
"326","20151.17",326,13091970,-0.233
"327","20151.17",327,13133346,0.121
"328","20151.17",328,13160455,-0.628
"329","20151.17",329,13216423,0.228
"330","20151.17",330,13239794,-0.434
"331","20151.17",331,13289218,-0.158
"332","20151.17",332,13324665,-0.055
"333","20151.17",333,13377286,-0.621
"334","20151.17",334,13416819,-0.251
"335","20151.17",335,13442142,-0.258
"336","20151.17",336,13481221,0.165
"337","20151.17",337,13530938,-0.088
"338","20151.17",338,13561093,0.001
"339","20151.17",339,13608297,-0.353
"340","20151.17",340,13641258,-0.303
"341","20151.17",341,13679512,-0.056
"342","20151.17",342,13736018,-0.255
"343","20151.17",343,13779009,-0.017
"344","20151.17",344,13810634,0.025
"345","20151.17",345,13850941,-0.135
"346","20151.17",346,13895093,-0.315
"347","20151.17",347,13925850,-0.388
"348","20151.17",348,13962744,0.228
"349","20151.17",349,14002444,-0.177
"350","20151.17",350,14048630,-0.332
"351","20151.17",351,14079527,-0.382
"352","20151.17",352,14128760,-0.176
"353","20151.17",353,14168424,-0.3
"354","20151.17",354,14203510,-1.452
"355","20151.17",355,14257515,-0.375
"356","20151.17",356,14296985,-0.264
"357","20151.17",357,14332291,-0.511
"358","20151.17",358,14378332,0.058
"359","20151.17",359,14413585,-0.167
"360","20151.17",360,14451099,-0.257
"361","20151.17",361,14493103,-0.124
"362","20151.17",362,14536044,-0.068
"363","20151.17",363,14570992,-0.182
"364","20151.17",364,14606281,-0.097
"365","20151.17",365,14655518,0.013
"366","20151.17",366,14697592,-0.314
"367","20151.17",367,14732590,-0.011
"368","20151.17",368,14777214,-0.322
"369","20151.17",369,14806796,-0.343
"370","20151.17",370,14850828,0.034
"371","20151.17",371,14897097,-0.628
"372","20151.17",372,14920944,0.296
"373","20151.17",373,14974412,0.012
"374","20151.17",374,15009236,-0.434
"375","20151.17",375,15057529,-0.129
"376","20151.17",376,15082857,0
"377","20151.17",377,15132815,-0.165
"378","20151.17",378,15178706,-0.478
"379","20151.17",379,15210801,-0.073
"380","20151.17",380,15256529,-0.214
"381","20151.17",381,15293086,0
"382","20151.17",382,15334634,-0.449
"383","20151.17",383,15370490,-0.082
"384","20151.17",384,15400546,-0.991
"385","20151.17",385,15450557,-0.106
"386","20151.17",386,15486288,-0.06
"387","20151.17",387,15538575,-0.298
"388","20151.17",388,15574472,-0.367
"389","20151.17",389,15605981,-0.266
"390","20151.17",390,15655236,-1.197
"391","20151.17",391,15693062,0.237
"392","20151.17",392,15736660,0.525
"393","20151.17",393,15774670,0.153
"394","20151.17",394,15799938,-0.329
"395","20151.17",395,15844464,-0.419
"396","20151.17",396,15885523,-0.64
"397","20151.17",397,15925274,-0.49
"398","20151.17",398,15964693,-0.077
"399","20151.17",399,16008903,-0.2
"400","20151.17",400,16046779,-0.964
"401","20151.17",401,16097559,-0.083
"402","20151.17",402,16127145,0.21
"403","20151.17",403,16159424,0.159
"404","20151.17",404,16217111,-1.13
"405","20151.17",405,16252564,-0.479
"406","20151.17",406,16294499,-0.141
"407","20151.17",407,16336589,0.073
"408","20151.17",408,16370982,-0.323
"409","20151.17",409,16414801,-0.035
"410","20151.17",410,16450349,-0.269
"411","20151.17",411,16480491,-0.027
"412","20151.17",412,16522723,0.154
"413","20151.17",413,16572619,-0.913
"414","20151.17",414,16604367,-0.04
"415","20151.17",415,16643346,0.166
"416","20151.17",416,16688001,0.121
"417","20151.17",417,16726729,0.552
"418","20151.17",418,16763189,0.114
"419","20151.17",419,16804447,-0.078
"420","20151.17",420,16851952,-0.172
"421","20151.17",421,16887116,-0.326
"422","20151.17",422,16919416,0.116
"423","20151.17",423,16973803,-0.158
"424","20151.17",424,17017897,-0.334
"425","20151.17",425,17053702,-0.129
"426","20151.17",426,17079753,-0.89
"427","20151.17",427,17122722,-0.092
"428","20151.17",428,17178130,-0.26
"429","20151.17",429,17200641,-0.304
"430","20151.17",430,17246176,-0.291
"431","20151.17",431,17286334,-0.905
"432","20151.17",432,17321814,0.099
"433","20151.17",433,17370933,0.028
"434","20151.17",434,17405910,-0.766
"435","20151.17",435,17445936,-0.225
"436","20151.17",436,17491646,-0.311
"437","20151.17",437,17532277,-0.131
"438","20151.17",438,17576004,-0.122
"439","20151.17",439,17599819,-0.232
"440","20151.17",440,17651783,-0.614
"441","20151.17",441,17688665,-1.28
"442","20151.17",442,17733656,-0.522
"443","20151.17",443,17775255,-0.338
"444","20151.17",444,17802026,0.132
"445","20151.17",445,17843932,-0.325
"446","20151.17",446,17886683,-0.535
"447","20151.17",447,17926940,-0.064
"448","20151.17",448,17970006,-0.444
"449","20151.17",449,17999760,-0.141
"450","20151.17",450,18050895,-0.678
"451","20151.17",451,18084884,-1.392
"452","20151.17",452,18122183,-0.109
"453","20151.17",453,18171516,-0.834
"454","20151.17",454,18208430,-0.305
"455","20151.17",455,18247532,-0.039
"456","20151.17",456,18295463,0.227
"457","20151.17",457,18332675,0.323
"458","20151.17",458,18365232,0.114
"459","20151.17",459,18414837,0.261
"460","20151.17",460,18454830,0.372
"461","20151.17",461,18493407,0.075
"462","20151.17",462,18536252,-1.056
"463","20151.17",463,18578280,-0.436
"464","20151.17",464,18614449,-0.121
"465","20151.17",465,18648132,-0.202
"466","20151.17",466,18685052,-0.491
"467","20151.17",467,18720375,-0.029
"468","20151.17",468,18768699,-0.301
"469","20151.17",469,18805633,-0.355
"470","20151.17",470,18842389,-0.13
"471","20151.17",471,18898233,-0.395
"472","20151.17",472,18922374,-0.153
"473","20151.17",473,18971795,-0.006
"474","20151.17",474,19010893,-0.345
"475","20151.17",475,19054641,-0.097
"476","20151.17",476,19095834,0.03
"477","20151.17",477,19137272,-0.637
"478","20151.17",478,19172694,0.862
"479","20151.17",479,19214443,0.966
"480","20151.17",480,19257453,0.418
"481","20151.17",481,19296501,0.987
"482","20151.17",482,19324779,0.285
"483","20151.17",483,19363069,0.156
"484","20151.17",484,19403320,0.634
"485","20151.17",485,19456431,0.621
"486","20151.17",486,19489777,0.059
"487","20151.17",487,19521799,0.386
"488","20151.17",488,19559728,0.229
"489","20151.17",489,19601224,0.368
"490","20151.17",490,19650133,0.769
"491","20151.17",491,19697596,0.643
"492","20151.17",492,19723209,0.667
"493","20151.17",493,19761793,0.132
"494","20151.17",494,19811833,0.509
"495","20151.17",495,19848784,0.349
"496","20151.17",496,19897953,0.177
"497","20151.17",497,19925726,0.152
"498","20151.17",498,19977980,0.489
"499","20151.17",499,20017082,-0.474
"500","20151.17",500,20058397,-1.334
"501","20151.17",501,20093559,0.88
"502","20151.17",502,20139384,0.359
"503","20151.17",503,20170519,0.407
"504","20151.17",504,20212393,0.181
"505","20151.17",505,20256909,-0.042
"506","20151.17",506,20292747,0.16
"507","20151.17",507,20334628,0.253
"508","20151.17",508,20362010,0.176
"509","20151.17",509,20402525,0.08
"510","20151.17",510,20441008,-0.135
"511","20151.17",511,20495853,-0.247
"512","20151.17",512,20524544,0.958
"513","20151.17",513,20574797,0.346
"514","20151.17",514,20618944,0.677
"515","20151.17",515,20648715,0.573
"516","20151.17",516,20688435,-0.296
"517","20151.17",517,20737016,0.049
"518","20151.17",518,20776477,0.322
"519","20151.17",519,20807347,0.198
"520","20151.17",520,20853945,0.558
"521","20151.17",521,20881167,-0.129
"522","20151.17",522,20933277,0.631
"523","20151.17",523,20977944,0.159
"524","20151.17",524,21018903,0.985
"525","20151.17",525,21058687,0.845
"526","20151.17",526,21098065,0.787
"527","20151.17",527,21126559,0.487
"528","20151.17",528,21172248,0.234
"529","20151.17",529,21212782,0.181
"530","20151.17",530,21249689,0.653
"531","20151.17",531,21285731,0.116
"532","20151.17",532,21334808,0.608
"533","20151.17",533,21379360,0.731
"534","20151.17",534,21413535,0.356
"535","20151.17",535,21442253,0.827
"536","20151.17",536,21495083,0.441
"537","20151.17",537,21526938,-0.18
"538","20151.17",538,21564118,-0.144
"539","20151.17",539,21684282,-0.008
"540","20151.17",540,21735289,0.437
"541","20151.17",541,21757689,0.437
"542","20151.17",542,21803834,0.43
"543","20151.17",543,21841694,0.334
"544","20151.17",544,21879204,0.175
"545","20151.17",545,21929324,0.031
"546","20151.17",546,21960620,0.359
"547","20151.17",547,22010497,0.837
"548","20151.17",548,22043105,-0.224
"549","20151.17",549,22076264,0.694
"550","20151.17",550,22130428,-0.463
"551","20151.17",551,22156140,0.265
"552","20151.17",552,22197577,0.513
"553","20151.17",553,25313745,0.315
"554","20151.17",554,25351609,-0.226
"555","20151.17",555,25391984,0.813
"556","20151.17",556,25434824,-0.017
"557","20151.17",557,25462097,0.637
"558","20151.17",558,25503431,0.467
"559","20151.17",559,25543462,0.023
"560","20151.17",560,25595577,0.54
"561","20151.17",561,25626909,0.777
"562","20151.17",562,25675016,-0.338
"563","20151.17",563,25705659,0.384
"564","20151.17",564,25741324,0.391
"565","20151.17",565,25777701,0.551
"566","20151.17",566,25822958,1.024
"567","20151.17",567,25856320,0.464
"568","20151.17",568,25901807,1.015
"569","20151.17",569,25942555,1.146
"570","20151.17",570,25984344,0.305
"571","20151.17",571,26032415,0.378
"572","20151.17",572,26060922,0.134
"573","20151.17",573,26114485,0.488
"574","20151.17",574,26152620,0.552
"575","20151.17",575,26188289,0.137
"576","20151.17",576,26220734,-0.116
"577","20151.17",577,26257893,0.276
"578","20151.17",578,26309601,0.765
"579","20151.17",579,26353569,0.314
"580","20151.17",580,26392835,0.632
"581","20151.17",581,26421406,0.983
"582","20151.17",582,26474155,0.832
"583","20151.17",583,26500599,1.028
"584","20151.17",584,26546547,0.471
"585","20151.17",585,26581705,0.319
"586","20151.17",586,26632237,0.112
"587","20151.17",587,26664033,0.656
"588","20151.17",588,26706811,0.298
"589","20151.17",589,26739186,0.272
"590","20151.17",590,26777006,0.515
"591","20151.17",591,26819723,0.678
"592","20151.17",592,26872553,-0.078
"593","20151.17",593,26914947,0.491
"594","20151.17",594,26949048,0.857
"595","20151.17",595,26987683,-0.137
"596","20151.17",596,27034703,0.072
"597","20151.17",597,27060571,0.497
"598","20151.17",598,27103904,0.638
"599","20151.17",599,27154766,0.606
"600","20151.17",600,27191205,0.445
"601","20151.17",601,27226489,-0.331
"602","20151.17",602,27275340,-0.09
"603","20151.17",603,27310105,0.409
"604","20151.17",604,27349180,0.573
"605","20151.17",605,27393500,0.505
"606","20151.17",606,27417576,0.402
"607","20151.17",607,27472851,0.48
"608","20151.17",608,27497819,0.116
"609","20151.17",609,27539542,0.569
"610","20151.17",610,27580001,0.694
"611","20151.17",611,27627012,0.666
"612","20151.17",612,27668738,0.324
"613","20151.17",613,27702516,0.75
"614","20151.17",614,27753707,0.962
"615","20151.17",615,27786911,0.4
"616","20151.17",616,27830498,0.514
"617","20151.17",617,27867266,0.157
"618","20151.17",618,27913595,-0.101
"619","20151.17",619,27952419,0.599
"620","20151.17",620,27994985,0.806
"621","20151.17",621,28033355,0.461
"622","20151.17",622,28064439,0.665
"623","20151.17",623,28100143,0.377
"624","20151.17",624,28147350,0.854
"625","20151.17",625,28190653,0.62
"626","20151.17",626,28220211,0.752
"627","20151.17",627,28263027,0.47
"628","20151.17",628,28308242,0.789
"629","20151.17",629,28345911,1.017
"630","20151.17",630,28380125,0.764
"631","20151.17",631,28426761,0.471
"632","20151.17",632,28469732,0.526
"633","20151.17",633,28512470,0.386
"634","20151.17",634,28542904,-0.024
"635","20151.17",635,28587935,0.53
"636","20151.17",636,28616343,0.022
"637","20151.17",637,28666346,0.52
"638","20151.17",638,28704348,-0.854
"639","20151.17",639,28747142,0.648
"640","20151.17",640,28788820,1.02
"641","20151.17",641,28832032,0.511
"642","20151.17",642,28866284,0.539
"643","20151.17",643,28910444,0.429
"644","20151.17",644,28945507,0.185
"645","20151.17",645,28982813,-0.041
"646","20151.17",646,29022657,0.138
"647","20151.17",647,29070145,0.402
"648","20151.17",648,29096750,0.939
"649","20151.17",649,29150635,-0.814
"650","20151.17",650,29179447,0.493
"651","20151.17",651,29229375,0.535
"652","20151.17",652,29265000,0.43
"653","20151.17",653,29312620,0.192
"654","20151.17",654,29350267,0.459
"655","20151.17",655,29390386,0.591
"656","20151.17",656,29419885,0.376
"657","20151.17",657,29462261,0.827
"658","20151.17",658,29496375,0.861
"659","20151.17",659,29540448,-0.029
"660","20151.17",660,29588956,0.374
"661","20151.17",661,29632869,0.652
"662","20151.17",662,29673972,0.208
"663","20151.17",663,29701254,0.569
"664","20151.17",664,29746381,0.736
"665","20151.17",665,29786392,0.687
"666","20151.17",666,29830790,0.61
"667","20151.17",667,29871494,-0.015
"668","20151.17",668,29915353,0.926
"669","20151.17",669,29939345,0.005
"670","20151.17",670,29987976,0.585
"671","20151.17",671,30032365,0.742
"672","20151.17",672,30070167,0.441
"673","20151.17",673,30113645,0.176
"674","20151.17",674,30153732,0.297
"675","20151.17",675,30179845,0.29
"676","20151.17",676,30220904,0.413
"677","20151.17",677,30271480,0.166
"678","20151.17",678,30303400,0.458
"679","20151.17",679,30352870,0.237
"680","20151.17",680,30385190,0.294
"681","20151.17",681,30425297,0.1
"682","20151.17",682,30457597,0.158
"683","20151.17",683,30501923,0.749
"684","20151.17",684,30539743,1.204
"685","20151.17",685,30576646,0.666
"686","20151.17",686,30616635,0.387
"687","20151.17",687,30656596,0.716
"688","20151.17",688,30712325,0.528
"689","20151.17",689,30742507,0.725
"690","20151.17",690,30781933,0.513
"691","20151.17",691,30833373,0.636
"692","20151.17",692,30860594,0.899
"693","20151.17",693,30899917,0.743
"694","20151.17",694,30936856,0.495
"695","20151.17",695,30986947,0.829
"696","20151.17",696,31019963,0.779
"697","20151.17",697,31073089,0.47
"698","20151.17",698,31112800,0.759
"699","20151.17",699,31146978,0.268
"700","20151.17",700,31180411,0.657
"701","20151.17",701,31235757,0.633
"702","20151.17",702,31269391,0.413
"703","20151.17",703,31301458,0.467
"704","20151.17",704,31354447,0.523
"705","20151.17",705,31378136,0.659
"706","20151.17",706,31421960,1.118
"707","20151.17",707,31464484,0.475
"708","20151.17",708,31498168,0.291
"709","20151.17",709,31546438,0.61
"710","20151.17",710,31579884,0.732
"711","20151.17",711,31634169,0.385
"712","20151.17",712,31674417,1.002
"713","20151.17",713,31704684,0.439
"714","20151.17",714,31753310,0.404
"715","20151.17",715,31787704,0.561
"716","20151.17",716,31832685,0.576
"717","20151.17",717,31861596,0.554
"718","20151.17",718,31913809,0.961
"719","20151.17",719,31947528,0.426
"720","20151.17",720,31991094,0.499
"721","20151.17",721,32021335,0.754
"722","20151.17",722,32060532,0.415
"723","20151.17",723,32110178,0.381
"724","20151.17",724,32138954,1.052
"725","20151.17",725,32179002,0.617
"726","20151.17",726,32227019,0.847
"727","20151.17",727,32275861,0.601
"728","20151.17",728,32312093,0.441
"729","20151.17",729,32354583,0.643
"730","20151.17",730,32381619,0.88
"731","20151.17",731,32421363,0.399
"732","20151.17",732,32474690,0.458
"733","20151.17",733,32503058,0.881
"734","20151.17",734,32552169,0.694
"735","20151.17",735,32578841,0.935
"736","20151.17",736,32615913,0.384
"737","20151.17",737,32675332,0.833
"738","20151.17",738,32699732,0.409
"739","20151.17",739,32744447,0.404
"740","20151.17",740,32788423,0.624
"741","20151.17",741,32822328,0.753
"742","20151.17",742,32861054,0.639
"743","20151.17",743,32911516,-0.401
"744","20151.17",744,32949950,-0.32
"745","20151.17",745,32984506,0.45
"746","20151.17",746,33028406,0.462
"747","20151.17",747,33063056,0.245
"748","20151.17",748,33111265,0.538
"749","20151.17",749,33141175,0.4
"750","20151.17",750,33191312,0.496
"751","20151.17",751,33231702,0.105
"752","20151.17",752,33272219,0.825
"753","20151.17",753,33301769,0.45
"754","20151.17",754,33349474,0.856
"755","20151.17",755,33381172,0.744
"756","20151.17",756,33420559,0.273
"757","20151.17",757,33473917,0.645
"758","20151.17",758,33513800,0.475
"759","20151.17",759,33542961,0.987
"760","20151.17",760,33593433,0.858
"761","20151.17",761,33622239,0.675
"762","20151.17",762,33662859,0.068
"763","20151.17",763,33715639,0.227
"764","20151.17",764,33746512,0.426
"765","20151.17",765,33788645,0.324
"766","20151.17",766,33818096,0.209
"767","20151.17",767,33868155,0.689
"768","20151.17",768,33907937,0.405
"769","20151.17",769,33951317,0.56
"770","20151.17",770,33993669,0.745
"771","20151.17",771,34032295,0.518
"772","20151.17",772,34065107,0.03
"773","20151.17",773,34113931,0.133
"774","20151.17",774,34146501,0.444
"775","20151.17",775,34185191,0.507
"776","20151.17",776,34231751,0.387
"777","20151.17",777,34262024,1.058
"778","20151.17",778,34306629,0.785
"779","20151.17",779,34341353,0.435
"780","20151.17",780,34392750,0.572
"781","20151.17",781,34433609,1.123
"782","20151.17",782,34474489,-1.296
"783","20151.17",783,34514120,-1.011
"784","20151.17",784,34540994,0.808
"785","20151.17",785,34605701,0.822
"786","20151.17",786,34640670,0.747
"787","20151.17",787,34738038,0.359
"788","20151.17",788,34780245,0.284
"789","20151.17",789,34813189,0.781
"790","20151.17",790,34847655,0.018
"791","20151.17",791,34893306,0.207
"792","20151.17",792,34942350,0.158
"793","20151.17",793,34975203,0.785
"794","20151.17",794,35011179,-0.004
"795","20151.17",795,35051276,0.348
"796","20151.17",796,35101507,0.411
"797","20151.17",797,35136426,0.753
"798","20151.17",798,35180114,0.489
"799","20151.17",799,35210814,0.642
"800","20151.17",800,35259741,0.303
"801","20151.17",801,35286170,0.179
"802","20151.17",802,35338595,0.652
"803","20151.17",803,35371123,0.485
"804","20151.17",804,35410310,0.9
"805","20151.17",805,35462895,0.567
"806","20151.17",806,35495408,0.522
"807","20151.17",807,35534768,0.831
"808","20151.17",808,35572097,0.669
"809","20151.17",809,35608492,0.971
"810","20151.17",810,35646521,0.819
"811","20151.17",811,35696303,0.35
"812","20151.17",812,35733243,0.461
"813","20151.17",813,35771326,0.326
"814","20151.17",814,35816662,0.522
"815","20151.17",815,35860699,0.341
"816","20151.17",816,35890557,0.868
"817","20151.17",817,35944811,0.753
"818","20151.17",818,35965982,0.045
"819","20151.17",819,36006500,1.104
"820","20151.17",820,36065614,0.791
"821","20151.17",821,36094205,0.154
"822","20151.17",822,36134642,0.775
"823","20151.17",823,36185403,0.462
"824","20151.17",824,36223649,0.407
"825","20151.17",825,36253653,0.571
"826","20151.17",826,36260798,0.45
"827","20151.17",827,36302857,1.113
"828","20151.17",828,36329949,0.191
"829","20151.17",829,36330004,0.154
"830","20151.17",830,36356832,0.891
"831","20151.17",831,36391191,0.504
"832","20151.17",832,36431145,0.477
"833","20151.17",833,36467161,0.365
"834","20151.17",834,36512883,0.327
"835","20151.17",835,36559957,0.624
"836","20151.17",836,36599218,0.419
"837","20151.17",837,36643582,-0.329
"838","20151.17",838,36685766,-0.148
"839","20151.17",839,36709630,0.281
"840","20151.17",840,36753778,0.683
"841","20151.17",841,36796726,0.613
"842","20151.17",842,36840781,0.102
"843","20151.17",843,36870471,0.203
"844","20151.17",844,36907461,-0.058
"845","20151.17",845,36966131,0.602
"846","20151.17",846,36991523,0.307
"847","20151.17",847,37034518,0.395
"848","20151.17",848,37073711,0.639
"849","20151.17",849,37119235,0.742
"850","20151.17",850,37152465,0.376
"851","20151.17",851,37196029,0.411
"852","20151.17",852,37226746,0.789
"853","20151.17",853,37281712,0.729
"854","20151.17",854,37320887,0.725
"855","20151.17",855,37359078,0.049
"856","20151.17",856,37404756,0.494
"857","20151.17",857,37438911,0.683
"858","20151.17",858,37474540,0.171
"859","20151.17",859,37522828,0.428
"860","20151.17",860,37563995,0.179
"861","20151.17",861,37588083,0.854
"862","20151.17",862,37627205,0.886
"863","20151.17",863,37682139,0.563
"864","20151.17",864,37713841,0.6
"865","20151.17",865,37765502,-0.367
"866","20151.17",866,37795557,0.329
"867","20151.17",867,37834392,0.61
"868","20151.17",868,37875671,0.61
"869","20151.17",869,37921856,0.567
"870","20151.17",870,37965300,0.635
"871","20151.17",871,37990384,0.435
"872","20151.17",872,38043236,0.33
"873","20151.17",873,38085561,0.605
"874","20151.17",874,38115286,0.303
"875","20151.17",875,38150138,0.59
"876","20151.17",876,38197699,0.987
"877","20151.17",877,38242736,0.427
"878","20151.17",878,38274665,0.227
"879","20151.17",879,38312417,0.479
"880","20151.17",880,38358193,0.218
"881","20151.17",881,38387089,0.575
"882","20151.17",882,38440550,0.667
"883","20151.17",883,38472408,0.909
"884","20151.17",884,38525502,0.336
"885","20151.17",885,38558775,0.937
"886","20151.17",886,38592687,0.269
"887","20151.17",887,38642828,0.405
"888","20151.17",888,38671856,0.801
"889","20151.17",889,38716809,0.853
"890","20151.17",890,38747275,0.692
"891","20151.17",891,38786913,0.112
"892","20151.17",892,38835237,0.496
"893","20151.17",893,38873726,0.568
"894","20151.17",894,38926096,0.57
"895","20151.17",895,38957723,0.627
"896","20151.17",896,38999182,0.574
"897","20151.17",897,39040040,0.74
"898","20151.17",898,39085854,0.461
"899","20151.17",899,39112791,0.684
"900","20151.17",900,39148643,0.322
"901","20151.17",901,39193623,0.687
"902","20151.17",902,39231876,0.584
"903","20151.17",903,39273269,0.705
"904","20151.17",904,39318802,0.829
"905","20151.17",905,39351905,0.541
"906","20151.17",906,39402513,0.415
"907","20151.17",907,39435200,0.638
"908","20151.17",908,39468584,0.731
"909","20151.17",909,39508559,1.359
"910","20151.17",910,39548232,0.632
"911","20151.17",911,39591258,0.633
"912","20151.17",912,39639689,1.05
"913","20151.17",913,39679512,0.235
"914","20151.17",914,39718816,0.712
"915","20151.17",915,39751235,0.29
"916","20151.17",916,39799972,0.833
"917","20151.17",917,39846407,0.649
"918","20151.17",918,39866986,0.481
"919","20151.17",919,39907210,0.545
"920","20151.17",920,39962893,-0.276
"921","20151.17",921,39987048,0.276
"922","20151.17",922,40034904,-0.315
"923","20151.17",923,40073922,0.452
"924","20151.17",924,40117636,-0.621
"925","20151.17",925,40161594,0.46
"926","20151.17",926,40193478,-0.698
"927","20151.17",927,40242123,0.335
"928","20151.17",928,40279019,0.448
"929","20151.17",929,40318686,0.449
"930","20151.17",930,40364427,0.617
"931","20151.17",931,40404405,0.781
"932","20151.17",932,40426718,0.099
"933","20151.17",933,40469110,0.686
"934","20151.17",934,40512893,0.852
"935","20151.17",935,40559353,0.059
"936","20151.17",936,40605123,0.468
"937","20151.17",937,40628166,1.107
"938","20151.17",938,40685294,-1.016
"939","20151.17",939,40725159,0.361
"940","20151.17",940,40760159,0.709
"941","20151.17",941,40797715,0.449
"942","20151.17",942,40844844,0.199
"943","20151.17",943,40876385,0.623
"944","20151.17",944,40916465,0.104
"945","20151.17",945,40963453,0.847
"946","20151.17",946,40994385,0.777
"947","20151.17",947,41042262,0.447
"948","20151.17",948,41074842,0.73
"949","20151.17",949,41120799,0.743
"950","20151.17",950,41162457,0.351
"951","20151.17",951,41196276,0.549
"952","20151.17",952,41246353,1.088
"953","20151.17",953,41283005,0.049
"954","20151.17",954,41309002,0.105
"955","20151.17",955,41346577,0.765
"956","20151.17",956,41360114,0.729
"957","20151.17",957,41393737,0.221
"958","20151.17",958,41429412,0.545
"959","20151.17",959,41478569,0.842
"960","20151.17",960,41520596,0.552
"961","20151.17",961,41553360,0.394
"962","20151.17",962,41597838,0.365
"963","20151.17",963,41625247,0.589
"964","20151.17",964,41682971,0.259
"965","20151.17",965,41710589,0.422
"966","20151.17",966,41760489,0.393
"967","20151.17",967,41799542,0.095
"968","20151.17",968,41843140,0.007
"969","20151.17",969,41867525,0.812
"970","20151.17",970,41917856,0.364
"971","20151.17",971,41961442,0.468
"972","20151.17",972,42002088,0.344
"973","20151.17",973,42043532,0.741
"974","20151.17",974,42077881,0.311
"975","20151.17",975,42107993,0.603
"976","20151.17",976,42144833,-0.822
"977","20151.17",977,42201642,-0.87
"978","20151.17",978,42224493,-0.049
"979","20151.17",979,42281431,-0.069
"980","20151.17",980,42323507,0.34
"981","20151.17",981,42355377,0.846
"982","20151.17",982,42388907,-0.092
"983","20151.17",983,42437804,0.383
"984","20151.17",984,42478371,0.55
"985","20151.17",985,42509613,0.678
"986","20151.17",986,42544900,0.452
"987","20151.17",987,42586141,0.191
"988","20151.17",988,42632683,-0.493
"989","20151.17",989,42666337,0.474
"990","20151.17",990,42719047,0.759
"991","20151.17",991,42762944,0.959
"992","20151.17",992,42794281,0.547
"993","20151.17",993,42828783,0.385
"994","20151.17",994,42875504,0.785
"995","20151.17",995,42920659,0.593
"996","20151.17",996,42960231,0.759
"997","20151.17",997,42986684,0.107
"998","20151.17",998,43041642,-0.101
"999","20151.17",999,43079229,0.478
"1000","20151.17",1000,43116633,0.768
"1001","20151.17",1001,43145338,0.791
"1002","20151.17",1002,43193260,0.157
"1003","20151.17",1003,43228685,0.763
"1004","20151.17",1004,43266602,0.349
"1005","20151.17",1005,43307801,-0.028
"1006","20151.17",1006,43363496,0.793
"1007","20151.17",1007,43391172,0.457
"1008","20151.17",1008,43440685,0.527
"1009","20151.17",1009,43478921,0.218
"1010","20151.17",1010,43512600,-0.031
"1011","20151.17",1011,43549527,0.958
"1012","20151.17",1012,43600173,0.586
"1013","20151.17",1013,43633111,0.677
"1014","20151.17",1014,43670212,0.798
"1015","20151.17",1015,43722848,0.593
"1016","20151.17",1016,43753194,0.76
"1017","20151.17",1017,43802572,0.699
"1018","20151.17",1018,43841953,0.821
"1019","20151.17",1019,43864838,0.353
"1020","20151.17",1020,43918860,0.663
"1021","20151.17",1021,43962600,0.293
"1022","20151.17",1022,43994784,0.574
"1023","20151.17",1023,44038242,0.728
"1024","20151.17",1024,44081820,0.286
"1025","20151.17",1025,44120854,0.795
"1026","20151.17",1026,44156158,-0.388
"1027","20151.17",1027,44198240,0.931
"1028","20151.17",1028,44228961,1.632
"1029","20151.17",1029,44281017,0.71
"1030","20151.17",1030,44320462,0.18
"1031","20151.17",1031,44351309,1.023
"1032","20151.17",1032,44387469,0.793
"1033","20151.17",1033,44432859,0.598
"1034","20151.17",1034,44474107,0.924
"1035","20151.17",1035,44517537,1.112
"1036","20151.17",1036,44555677,1.127
"1037","20151.17",1037,44585219,0.949
"1038","20151.17",1038,44644038,0.934
"1039","20151.17",1039,44679008,0.511
"1040","20151.17",1040,44721315,0.925
"1041","20151.17",1041,44756001,0.865
"1042","20151.17",1042,44789978,0.455
"1043","20151.17",1043,44829682,0.563
"1044","20151.17",1044,44873133,0.295
"1045","20151.17",1045,44921160,-0.01
"1046","20151.17",1046,44949036,0.411
"1047","20151.17",1047,44998025,0.539
"1048","20151.17",1048,45042338,0.567
"1049","20151.17",1049,45072040,-0.082
"1050","20151.17",1050,45124788,0.679
"1051","20151.17",1051,45151342,0.084
"1052","20151.17",1052,45203644,0.537
"1053","20151.17",1053,45230693,0.732
"1054","20151.17",1054,45277813,0.554
"1055","20151.17",1055,45312869,0.4
"1056","20151.17",1056,45351074,0.635
"1057","20151.17",1057,45402105,-0.732
"1058","20151.17",1058,45443734,0.559
"1059","20151.17",1059,45465191,0.25
"1060","20151.17",1060,45516290,0.504
"1061","20151.17",1061,45560195,0.654
"1062","20151.17",1062,45600060,0.727
"1063","20151.17",1063,45637892,0.856
"1064","20151.17",1064,45681068,0.73
"1065","20151.17",1065,45708241,0.726
"1066","20151.17",1066,45755396,0.873
"1067","20151.17",1067,45796277,0.712
"1068","20151.17",1068,45836672,0.497
"1069","20151.17",1069,45875284,0.288
"1070","20151.17",1070,45912334,0.741
"1071","20151.17",1071,45947194,0.827
"1072","20151.17",1072,45995601,0.821
"1073","20151.17",1073,46039728,0.181
"1074","20151.17",1074,46070270,0.623
"1075","20151.17",1075,46106676,0.167
"1076","20151.17",1076,46147168,0.619
"1077","20151.17",1077,46203070,0.605
"1078","20151.17",1078,46228482,0.839
"1079","20151.17",1079,46272479,1.057
"1080","20151.17",1080,46324177,0.366
"1081","20151.17",1081,46352753,1.074
"1082","20151.17",1082,46393954,0.759
"1083","20151.17",1083,46440828,0.845
"1084","20151.17",1084,46467974,0.444
"1085","20151.17",1085,46510371,-0.349
"1086","20151.17",1086,46553642,0.928
"1087","20151.17",1087,46593823,0.629
"1088","20151.17",1088,46637702,0.128
"1089","20151.17",1089,46666265,0.604
"1090","20151.17",1090,46715711,0.442
"1091","20151.17",1091,46756884,0.78
"1092","20151.17",1092,46798168,0.807
"1093","20151.17",1093,46833186,0.805
"1094","20151.17",1094,46869990,0.681
"1095","20151.17",1095,46924433,0.871
"1096","20151.17",1096,46959962,0.574
"1097","20151.17",1097,46991662,0.189
"1098","20151.17",1098,47043066,0.434
"1099","20151.17",1099,47078156,0.202
"1100","20151.17",1100,47121597,0.513
"1101","20151.17",1101,47154665,0.592
"1102","20151.17",1102,47186768,0.563
"1103","20151.17",1103,47241519,0.409
"1104","20151.17",1104,47283371,0.865
"1105","20151.17",1105,47316520,0.853
"1106","20151.17",1106,47357812,0.368
"1107","20151.17",1107,47393729,0.888
"1108","20151.17",1108,47437306,0.501
"1109","20151.17",1109,47479007,0.558
"1110","20151.17",1110,47523810,0.656
"1111","20151.17",1111,47546778,0.461
"1112","20151.17",1112,47599735,0.357
"1113","20151.17",1113,47636352,0.456
"1114","20151.17",1114,47681790,0.728
"1115","20151.17",1115,47708901,0.489
"1116","20151.17",1116,47749667,0.52
"1117","20151.17",1117,47787246,0.433
"1118","20151.17",1118,47837136,0.274
"1119","20151.17",1119,47876087,0.449
"1120","20151.17",1120,47907932,0.15
"1121","20151.17",1121,47961498,0.34
"1122","20151.17",1122,47994124,0.052
"1123","20151.17",1123,48033942,0.647
"1124","20151.17",1124,48077391,0.542
"1125","20151.17",1125,48120337,0.262
"1126","20151.17",1126,48161871,0.63
"1127","20151.17",1127,48185157,0.238
"1128","20151.17",1128,48237525,0.667
"1129","20151.17",1129,48276252,0.392
"1130","20151.17",1130,48309628,0.555
"1131","20151.17",1131,48364539,0.187
"1132","20151.17",1132,48398170,0.476
"1133","20151.17",1133,48429534,0.573
"1134","20151.17",1134,48483450,0.614
"1135","20151.17",1135,48510064,0.11
"1136","20151.17",1136,48562586,0.457
"1137","20151.17",1137,48594759,0.07
"1138","20151.17",1138,48630233,0.038
"1139","20151.17",1139,48667324,0.164
"1140","20151.17",1140,48706287,0.299
"1141","20151.17",1141,48754744,0.649
"1142","20151.17",1142,48798768,-0.093
"1143","20151.17",1143,48840594,0.308
"1144","20151.17",1144,48868691,0.217
"1145","20151.17",1145,48916261,0.631
"1146","20151.17",1146,48952433,-0.138
"1147","20151.17",1147,49001480,0.263
"1148","20151.17",1148,49038521,0.34
"1149","20151.17",1149,49079111,0.603
"1150","20151.17",1150,49113422,0.612
"1151","20151.17",1151,49145797,0.97
"1152","20151.17",1152,49185340,0.378
"1153","20151.17",1153,49233077,0.361
"1154","20151.17",1154,49275383,0.305
"1155","20151.17",1155,49317338,0.351
"1156","20151.17",1156,49354972,0.828
"1157","20151.17",1157,49403661,0.413
"1158","20151.17",1158,49427560,0.603
"1159","20151.17",1159,49482792,0.276
"1160","20151.17",1160,49509020,0.856
"1161","20151.17",1161,49564220,0.566
"1162","20151.17",1162,49603064,0.766
"1163","20151.17",1163,49637461,0.875
"1164","20151.17",1164,49671982,0.872
"1165","20151.17",1165,49715327,0.585
"1166","20151.17",1166,49750651,0.731
"1167","20151.17",1167,49799770,0.707
"1168","20151.17",1168,49827201,0.742
"1169","20151.17",1169,49875548,0.725
"1170","20151.17",1170,49916193,0.294
"1171","20151.17",1171,49949680,0.752
"1172","20151.17",1172,49999837,0.547
"1173","20151.17",1173,50038452,0.919
"1174","20151.17",1174,50077615,1.113
"1175","20151.17",1175,50115223,0.958
"1176","20151.17",1176,50155757,0.753
"1177","20151.17",1177,50191489,0.934
"1178","20151.17",1178,50232763,0.648
"1179","20151.17",1179,50271607,0.885
"1180","20151.17",1180,50321944,0.558
"1181","20151.17",1181,50349144,0.514
"1182","20151.17",1182,50394518,0.632
"1183","20151.17",1183,50444378,0.846
"1184","20151.17",1184,50473171,0.819
"1185","20151.17",1185,50514768,0.718
"1186","20151.17",1186,50553058,0.448
"1187","20151.17",1187,50587090,1.035
"1188","20151.17",1188,50641345,0.492
"1189","20151.17",1189,50682312,1.053
"1190","20151.17",1190,50715903,1.05
"1191","20151.17",1191,50759203,0.473
"1192","20151.17",1192,50786471,0.784
"1193","20151.17",1193,50833778,0.758
"1194","20151.17",1194,50877388,0.761
"1195","20151.17",1195,50913381,0.73
"1196","20151.17",1196,50950417,0.647
"1197","20151.17",1197,51002353,0.623
"1198","20151.17",1198,51041686,0.225
"1199","20151.17",1199,51083412,0.611
"1200","20151.17",1200,51112792,0.556
"1201","20151.17",1201,51162973,0.534
"1202","20151.17",1202,51186176,0.784
"1203","20151.17",1203,51237446,0.579
"1204","20151.17",1204,51280032,0.765
"1205","20151.17",1205,51316876,0.55
"1206","20151.17",1206,51347994,0.752
"1207","20151.17",1207,51400445,0.714
"1208","20151.17",1208,51427463,1.034
"1209","20151.17",1209,51476168,0.801
"1210","20151.17",1210,51513555,0.271
"1211","20151.17",1211,51557517,0.793
"1212","20151.17",1212,51590184,0.832
"1213","20151.17",1213,51644131,0.273
"1214","20151.17",1214,51675296,1.002
"1215","20151.17",1215,51711331,0.973
"1216","20151.17",1216,51757483,0.598
"1217","20151.17",1217,51785058,0.751
"1218","20151.17",1218,51831386,0.84
"1219","20151.17",1219,51882296,0.452
"1220","20151.17",1220,51913604,0.764
"1221","20151.17",1221,51955835,0.389
"1222","20151.17",1222,51985720,0.118
"1223","20151.17",1223,52040582,0.523
"1224","20151.17",1224,52078505,0.711
"1225","20151.17",1225,52112146,0.866
"1226","20151.17",1226,52154825,0.63
"1227","20151.17",1227,52186149,0.785
"1228","20151.17",1228,52229358,0.282
"1229","20151.17",1229,52271103,0.932
"1230","20151.17",1230,52306865,0.765
"1231","20151.17",1231,52362767,0.774
"1232","20151.17",1232,52388239,1.201
"1233","20151.17",1233,52438806,0.495
"1234","20151.17",1234,52484875,0.386
"1235","20151.17",1235,52505423,0.681
"1236","20151.17",1236,52560886,0.592
"1237","20151.17",1237,52604623,0.619
"1238","20151.17",1238,52637192,0.568
"1239","20151.17",1239,52678683,0.62
"1240","20151.17",1240,52705989,0.976
"1241","20151.17",1241,52758957,0.743
"1242","20151.17",1242,52794094,0.636
"1243","20151.17",1243,52838820,0.507
"1244","20151.17",1244,52866835,0.397
"1245","20151.17",1245,52921204,0.692
"1246","20151.17",1246,52963950,0.85
"1247","20151.17",1247,52989069,0.436
"1248","20151.17",1248,53025261,0.826
"1249","20151.17",1249,53071974,0.681
"1250","20151.17",1250,53111536,0.703
"1251","20151.17",1251,53155922,0.889
"1252","20151.17",1252,53191219,0.666
"1253","20151.17",1253,53235701,0.397
"1254","20151.17",1254,53272533,0.719
"1255","20151.17",1255,53308979,0.361
"1256","20151.17",1256,53359374,0.729
"1257","20151.17",1257,53398722,0.75
"1258","20151.17",1258,53443779,0.581
"1259","20151.17",1259,53477161,0.663
"1260","20151.17",1260,53513048,0.43
"1261","20151.17",1261,53557268,0.692
"1262","20151.17",1262,53589554,0.653
"1263","20151.17",1263,53641329,0.911
"1264","20151.17",1264,53679299,0.511
"1265","20151.17",1265,53718368,0.4
"1266","20151.17",1266,53751305,0.625
"1267","20151.17",1267,53794990,0.831
"1268","20151.17",1268,53841240,0.697
"1269","20151.17",1269,53870079,0.822
"1270","20151.17",1270,53921021,0.735
"1271","20151.17",1271,53948868,0.592
"1272","20151.17",1272,53999814,0.773
"1273","20151.17",1273,54041496,0.469
"1274","20151.17",1274,54065053,0.702
"1275","20151.17",1275,54117488,1.111
"1276","20151.17",1276,54152450,0.76
"1277","20151.17",1277,54197664,0.812
"1278","20151.17",1278,54242686,0.811
"1279","20151.17",1279,54272855,0.486
"1280","20151.17",1280,54308523,0.911
"1281","20151.17",1281,54348056,0.874
"1282","20151.17",1282,54389510,0.34
"1283","20151.17",1283,54436055,1.11
"1284","20151.17",1284,54474847,0.84
"1285","20151.17",1285,54507347,0.751
"1286","20151.17",1286,54559656,0.896
"1287","20151.17",1287,54585051,0.749
"1288","20151.17",1288,54632670,0.827
"1289","20151.17",1289,54681321,0.645
"1290","20151.17",1290,54718854,0.185
"1291","20151.17",1291,54755151,0.664
"1292","20151.17",1292,54796423,0.952
"1293","20151.17",1293,54839528,0.692
"1294","20151.17",1294,54881805,0.768
"1295","20151.17",1295,54912670,-0.322
"1296","20151.17",1296,54962741,0.387
"1297","20151.17",1297,54987695,0.232
"1298","20151.17",1298,55028167,0.393
"1299","20151.17",1299,55071747,0.778
"1300","20151.17",1300,55107735,0.514
"1301","20151.17",1301,55145045,0.278
"1302","20151.17",1302,55197645,0.331
"1303","20151.17",1303,55236092,0.45
"1304","20151.17",1304,55284012,0.698
"1305","20151.17",1305,55312648,0.437
"1306","20151.17",1306,55363192,0.521
"1307","20151.17",1307,55389911,0.716
"1308","20151.17",1308,55439749,0.744
"1309","20151.17",1309,55472734,0.251
"1310","20151.17",1310,55514490,0.696
"1311","20151.17",1311,55556196,0.971
"1312","20151.17",1312,55593467,0.456
"1313","20151.17",1313,55639461,0.998
"1314","20151.17",1314,55677277,0.574
"1315","20151.17",1315,55710377,0.581
"1316","20151.17",1316,55761616,0.182
"1317","20151.17",1317,55800440,0.278
"1318","20151.17",1318,55837888,0.761
"1319","20151.17",1319,55879694,0.762
"1320","20151.17",1320,55916225,0.613
"1321","20151.17",1321,55947082,0.241
"1322","20151.17",1322,56000105,0.528
"1323","20151.17",1323,56043592,0.179
"1324","20151.17",1324,56074215,0.911
"1325","20151.17",1325,56118820,0.802
"1326","20151.17",1326,56147834,0.225
"1327","20151.17",1327,56189130,0.229
"1328","20151.17",1328,56225625,-0.105
"1329","20151.17",1329,56279286,0.642
"1330","20151.17",1330,56315857,0.659
"1331","20151.17",1331,56360958,0.319
"1332","20151.17",1332,56392628,0.214
"1333","20151.17",1333,56428932,-0.909
"1334","20151.17",1334,56478024,0.732
"1335","20151.17",1335,56510771,0.55
"1336","20151.17",1336,56557664,0.414
"1337","20151.17",1337,56587576,0.128
"1338","20151.17",1338,56636707,0.315
"1339","20151.17",1339,56683198,0.355
"1340","20151.17",1340,56720570,0.517
"1341","20151.17",1341,56757059,0.902
"1342","20151.17",1342,56800447,0.236
"1343","20151.17",1343,56839323,0.323
"1344","20151.17",1344,56883619,0.619
"1345","20151.17",1345,56916015,0.27
"1346","20151.17",1346,56963711,0.88
"1347","20151.17",1347,56994933,0.559
"1348","20151.17",1348,57030493,0.377
"1349","20151.17",1349,57076112,0.928
"1350","20151.17",1350,57109377,0.803
"1351","20151.17",1351,57147473,0.741
"1352","20151.17",1352,57196012,0.833
"1353","20151.17",1353,57237263,0.431
"1354","20151.17",1354,57271676,0.774
"1355","20151.17",1355,57321272,0.635
"1356","20151.17",1356,57361036,0.212
"1357","20151.17",1357,57392312,0.562
"1358","20151.17",1358,57434887,0.552
"1359","20151.17",1359,57467203,0.154
"1360","20151.17",1360,57512949,0.667
"1361","20151.17",1361,57565195,1.059
"1362","20151.17",1362,57602714,0.461
"1363","20151.17",1363,57638917,0.545
"1364","20151.17",1364,57676896,0.193
"1365","20151.17",1365,57724858,0.606
"1366","20151.17",1366,57748602,1.086
"1367","20151.17",1367,57789971,1.156
"1368","20151.17",1368,57842459,0.788
"1369","20151.17",1369,57873441,0.317
"1370","20151.17",1370,57919255,0.277
"1371","20151.17",1371,57948218,1.113
"1372","20151.17",1372,57998658,0.695
"1373","20151.17",1373,58028685,0.305
"1374","20151.17",1374,58078994,0.635
"1375","20151.17",1375,58112756,0.283
"1376","20151.17",1376,58146087,0.406
"1377","20151.17",1377,58189184,-0.089
"1378","20151.17",1378,58233086,-0.047
"1379","20151.17",1379,58285066,0.181
"1380","20151.17",1380,58307949,0.471
"1381","20151.17",1381,58349676,0.799
"1382","20151.17",1382,58389569,0.508
"1383","20151.17",1383,58429400,0.772
"1384","20151.17",1384,58480943,0.277
"1385","20151.17",1385,58507536,0.404
"1386","20151.17",1386,58550234,0.999
"1387","20151.17",1387,58590696,0.069
"1388","20151.17",1388,58632279,0.355
"1389","20151.17",1389,58675992,-0.436
"1390","20151.17",1390,58713367,0.157
"1391","20151.17",1391,58756080,0.899
"1392","20151.17",1392,58800489,0.07
"1393","20151.17",1393,58831941,0.21
"1394","20151.17",1394,58880710,0.45
"1395","20151.17",1395,58923780,0.52
"1396","20151.17",1396,58956778,0.971
"1397","20151.17",1397,59001635,0.691
"1398","20151.17",1398,59037514,0.411
"1399","20151.17",1399,59069472,0.296
"1400","20151.17",1400,59110302,1.178
"1401","20151.17",1401,59160279,1.186
"1402","20151.17",1402,59204417,0.752
"1403","20151.17",1403,59233776,0.733
"1404","20151.17",1404,59275045,0.783
"1405","20151.17",1405,59310082,0.659
"1406","20151.17",1406,59357849,0.54
"1407","20151.17",1407,59398650,0.347
"1408","20151.17",1408,59442163,-0.009
"1409","20151.17",1409,59467604,0.195
"1410","20151.17",1410,59519792,0.597
"1411","20151.17",1411,59549941,0.827
"1412","20151.17",1412,59587316,0.802
"1413","20151.17",1413,59627858,0.844
"1414","20151.17",1414,59680490,0.596
"1415","20151.17",1415,59713549,0.618
"1416","20151.17",1416,59746615,0.651
"1417","20151.17",1417,59786595,0.529
"1418","20151.17",1418,59841739,0.608
"1419","20151.17",1419,59872362,0.453
"1420","20151.17",1420,59920654,0.368
"1421","20151.17",1421,59951622,0.87
"1422","20151.17",1422,59985351,0.687
"1423","20151.17",1423,60030971,0.464
"1424","20151.17",1424,60074485,0.661
"1425","20151.17",1425,60108139,0.486
"1426","20151.17",1426,60163399,0.128
"1427","20151.17",1427,60197801,0.642
"1428","20151.17",1428,60228090,0.6
"1429","20151.17",1429,60282510,0.379
"1430","20151.17",1430,60309677,0.871
"1431","20151.17",1431,60361956,0.616
"1432","20151.17",1432,60397634,0.546
"1433","20151.17",1433,60445760,0.799
"1434","20151.17",1434,60482610,0.453
"1435","20151.17",1435,60512542,0.317
"1436","20151.17",1436,60560478,0.319
"1437","20151.17",1437,60604512,0.062
"1438","20151.17",1438,60634212,0.7
"1439","20151.17",1439,60685429,0.102
"1440","20151.17",1440,60719369,0.311
"1441","20151.17",1441,60764169,0.394
"1442","20151.17",1442,60801263,0.833
"1443","20151.17",1443,60837466,0.385
"1444","20151.17",1444,60884152,-0.553
"1445","20151.17",1445,60923763,0.92
"1446","20151.17",1446,60958554,0.526
"1447","20151.17",1447,61001151,0.972
"1448","20151.17",1448,61038587,0.384
"1449","20151.17",1449,61070380,0.554
"1450","20151.17",1450,61109563,0.98
"1451","20151.17",1451,61155060,1.009
"1452","20151.17",1452,61201800,0.709
"1453","20151.17",1453,61226681,0.753
"1454","20151.17",1454,61272731,1.083
"1455","20151.17",1455,61317905,0.724
"1456","20151.17",1456,61354488,0.176
"1457","20151.17",1457,61390124,0.416
"1458","20151.17",1458,61430419,0.551
"1459","20151.17",1459,61469826,0.442
"1460","20151.17",1460,61509237,0.688
"1461","20151.17",1461,61563458,0.348
"1462","20151.17",1462,61603113,-0.689
"1463","20151.17",1463,61646193,0.604
"1464","20151.17",1464,61683837,0.414
"1465","20151.17",1465,61709079,0.498
"1466","20151.17",1466,61760625,0.342
"1467","20151.17",1467,61800920,0.774
"1468","20151.17",1468,61838399,0.558
"1469","20151.17",1469,61876950,0.758
"1470","20151.17",1470,61909281,0.432
"1471","20151.17",1471,61948023,0.56
"1472","20151.17",1472,61999383,0.622
"1473","20151.17",1473,62034166,0.53
"1474","20151.17",1474,62071031,0.42
"1475","20151.17",1475,62117037,1.056
"1476","20151.17",1476,62146333,0.664
"1477","20151.17",1477,62199255,0.225
"1478","20151.17",1478,62239248,0.508
"1479","20151.17",1479,62278275,0.347
"1480","20151.17",1480,62325181,0.973
"1481","20151.17",1481,62355107,0.388
"1482","20151.17",1482,62406265,0.661
"1483","20151.17",1483,62486788,0.652
"1484","20151.17",1484,62526079,0.576
"1485","20151.17",1485,62552379,0.629
"1486","20151.17",1486,62608168,0.483
"1487","20151.17",1487,62639717,0.444
"1488","20151.17",1488,62675544,0.338
"1489","20151.17",1489,62716517,0.068
"1490","20151.17",1490,62758611,0.573
"1491","20151.17",1491,62799588,0.299
"1492","20151.17",1492,62830131,0.601
"1493","20151.17",1493,62884826,0.677
"1494","20151.17",1494,62917179,0.592
"1495","20151.17",1495,62964195,-0.054
"1496","20151.17",1496,63004209,0.273
"1497","20151.17",1497,63042993,0.669
"1498","20151.17",1498,63087465,0.911
"1499","20151.17",1499,63123658,0.456
"1500","20151.17",1500,63165700,0.604
"1501","20151.17",1501,63198319,0.461
"1502","20151.17",1502,63246138,0.087
"1503","20151.17",1503,63273615,0.626
"1504","20151.17",1504,63325451,0.602
"1505","20151.17",1505,63356166,0.495
"1506","20151.17",1506,63393106,0.925
"1507","20151.17",1507,63439524,0.262
"1508","20151.17",1508,63472073,0.631
"1509","20151.17",1509,63525803,0.766
"1510","20151.17",1510,63553242,0.317
"1511","20151.17",1511,63599666,0.449
"1512","20151.17",1512,63629932,0.463
"1513","20151.17",1513,63687649,0.505
"1514","20151.17",1514,63722878,0.772
"1515","20151.17",1515,63752724,0.813
"1516","20151.17",1516,63794195,0.532
"1517","20151.17",1517,63843281,0.877
"1518","20151.17",1518,63885650,0.554
"1519","20151.17",1519,63912280,0.436
"1520","20151.17",1520,63963140,0.477
"1521","20151.17",1521,63990197,0.619
"1522","20151.17",1522,64029916,0.776
"1523","20151.17",1523,64071773,0.352
"1524","20151.17",1524,64117579,0.613
"1525","20151.17",1525,64162005,0.551
"1526","20151.17",1526,64207411,0.909
"1527","20151.17",1527,64241343,0.538
"1528","20151.17",1528,64281144,0.147
"1529","20151.17",1529,64325422,0.35
"1530","20151.17",1530,64358065,0.846
"1531","20151.17",1531,64400724,0.149
"1532","20151.17",1532,64444449,0.576
"1533","20151.17",1533,64485738,0.633
"1534","20151.17",1534,64521715,0.958
"1535","20151.17",1535,64569321,0.611
"1536","20151.17",1536,64607368,0.564
"1537","20151.17",1537,64636660,1.049
"1538","20151.17",1538,64685616,0.429
"1539","20151.17",1539,64711751,0.506
"1540","20151.17",1540,64768879,0.71
"1541","20151.17",1541,64800320,1.083
"1542","20151.17",1542,64842247,0.667
"1543","20151.17",1543,64888640,0.65
"1544","20151.17",1544,64922312,0.684
"1545","20151.17",1545,64953679,0.609
"1546","20151.17",1546,64999625,0.337
"1547","20151.17",1547,65045295,0.847
"1548","20151.17",1548,65086764,0.538
"1549","20151.17",1549,65121989,0.485
"1550","20151.17",1550,65160904,0.807
"1551","20151.17",1551,65192996,-0.092
"1552","20151.17",1552,65235369,0.117
"1553","20151.17",1553,65285529,0.03
"1554","20151.17",1554,65320545,0.494
"1555","20151.17",1555,65364944,0.597
"1556","20151.17",1556,65392122,0.374
"1557","20151.17",1557,65448990,0.18
"1558","20151.17",1558,65475239,0.748
"1559","20151.17",1559,65516181,0.951
"1560","20151.17",1560,65567805,0.626
"1561","20151.17",1561,65598257,0.462
"1562","20151.17",1562,65640209,0.719
"1563","20151.17",1563,65675852,0.96
"1564","20151.17",1564,65711231,0.534
"1565","20151.17",1565,65761126,0.352
"1566","20151.17",1566,65798281,0.525
"1567","20151.17",1567,65849328,0.723
"1568","20151.17",1568,65875166,0.691
"1569","20151.17",1569,65918512,0.934
"1570","20151.17",1570,65959023,1.012
"1571","20151.17",1571,66005259,0.281
"1572","20151.17",1572,66040580,0.19
"1573","20151.17",1573,66073704,0.585
"1574","20151.17",1574,66119061,0.062
"1575","20151.17",1575,66152306,0.579
"1576","20151.17",1576,66200136,-0.186
"1577","20151.17",1577,66247975,0.156
"1578","20151.17",1578,66275219,0.465
"1579","20151.17",1579,66317073,0.204
"1580","20151.17",1580,66359139,0.73
"1581","20151.17",1581,66396297,0.751
"1582","20151.17",1582,66439645,0.345
"1583","20151.17",1583,66481418,0.421
"1584","20151.17",1584,66526155,0.279
"1585","20151.17",1585,66554185,0.538
"1586","20151.17",1586,66599710,0.089
"1587","20151.17",1587,66641123,0.577
"1588","20151.17",1588,66678883,0.113
"1589","20151.17",1589,66708540,0.659
"1590","20151.17",1590,66761235,0.799
"1591","20151.17",1591,66805817,0.727
"1592","20151.17",1592,66844083,0.825
"1593","20151.17",1593,66885765,1.181
"1594","20151.17",1594,66927301,1.186
"1595","20151.17",1595,66953562,0.552
"1596","20151.17",1596,66992101,1.004
"1597","20151.17",1597,67031941,0.935
"1598","20151.17",1598,67083734,0.959
"1599","20151.17",1599,67115003,0.372
"1600","20151.17",1600,67157850,0.477
"1601","20151.17",1601,67202447,0.465
"1602","20151.17",1602,67237046,0.545
"1603","20151.17",1603,67283763,0.458
"1604","20151.17",1604,67324976,-0.307
"1605","20151.17",1605,67357795,0.689
"1606","20151.17",1606,67399321,0.558
"1607","20151.17",1607,67433834,0.068
"1608","20151.17",1608,67481651,0.339
"1609","20151.17",1609,67515896,0.77
"1610","20151.17",1610,67552742,1.068
"1611","20151.17",1611,67601742,0.616
"1612","20151.17",1612,67643375,0.534
"1613","20151.17",1613,67684593,0.529
"1614","20151.17",1614,67714518,0.861
"1615","20151.17",1615,67753923,0.937
"1616","20151.17",1616,67806450,0.828
"1617","20151.17",1617,67838756,0.399
"1618","20151.17",1618,67888250,0.64
"1619","20151.17",1619,67911407,0.602
"1620","20151.17",1620,67964450,0.83
"1621","20151.17",1621,67995955,0.417
"1622","20151.17",1622,68047232,0.859
"1623","20151.17",1623,68073415,0.505
"1624","20151.17",1624,68119894,0.885
"1625","20151.17",1625,68155122,0.351
"1626","20151.17",1626,68192551,0.668
"1627","20151.17",1627,68241470,0.957
"1628","20151.17",1628,68279936,0.776
"1629","20151.17",1629,68315915,0.688
"1630","20151.17",1630,68353108,0.595
"1631","20151.17",1631,68401391,0.736
"1632","20151.17",1632,68441814,0.849
"1633","20151.17",1633,68485317,0.994
"1634","20151.17",1634,68512712,0.587
"1635","20151.17",1635,68548851,0.907
"1636","20151.17",1636,68600650,0.118
"1637","20151.17",1637,68630234,0.704
"1638","20151.17",1638,68670769,0.566
"1639","20151.17",1639,68718706,0.867
"1640","20151.17",1640,68759586,0.53
"1641","20151.17",1641,68790108,1.099
"1642","20151.17",1642,68844871,0.449
"1643","20151.17",1643,68880322,1.169
"1644","20151.17",1644,68914600,0.543
"1645","20151.17",1645,68951676,0.454
"1646","20151.17",1646,68998234,0.643
"1647","20151.17",1647,69033142,0.514
"1648","20151.17",1648,69073240,1.252
"1649","20151.17",1649,69123183,0.224
"1650","20151.17",1650,69160128,0.843
"1651","20151.17",1651,69191959,0.521
"1652","20151.17",1652,69237790,0.573
"1653","20151.17",1653,69268888,0.583
"1654","20151.17",1654,69325066,0.85
"1655","20151.17",1655,69365739,1.055
"1656","20151.17",1656,69396456,0.748
"1657","20151.17",1657,69432410,0.816
"1658","20151.17",1658,69481118,0.773
"1659","20151.17",1659,69514084,0.706
"1660","20151.17",1660,69551801,0.464
"1661","20151.17",1661,69599791,0.749
"1662","20151.17",1662,69635732,0.824
"1663","20151.17",1663,69670834,0.152
"1664","20151.17",1664,69713784,0.333
"1665","20151.17",1665,69760632,0.461
"1666","20151.17",1666,69788861,0.946
"1667","20151.17",1667,69841535,0.688
"1668","20151.17",1668,69869042,0.342
"1669","20151.17",1669,69913707,0.431
"1670","20151.17",1670,69960633,0.661
"1671","20151.17",1671,69993930,0.859
"1672","20151.17",1672,70037101,0.629
"1673","20151.17",1673,70078922,0.778
"1674","20151.17",1674,70125538,0.199
"1675","20151.17",1675,70161549,0.607
"1676","20151.17",1676,70203425,0.697
"1677","20151.17",1677,70247573,0.404
"1678","20151.17",1678,70287108,1.324
"1679","20151.17",1679,70314952,0.619
"1680","20151.17",1680,70362765,0.496
"1681","20151.17",1681,70395390,0.566
"1682","20151.17",1682,70439132,0.343
"1683","20151.17",1683,70473428,0.654
"1684","20151.17",1684,70525218,0.48
"1685","20151.17",1685,70548927,0.519
"1686","20151.17",1686,70595210,0.55
"1687","20151.17",1687,70638736,-0.128
"1688","20151.17",1688,70687574,0.668
"1689","20151.17",1689,70708720,0.748
"1690","20151.17",1690,70762484,0.916
"1691","20151.17",1691,70790382,0.612
"1692","20151.17",1692,70844201,0.525
"1693","20151.17",1693,70882002,0.372
"1694","20151.17",1694,70913255,0.907
"1695","20151.17",1695,70958362,0.584
"1696","20151.17",1696,70989825,0.571
"1697","20151.17",1697,71036168,0.567
"1698","20151.17",1698,71082126,0.759
"1699","20151.17",1699,71123402,0.66
"1700","20151.17",1700,71157049,0.378
"1701","20151.17",1701,71202263,1.072
"1702","20151.17",1702,71233788,0.341
"1703","20151.17",1703,71280114,0.342
"1704","20151.17",1704,71316786,0.087
"1705","20151.17",1705,71353350,0.367
"1706","20151.17",1706,71393939,0.58
"1707","20151.17",1707,71442115,0.554
"1708","20151.17",1708,71470481,0.723
"1709","20151.17",1709,71508416,0.394
"1710","20151.17",1710,71561356,0.151
"1711","20151.17",1711,71603921,0.534
"1712","20151.17",1712,71647067,0.074
"1713","20151.17",1713,71675411,0.565
"1714","20151.17",1714,71719776,0.251
"1715","20151.17",1715,71767189,0.466
"1716","20151.17",1716,71798549,0.634
"1717","20151.17",1717,71830358,0.618
"1718","20151.17",1718,71875398,0.568
"1719","20151.17",1719,71909476,0.63
"1720","20151.17",1720,71960545,0.603
"1721","20151.17",1721,72000843,0.476
"1722","20151.17",1722,72029277,0.835
"1723","20151.17",1723,72082041,0.582
"1724","20151.17",1724,72117117,-0.044
"1725","20151.17",1725,72160371,0.443
"1726","20151.17",1726,72205622,-0.092
"1727","20151.17",1727,72237449,0.389
"1728","20151.17",1728,72271073,0.683
"1729","20151.17",1729,72309308,0.582
"1730","20151.17",1730,72363842,-0.048
"1731","20151.17",1731,72391588,0.466
"1732","20151.17",1732,72432079,-0.275
"1733","20151.17",1733,72482741,0.615
"1734","20151.17",1734,72526031,0.278
"1735","20151.17",1735,72564410,0.484
"1736","20151.17",1736,72592852,0.698
"1737","20151.17",1737,72645802,0.609
"1738","20151.17",1738,72674639,0.496
"1739","20151.17",1739,72719080,0.761
"1740","20151.17",1740,72750970,0.026
"1741","20151.17",1741,72799349,0.621
"1742","20151.17",1742,72829514,0.461
"1743","20151.17",1743,72879510,0.637
"1744","20151.17",1744,72915309,0.115
"1745","20151.17",1745,72952540,0.432
"1746","20151.17",1746,72993036,0.286
"1747","20151.17",1747,73038685,-0.118
"1748","20151.17",1748,73077611,0.081
"1749","20151.17",1749,73117977,0.371
"1750","20151.17",1750,73149123,-0.248
"1751","20151.17",1751,73202434,0.423
"1752","20151.17",1752,73231477,0.954
"1753","20151.17",1753,73282714,0.583
"1754","20151.17",1754,73328388,0.882
"1755","20151.17",1755,73348720,0.703
"1756","20151.17",1756,73391373,0.757
"1757","20151.17",1757,73429561,0.882
"1758","20151.17",1758,73475054,0.575
"1759","20151.17",1759,73514328,0.164
"1760","20151.17",1760,73549955,0.631
"1761","20151.17",1761,73608311,0.346
"1762","20151.17",1762,73638791,0.602
"1763","20151.17",1763,73669183,0.502
"1764","20151.17",1764,73715278,-0.493
"1765","20151.17",1765,73764661,-0.064
"1766","20151.17",1766,73792161,0.412
"1767","20151.17",1767,73846703,0.016
"1768","20151.17",1768,73876711,0.011
"1769","20151.17",1769,73926389,0.808
"1770","20151.17",1770,73958511,0.493
"1771","20151.17",1771,73999644,0.374
"1772","20151.17",1772,74044971,0.58
"1773","20151.17",1773,74077132,0.356
"1774","20151.17",1774,74108461,0.56
"1775","20151.17",1775,74155055,0.59
"1776","20151.17",1776,74194633,0.549
"1777","20151.17",1777,74242907,0.485
"1778","20151.17",1778,74287096,0.784
"1779","20151.17",1779,74309446,0.064
"1780","20151.17",1780,74350568,-0.536
"1781","20151.17",1781,74400581,0.52
"1782","20151.17",1782,74428431,0.434
"1783","20151.17",1783,74479689,0.433
"1784","20151.17",1784,74528144,0.245
"1785","20151.17",1785,74561056,0.561
"1786","20151.17",1786,74595963,0.367
"1787","20151.17",1787,74639335,0.215
"1788","20151.17",1788,74672054,0.789
"1789","20151.17",1789,74718116,0.67
"1790","20151.17",1790,74753613,0.709
"1791","20151.17",1791,74803618,-0.683
"1792","20151.17",1792,74830890,0.781
"1793","20151.17",1793,74871672,0.313
"1794","20151.17",1794,74925469,0.292
"1795","20151.17",1795,74967084,0.292
"1796","20151.17",1796,75006235,0.578
"1797","20151.17",1797,75045497,0.589
"1798","20151.17",1798,75072532,0.732
"1799","20151.17",1799,75124943,0.452
"1800","20151.17",1800,75166032,0.222
"1801","20151.17",1801,75192282,0.377
"1802","20151.17",1802,75238942,0.435
"1803","20151.17",1803,75271784,0.197
"1804","20151.17",1804,75312175,0.544
"1805","20151.17",1805,75349416,0.478
"1806","20151.17",1806,75399754,0.7
"1807","20151.17",1807,75440188,0.377
"1808","20151.17",1808,75469843,0.311
"1809","20151.17",1809,75508982,0.677
"1810","20151.17",1810,75556949,0.726
"1811","20151.17",1811,75589784,0.704
"1812","20151.17",1812,75647091,0.822
"1813","20151.17",1813,75683108,0.486
"1814","20151.17",1814,75717114,0.541
"1815","20151.17",1815,75759412,0.599
"1816","20151.17",1816,75796673,0.195
"1817","20151.17",1817,75847293,0.366
"1818","20151.17",1818,75881975,0.123
"1819","20151.17",1819,75912766,0.594
"1820","20151.17",1820,75960456,0.481
"1821","20151.17",1821,75992561,0.644
"1822","20151.17",1822,76034084,0.572
"1823","20151.17",1823,76072856,1.002
"1824","20151.17",1824,76110795,0.104
"1825","20151.17",1825,76151034,0.296
"1826","20151.17",1826,76204737,0.717
"1827","20151.17",1827,76239587,0.263
"1828","20151.17",1828,76276956,0.441
"1829","20151.17",1829,76310825,-1.241
"1830","20151.17",1830,76360360,0.413
"1831","20151.17",1831,76389839,0.831
"1832","20151.17",1832,76440584,0.286
"1833","20151.17",1833,76483980,0.168
"1834","20151.17",1834,76512159,0.527
"1835","20151.17",1835,76558182,0.519
"1836","20151.17",1836,76593924,0.136
"1837","20151.17",1837,76644710,0.313
"1838","20151.17",1838,76678384,0.866
"1839","20151.17",1839,76709629,0.255
"1840","20151.17",1840,76764546,0.183
"1841","20151.17",1841,76793095,0.596
"1842","20151.17",1842,76835423,-0.954
"1843","20151.17",1843,76883966,0.534
"1844","20151.17",1844,76913957,0.394
"1845","20151.17",1845,76960702,0.633
"1846","20151.17",1846,76998823,0.402
"1847","20151.17",1847,77032122,0.369
"1848","20151.17",1848,77080211,0.407
"1849","20151.17",1849,77117791,0.886
"1850","20151.17",1850,77168330,0.77
"1851","20151.17",1851,77201391,0.641
"1852","20151.17",1852,77236546,0.698
"1853","20151.17",1853,77279867,0.458
"1854","20151.17",1854,77322095,0.623
"1855","20151.17",1855,77351995,0.641
"1856","20151.17",1856,77403937,0.866
"1857","20151.17",1857,77447816,0.406
"1858","20151.17",1858,77470038,0.582
"1859","20151.17",1859,77520382,0.902
"1860","20151.17",1860,77599513,0.31
"1861","20151.17",1861,77635743,0.868
"1862","20151.17",1862,77667681,0.545
"1863","20151.17",1863,77707070,0.596
"1864","20151.17",1864,77748014,0.366
"1865","20151.17",1865,77802777,0.148
"1866","20151.17",1866,77840649,0.209
"1867","20151.17",1867,77874329,0.762
"1868","20151.17",1868,77906364,0.644
"1869","20151.17",1869,77964855,0.824
"1870","20151.17",1870,78001904,0.417
"1871","20151.17",1871,78026922,0.607
"1872","20151.17",1872,78076913,-0.009
"1873","20151.17",1873,78123575,0.136
"1874","20151.17",1874,78147004,0.147
"1875","20151.17",1875,78197793,-0.349
"1876","20151.17",1876,78237764,0.04
"1877","20151.17",1877,78272994,0.596
"1878","20151.17",1878,78313236,0.369
"1879","20151.17",1879,78351358,0.577
"1880","20151.17",1880,78392006,0.523
"1881","20151.17",1881,78440592,0.665
"1882","20151.17",1882,78469590,0.474
"1883","20151.17",1883,78522664,0.266
"1884","20151.17",1884,78554950,0.536
"1885","20151.17",1885,78588476,0.866
"1886","20151.17",1886,78641503,0.916
"1887","20151.17",1887,78665618,0.465
"1888","20151.17",1888,78713324,0.472
"1889","20151.17",1889,78763091,1.007
"1890","20151.17",1890,78787375,0.221
"1891","20151.17",1891,78841872,0.702
"1892","20151.17",1892,78868409,-0.306
"1893","20151.17",1893,78907068,0.559
"1894","20151.17",1894,78948691,0.077
"1895","20151.17",1895,78990351,0.277
"1896","20151.17",1896,79037178,0.882
"1897","20151.17",1897,79072377,0.224
"1898","20151.17",1898,79121944,0.125
"1899","20151.17",1899,79147353,-0.023
"1900","20151.17",1900,79201550,-0.171
"1901","20151.17",1901,79243889,0.526
"1902","20151.17",1902,79272086,-0.043
"1903","20151.17",1903,79316218,-1.175
"1904","20151.17",1904,79363540,-0.393
"1905","20151.17",1905,79402596,0.212
"1906","20151.17",1906,79444073,0.387
"1907","20151.17",1907,79471795,0.175
"1908","20151.17",1908,79528422,0.459
"1909","20151.17",1909,79553855,0.547
"1910","20151.17",1910,79592311,-0.115
"1911","20151.17",1911,79635487,-0.018
"1912","20151.17",1912,79672614,-1.011
"1913","20151.17",1913,79786329,0.526
"1914","20151.17",1914,79816346,-0.357
"1915","20151.17",1915,79857307,-0.024
"1916","20151.17",1916,79906032,0.346
"1917","20151.17",1917,79933055,0.13
"1918","20151.17",1918,79983538,0.384
"1919","20151.17",1919,80015764,0.703
"1920","20151.17",1920,80061767,0.317
"1921","20151.17",1921,80104116,0.265
"1922","20151.17",1922,80142367,-0.212
"1923","20151.17",1923,80167990,-0.337
"1924","20151.17",1924,80214693,-0.205
"1925","20151.17",1925,80246921,0.311
"1926","20151.17",1926,80297095,0.353
"1927","20151.17",1927,80338923,-0.18
"1928","20151.17",1928,80385267,0.507
"1929","20151.17",1929,80415818,-1.153
"1930","20151.17",1930,80448259,0.359
"1931","20151.17",1931,80494344,0.63
"1932","20151.17",1932,80532939,-0.251
"1933","20151.17",1933,80584613,0.651
"1934","20151.17",1934,80615236,0.328
"1935","20151.17",1935,80650677,0.532
"1936","20151.17",1936,80691433,0.137
"1937","20151.17",1937,80742380,0.299
"1938","20151.17",1938,80775771,0.444
"1939","20151.17",1939,80815529,-0.094
"1940","20151.17",1940,80866387,0.716
"1941","20151.17",1941,80893276,0.163
"1942","20151.17",1942,80939007,0.363
"1943","20151.17",1943,80969143,0.67
"1944","20151.17",1944,81019200,0.09
"1945","20151.17",1945,81055703,0.043
